id,Rings
90615,9.67420187130203
90616,9.696221315306081
90617,10.278836558929296
90618,10.102887635649486
90619,7.645252822710863
90620,9.434949321286844
90621,11.145706049022667
90622,6.316585356890721
90623,7.9793189554605295
90624,11.22967586732218
90625,11.680744269417321
90626,6.190651733809939
90627,9.967248012221717
90628,13.46185061859082
90629,7.430885534721725
90630,7.408078994348567
90631,12.05192167038467
90632,5.784899669686709
90633,9.905371761686446
90634,10.08914744420402
90635,6.258918595254018
90636,7.2279141609886945
90637,9.490680153478953
90638,9.257697677529542
90639,9.716853945063793
90640,10.62489509603841
90641,8.483447384322947
90642,10.50096517403999
90643,5.6078498952201485
90644,11.011599284222232
90645,10.39167135221516
90646,9.446588171880732
90647,12.688086532193626
90648,12.53604511637331
90649,13.562426309871313
90650,10.04020209920814
90651,9.180625171658466
90652,8.485661551605357
90653,12.491670445785491
90654,6.233593645014226
90655,8.152387200135166
90656,10.50651664919392
90657,8.361128737465684
90658,6.878544035600636
90659,9.506460578834623
90660,7.215690936253646
90661,8.31069955916104
90662,7.30983853255785
90663,9.386214167101938
90664,7.603984941541836
90665,13.187192260637747
90666,9.183663261867506
90667,5.725910004405167
90668,10.122734249517272
90669,9.88990078553027
90670,9.579178187968072
90671,10.368356099390764
90672,9.03823978373625
90673,12.84494618930072
90674,7.46490071688778
90675,5.353539229002534
90676,11.47094773617302
90677,11.774786535794677
90678,4.662855734962851
90679,9.252924376543366
90680,9.618052987644793
90681,10.176344587364401
90682,15.106513793356061
90683,10.608400147366837
90684,11.242599762430414
90685,10.884558558409491
90686,7.14220707097459
90687,10.381680744491053
90688,9.004153911855406
90689,11.158345892071315
90690,17.584340973405602
90691,8.104981469879922
90692,10.627566934364049
90693,11.960759021208844
90694,9.33604954997189
90695,8.903055721254576
90696,9.761808821025678
90697,7.390177643782787
90698,9.871725047170786
90699,5.135222309283253
90700,10.91224412594605
90701,10.37262573612259
90702,10.122399345374669
90703,12.652555513482636
90704,4.945322515132501
90705,11.126606263488265
90706,11.566677228365283
90707,6.191576337026833
90708,8.506646860324183
90709,9.258752273494972
90710,10.044424856029076
90711,9.508574142511122
90712,8.976812806019268
90713,15.18018532232096
90714,7.241518024031981
90715,8.749543466617665
90716,7.454548316297803
90717,9.457363834403532
90718,4.311865530338212
90719,5.593611487018738
90720,11.025564012422162
90721,9.288148791672855
90722,9.193357928007863
90723,7.992177275838349
90724,9.626743497478717
90725,6.633098276091654
90726,7.7056205451469495
90727,8.84293972698423
90728,10.365018540072468
90729,10.242910495102155
90730,10.353876226199096
90731,5.794785446563515
90732,8.012746812969437
90733,10.999930060142589
90734,9.249194871005608
90735,7.999648218989852
90736,7.676516070722842
90737,5.7383261298447055
90738,7.017660425194651
90739,15.188465220481088
90740,10.58079529646859
90741,5.584957205490288
90742,9.599115910063965
90743,12.39037860021467
90744,7.196862271753456
90745,8.260969676515069
90746,8.006008160356684
90747,4.189753456765888
90748,13.615576328950052
90749,9.570925982873149
90750,4.192939002579399
90751,7.227403436073888
90752,8.27519100347113
90753,8.422311308462577
90754,9.308851942556377
90755,9.223003310416827
90756,8.916659400757247
90757,11.679750858364878
90758,8.913745555702913
90759,7.443943318568822
90760,7.802050198132585
90761,10.00178826239736
90762,9.384413103868074
90763,9.25061922063789
90764,13.193459853409825
90765,10.958090458240275
90766,7.474207719749101
90767,14.296724757230436
90768,12.762488649199113
90769,6.207953241047993
90770,10.87902316414501
90771,10.275046759249062
90772,5.844335998430792
90773,8.060876074165105
90774,7.399066051351769
90775,9.795705498847724
90776,7.453872187785874
90777,11.316660944331415
90778,10.36777036152807
90779,10.225254021623858
90780,10.303625033216054
90781,11.273021572578743
90782,7.7426136749658
90783,11.19876216579932
90784,6.693895193671564
90785,8.164902236277062
90786,6.114712283800648
90787,9.056980948868155
90788,4.144639392586262
90789,11.297281671806854
90790,8.581279033744394
90791,6.770808841642696
90792,6.698866789075346
90793,6.5459559771995846
90794,5.800029076291258
90795,11.621488618285303
90796,11.018408255197324
90797,10.01523330537685
90798,11.65558022033431
90799,8.495793661175849
90800,16.123263504958985
90801,10.532104023313417
90802,6.902110509250656
90803,11.426683050076134
90804,16.227839328624405
90805,10.58339052802084
90806,8.689553377640985
90807,10.575732678954582
90808,9.698487716702187
90809,11.538714262866128
90810,9.57367654303298
90811,9.361430239824951
90812,6.0149418864476285
90813,10.192772361799488
90814,7.327052210160505
90815,8.053598451196311
90816,5.478603777790108
90817,9.96278555092043
90818,9.067846440837398
90819,6.977364392328549
90820,6.837499493090675
90821,9.871455533001466
90822,6.9949269855532465
90823,5.871779825645822
90824,12.87606810979759
90825,8.305584661140127
90826,5.598392446803027
90827,4.147387231541327
90828,10.206601215898756
90829,11.380935872397998
90830,9.310590661595324
90831,8.4704926450699
90832,9.43586020967676
90833,11.914564957966297
90834,10.04759807492636
90835,9.402907633819177
90836,8.813518171971333
90837,5.339150748028271
90838,10.832020648856375
90839,8.13096945286488
90840,9.186146633439218
90841,10.750835266248785
90842,12.728517074250801
90843,10.87617945331264
90844,13.203592249250118
90845,10.988812849092099
90846,12.79872006102302
90847,6.987814297761387
90848,9.765564858019555
90849,9.641309053320592
90850,8.964617051140275
90851,13.550343344038922
90852,6.252195939014478
90853,11.143659483315478
90854,11.700104027696067
90855,6.951028134795102
90856,9.359580647386323
90857,10.908745839997714
90858,11.65337207513278
90859,10.53464598981174
90860,12.407989314165059
90861,9.780724042945186
90862,11.225610776463636
90863,9.119768701861357
90864,8.708646374603816
90865,14.798714018318515
90866,14.84383486483176
90867,11.510808190103333
90868,12.718448361586471
90869,8.078409731347653
90870,11.958699788923074
90871,11.755948007786085
90872,15.111078822749425
90873,7.67388890261432
90874,14.577866376381218
90875,8.51839875692863
90876,10.544112083135204
90877,9.396807941454401
90878,7.997136921590578
90879,9.215440453593178
90880,8.182355009695268
90881,12.885400710054743
90882,10.629093931976254
90883,11.251443945678606
90884,12.14905560060695
90885,10.506444938253745
90886,14.123553238725103
90887,5.609687591441943
90888,9.396609155058943
90889,13.388757552549862
90890,10.347008583001465
90891,11.228066276743773
90892,10.32044190242623
90893,4.160921786604861
90894,11.516998085477749
90895,12.080226016511144
90896,6.685483784025744
90897,5.610193694512979
90898,6.022793367589658
90899,14.026980593470592
90900,11.416960385783302
90901,12.000942202932196
90902,8.738976744029713
90903,6.706358485568337
90904,7.143277401270501
90905,8.147802760508059
90906,7.508241485296016
90907,10.716609631982475
90908,4.390246653459989
90909,14.374083978653768
90910,9.46698061030281
90911,7.959043768469913
90912,17.14067049723057
90913,9.4071956948472
90914,9.112965657839137
90915,6.952650921091883
90916,8.932196238045615
90917,12.716598998056408
90918,7.627385588155628
90919,8.757108384412785
90920,11.596869087997868
90921,6.85475899462809
90922,7.6131813105244674
90923,9.765760033027892
90924,9.988595642256914
90925,11.037674544196253
90926,10.814739123788682
90927,10.49643109980985
90928,13.477065213136779
90929,12.75463328823528
90930,10.388723001989593
90931,11.243935911747283
90932,13.766610708207
90933,10.307868537814704
90934,14.441894659720493
90935,8.662926790086182
90936,10.419797565283366
90937,11.08964122819753
90938,9.508151670245502
90939,9.480645780296758
90940,8.010947207390098
90941,7.461948528331777
90942,5.422545946878593
90943,12.336259506568407
90944,7.044611412947511
90945,9.977441688781212
90946,9.054119179059704
90947,10.85827363609735
90948,10.68887901318737
90949,12.374631566171734
90950,10.78568554810754
90951,9.723451485767447
90952,8.21054598305304
90953,7.140177796180336
90954,11.5828392023237
90955,8.390912625838252
90956,8.311869747474129
90957,10.6483842338662
90958,3.9467359108711015
90959,7.300123321405756
90960,11.421098069368009
90961,7.152253707340141
90962,11.331924606526458
90963,5.588794214337351
90964,12.253124127825277
90965,6.4131742513496075
90966,10.893168456698026
90967,9.887759840327217
90968,11.890286636994427
90969,9.786049946587188
90970,9.811984220862131
90971,7.591522914028315
90972,9.865529676649373
90973,10.634521144240665
90974,8.938753467054203
90975,10.94689061782619
90976,8.185145495151868
90977,8.458907183964465
90978,6.560684249284009
90979,9.53064053255877
90980,9.148815002855281
90981,12.273135151000895
90982,12.560240629134878
90983,4.17818240450821
90984,9.411352356450445
90985,6.311289429634302
90986,12.915054721596857
90987,8.541213371301284
90988,8.523979061312083
90989,11.608311556890047
90990,9.904765987787457
90991,7.953212043519642
90992,4.7119208881614885
90993,9.000329521039605
90994,12.026082488200235
90995,7.037732205838448
90996,14.722049982760666
90997,9.65102703072068
90998,7.018079428845796
90999,6.199956671118565
91000,12.395096636333829
91001,7.478255193618153
91002,8.35290120189585
91003,10.599628314538416
91004,9.555339459653021
91005,7.849736350733982
91006,11.78528767118895
91007,8.326466573389569
91008,7.759018137249711
91009,11.743305984225099
91010,10.006299729239657
91011,10.090573548757119
91012,9.06732603065051
91013,11.066869988320054
91014,9.256271621998215
91015,9.054319032556577
91016,7.588554805894631
91017,12.09655364791239
91018,7.288806619180595
91019,11.370095084014665
91020,8.27007729600913
91021,11.640440854256667
91022,8.341735131475872
91023,5.2962097790949
91024,6.983227591277607
91025,11.891262171442053
91026,9.17312735605649
91027,7.371331796980354
91028,11.692554992084771
91029,10.288903667250379
91030,8.751441813551804
91031,8.738692077404435
91032,6.802979938193573
91033,4.5642261899821275
91034,10.995243946615336
91035,8.948283714659434
91036,12.970031862341461
91037,7.124785366498007
91038,13.105909921904694
91039,11.136781638537506
91040,9.008156777464414
91041,7.809155327321503
91042,10.162760595644809
91043,11.424385442946283
91044,7.3638803816294764
91045,7.97251234437095
91046,8.09383725348107
91047,6.987911353091974
91048,10.223378343421018
91049,9.825002984258784
91050,10.29062347376226
91051,8.784984359585014
91052,10.70872221896776
91053,11.149345949163953
91054,8.46565019066275
91055,7.165880607992217
91056,13.152475433175837
91057,11.35471920912505
91058,15.866919768411346
91059,13.215530971504716
91060,9.507445149578976
91061,7.928178392850929
91062,15.452770012459263
91063,8.46348398719164
91064,9.962180462054386
91065,9.362604095472625
91066,9.53389784335135
91067,9.004409910612457
91068,10.630035753807803
91069,8.859297876841863
91070,8.116657616872743
91071,8.003736912389021
91072,5.26909524240361
91073,6.147806564352348
91074,13.147651127269526
91075,7.276181862241972
91076,12.619648247946666
91077,8.198353484309319
91078,6.731382820235593
91079,7.256297500603381
91080,8.87869120675656
91081,7.520491103209729
91082,10.155980987254328
91083,10.624252194175488
91084,7.904060760374877
91085,12.35470562595669
91086,10.92139195835269
91087,11.95960710246753
91088,9.322315084740328
91089,9.585785965697603
91090,11.810758329720716
91091,9.433008913173518
91092,10.060475508632097
91093,7.140949427496809
91094,6.585285597392046
91095,11.405674351661261
91096,11.422880885775422
91097,16.262354375417466
91098,7.075706311032475
91099,6.611933343931509
91100,9.464855688505494
91101,11.57727547567916
91102,7.835897771037398
91103,8.79305579766892
91104,9.734129248352193
91105,15.975095150209308
91106,12.269101759003284
91107,6.6975452817873755
91108,10.114361909211963
91109,11.792822150129261
91110,13.269751358910288
91111,8.441181398607423
91112,8.511741299697809
91113,9.891119243669259
91114,5.720247702824023
91115,10.901971196829134
91116,6.162134773612231
91117,8.70843148375478
91118,6.536043438883165
91119,8.024127894068872
91120,9.817823344639365
91121,9.448711015188291
91122,6.324201406773241
91123,9.896132673850413
91124,13.48292316497376
91125,7.94912788906249
91126,8.210107048581651
91127,6.245442552875155
91128,6.824920058287924
91129,8.87137141110281
91130,9.186126920588086
91131,8.282652448612222
91132,12.648078754345235
91133,11.302525215659152
91134,9.877787002535829
91135,7.198166645305473
91136,10.062031484646413
91137,11.135139842358242
91138,7.983003080457186
91139,8.830965841996456
91140,8.73651909744221
91141,9.111258551160613
91142,11.069729410255592
91143,6.725330732190147
91144,11.181282867940581
91145,12.631313244465032
91146,5.584959157967735
91147,10.287551810422794
91148,12.182631045040305
91149,7.419738401461939
91150,15.146976821567955
91151,10.88572749097828
91152,9.26255812868444
91153,9.33914396808809
91154,7.509150839647044
91155,10.898517762347584
91156,6.692497487056093
91157,11.59691237315321
91158,9.142229791950493
91159,9.283686772285012
91160,8.857814162943633
91161,9.527241537922027
91162,11.68601645241029
91163,5.793934350076699
91164,8.939416409810422
91165,11.458204776861054
91166,10.202587530602376
91167,8.62747403611172
91168,15.79538862172908
91169,9.025562865834912
91170,7.018422615331086
91171,9.204324584791108
91172,9.123318324362463
91173,11.730500911427217
91174,6.408072342076091
91175,9.590566322408291
91176,10.783481716658997
91177,11.491854294675669
91178,4.565544569198005
91179,13.893299794984841
91180,12.62392673742776
91181,9.059879868049984
91182,10.375414103186376
91183,7.135600202010096
91184,6.711378460444098
91185,11.753615002235662
91186,9.551765647341096
91187,9.081117970354015
91188,9.43008589470068
91189,11.66911555202742
91190,5.736026702308938
91191,8.532637295798494
91192,12.342027165441417
91193,8.129959308737373
91194,8.013789829228108
91195,7.938127026830148
91196,8.620874605121433
91197,8.275992599254371
91198,7.117738314825866
91199,7.1736383968847734
91200,9.797616975328413
91201,9.661465867096307
91202,12.207385140156282
91203,7.910473805305062
91204,7.1663829079851995
91205,16.718528957657078
91206,11.52949395514117
91207,13.608700048085229
91208,10.544196692890477
91209,10.429676949724223
91210,6.630909991263259
91211,10.57655410205612
91212,9.267521810016998
91213,6.15150972296332
91214,13.38718865730004
91215,8.733112093941005
91216,5.562456602484509
91217,8.365800186436605
91218,9.297386790557214
91219,9.832974648627044
91220,10.373989658375137
91221,6.923382856204019
91222,12.800955036980218
91223,11.50645754824534
91224,9.619371569322237
91225,10.15513577295474
91226,11.597863072005303
91227,6.982295821492743
91228,9.202354916939871
91229,9.615747926655242
91230,11.049894147216095
91231,12.005901162294608
91232,7.047990231650353
91233,14.736091637622986
91234,7.454442760212615
91235,9.368825700439876
91236,9.849446898236758
91237,7.246563895254459
91238,8.176512334276726
91239,8.744141052686135
91240,8.751507323030529
91241,12.077584760383296
91242,9.832209037295717
91243,10.304231952265104
91244,12.81407811740325
91245,12.277927449563625
91246,6.931478837665364
91247,9.320184821136523
91248,10.88190912447715
91249,11.502217484043697
91250,7.056374974017203
91251,12.576622868736882
91252,12.158397186414442
91253,7.992744721527378
91254,6.772016434223511
91255,12.89284622736497
91256,10.112636719929275
91257,7.181099303454627
91258,8.192785011828606
91259,14.0698903792063
91260,10.022577019921583
91261,8.790645876650895
91262,9.18963531361991
91263,6.167418467769141
91264,8.915704339658982
91265,6.90372835125698
91266,10.905520175357006
91267,8.013641777522412
91268,7.104187673284725
91269,11.921190065511805
91270,16.9388902819582
91271,6.916840061399377
91272,8.944917286377505
91273,13.511836630672283
91274,10.032023629886382
91275,9.38206554317689
91276,12.751895981436327
91277,11.474238458845612
91278,11.25420726147463
91279,8.654871840197398
91280,8.946577471289947
91281,7.27051389810301
91282,11.054942601426045
91283,9.659270356417638
91284,9.287539758279124
91285,9.585734928986644
91286,8.49652851489259
91287,9.460996921525114
91288,9.549270529974578
91289,9.342767031293771
91290,7.358693471099725
91291,7.313942963608747
91292,17.564976298790366
91293,9.941588065855761
91294,9.142312755454013
91295,14.009001775233283
91296,9.318468563009422
91297,12.214038004603575
91298,15.223304602824195
91299,7.870711782703923
91300,7.957338221547704
91301,8.664175813888052
91302,9.318213540412573
91303,9.47771709855326
91304,11.114418448867642
91305,10.363390082888298
91306,6.1505203786415645
91307,9.06014284125737
91308,10.834234601410314
91309,12.465372577812182
91310,12.196388597980862
91311,8.259503326980864
91312,10.387354059102066
91313,9.590241183266556
91314,6.390821204999051
91315,8.966061066930566
91316,7.4341706900837465
91317,9.813505701847703
91318,8.308582189175619
91319,7.311375603717435
91320,8.181011057324984
91321,8.0671925303547
91322,4.608417495732531
91323,9.245276451350978
91324,7.427258049993009
91325,7.242280756256913
91326,10.757469724357701
91327,13.933565535557198
91328,10.78869291676752
91329,10.246835156975745
91330,10.161778156355242
91331,9.144144118113566
91332,13.969344621470189
91333,8.543635843843377
91334,10.823837204749742
91335,4.35599387405797
91336,13.980958965513178
91337,10.923042091263873
91338,9.563056971508704
91339,10.638413042137637
91340,7.654662612105045
91341,6.188212811484989
91342,9.65186674933311
91343,7.223865889480092
91344,6.670531793472442
91345,7.393943071466772
91346,7.737241117451951
91347,12.02994379986582
91348,9.40490613208826
91349,9.999789359445986
91350,4.04705042655489
91351,12.117133873501597
91352,9.162896031313831
91353,10.578536894097487
91354,9.848712417828088
91355,7.438179011054875
91356,12.322381616803256
91357,11.671508454046622
91358,16.074774935265797
91359,11.794226885482322
91360,5.892954978693034
91361,10.02338272683591
91362,8.49719580514754
91363,11.434521170875678
91364,9.02400103731796
91365,8.655008520580145
91366,9.529475894246893
91367,10.833723465405525
91368,6.867414978731551
91369,9.5330411327484
91370,10.736265025607146
91371,8.297947053907347
91372,7.000870667633419
91373,11.25220413456563
91374,6.642077877334889
91375,9.031677486248118
91376,8.455964761087154
91377,9.87576799250525
91378,11.516120087997045
91379,7.060078102638267
91380,9.518837144171528
91381,11.461702405986014
91382,4.508213962047698
91383,6.978512492312563
91384,8.532675626806974
91385,10.737494156960556
91386,9.642958969185397
91387,10.914662022452303
91388,11.807214887679866
91389,6.139575267064145
91390,7.521388840694594
91391,7.5332069301899764
91392,11.44757562357746
91393,8.691000595699057
91394,9.797132671227798
91395,10.284701012112956
91396,10.531041806098562
91397,11.669277282858442
91398,11.131160308238211
91399,7.9523079181953
91400,6.590761764900914
91401,9.64088553171413
91402,12.767817469956295
91403,4.780493922596185
91404,9.376572211018294
91405,11.243674062290989
91406,13.248516237002182
91407,7.215684213756373
91408,8.51640688445155
91409,11.923451202465136
91410,9.16286744115294
91411,11.179144603304644
91412,13.00952820854675
91413,9.308061308856583
91414,8.285551949058311
91415,9.365449714576261
91416,9.536791550272696
91417,9.165957093703081
91418,12.037394697860737
91419,11.446471870589566
91420,11.77299255115975
91421,9.486046872072944
91422,9.51695401742143
91423,14.276259297925844
91424,7.119462538432207
91425,9.850059325677432
91426,7.7069877601885795
91427,8.918108352458418
91428,9.938381320335814
91429,7.466991412342999
91430,13.62945959452989
91431,6.685471758790927
91432,16.354699716409055
91433,7.375992405884013
91434,11.654448720623552
91435,11.227610423308331
91436,12.147224528527294
91437,10.863437136293348
91438,8.22319459126875
91439,12.302027849740696
91440,12.980068080803942
91441,7.63760890681476
91442,9.968749439910889
91443,14.13599052464862
91444,10.778186699813492
91445,9.605466962059847
91446,6.633141205070186
91447,15.663753105219707
91448,7.148608021878545
91449,10.531505455376305
91450,13.980908271772133
91451,13.230205909792057
91452,10.673527320122787
91453,8.20895288038228
91454,9.699474198953455
91455,14.920891568470775
91456,10.866303781428472
91457,6.366920824827307
91458,9.201465755878466
91459,10.887338538718629
91460,10.405352153774832
91461,10.868965841557912
91462,8.426044408257859
91463,11.375649565597048
91464,9.353532267082374
91465,9.483959974673253
91466,10.29606675979694
91467,18.224306254706754
91468,10.74341613510982
91469,12.309359976034623
91470,7.69626638889566
91471,9.89925294286471
91472,4.092684639087707
91473,10.201788712402953
91474,10.975427543656705
91475,9.835026058053476
91476,13.744213542023621
91477,7.179740354710923
91478,8.741054843138752
91479,4.325542334770926
91480,12.154681973655528
91481,14.390851020860264
91482,9.315261888665164
91483,8.195432608900472
91484,6.451972555592228
91485,10.105962817505
91486,9.659565466481904
91487,9.206699898943297
91488,12.338739465276879
91489,14.023973921929763
91490,10.898678162466902
91491,7.579861990486018
91492,10.196615065631072
91493,7.4464354298394015
91494,10.824102878554095
91495,9.954343580481382
91496,10.60198814716555
91497,7.98741843321601
91498,7.806227299947101
91499,9.484519567248727
91500,9.549126925976287
91501,10.312358254200642
91502,10.419937018431487
91503,9.416548532168923
91504,7.910301867535949
91505,7.826792956112844
91506,11.9390534800628
91507,11.108399461267826
91508,8.715066376803943
91509,10.905190358137002
91510,11.60261798514433
91511,11.48606227747964
91512,9.833362697979396
91513,8.380469965030926
91514,7.634878522178525
91515,9.727661295988767
91516,9.921155990369645
91517,4.174722610528772
91518,11.608167185804408
91519,7.142967922458574
91520,6.921792685457168
91521,11.122513905064
91522,7.835526620902587
91523,10.97019149624794
91524,7.008964003872343
91525,11.82590499845434
91526,8.186723009342163
91527,8.482153894275605
91528,12.301243539492962
91529,10.165779743670214
91530,7.083574562373575
91531,10.191253917985136
91532,15.626804917659262
91533,14.13391115261608
91534,8.741525858368757
91535,8.970117213976135
91536,10.508519761060196
91537,12.439508357233816
91538,7.944542381102335
91539,8.83827945868818
91540,11.51942763415812
91541,9.368364171051974
91542,10.423008973953605
91543,17.525142646102672
91544,9.236745334118044
91545,7.327248003573985
91546,11.8422505868102
91547,8.997122997265903
91548,10.522444001373534
91549,8.185468564741958
91550,8.552285334295032
91551,8.74253564901919
91552,9.415111934205967
91553,9.883945142668562
91554,6.689475726176541
91555,8.38450268838481
91556,5.785191848881637
91557,10.743887134866837
91558,14.239607311421455
91559,7.890911986089224
91560,9.213050918024468
91561,9.919556077724582
91562,9.733197713098008
91563,7.598297982167518
91564,11.293448308686305
91565,12.86735954694299
91566,6.0844960586203625
91567,9.514810910567224
91568,10.763031315446176
91569,3.975804694673728
91570,9.845692797313163
91571,9.660206726292902
91572,13.036636495122327
91573,7.969169258466249
91574,10.480315451132096
91575,9.984104724012294
91576,8.854092082786948
91577,10.586495021288401
91578,8.642372338107878
91579,10.503237020283786
91580,11.125603062379179
91581,10.400104483909182
91582,11.047232997723441
91583,9.183204844780935
91584,9.396493899567123
91585,11.195728575646164
91586,11.66063387251359
91587,6.523697190583084
91588,11.540353119247214
91589,5.700181056514436
91590,10.976618675894002
91591,5.704008793864605
91592,7.295025374538194
91593,5.364933911267945
91594,8.21869674606609
91595,8.007050845386809
91596,7.157503367509369
91597,9.121321207791103
91598,11.123744870097031
91599,11.36318502161858
91600,9.079065246639392
91601,6.714282766473285
91602,10.669508900513955
91603,8.204095365771975
91604,9.536329532796982
91605,8.51160814609276
91606,10.6529538509722
91607,8.65041598006295
91608,7.556306820662529
91609,15.14543528333698
91610,9.763854221297962
91611,9.515314142724007
91612,11.804085560582
91613,9.924728146332768
91614,11.756189422272595
91615,9.524235054837284
91616,8.754505622322721
91617,7.139260371141607
91618,9.286375712219012
91619,9.358138259128935
91620,6.612204210700163
91621,9.77136441875365
91622,8.89407946413058
91623,16.50215275380787
91624,8.8257534808096
91625,6.098882289229705
91626,9.488449631654763
91627,9.859820680334952
91628,10.585316955379895
91629,10.468396245698646
91630,10.38137754444072
91631,8.4995813867383
91632,10.393281108782226
91633,11.33677483955154
91634,7.660109538027891
91635,9.169384212921596
91636,7.057163853097995
91637,11.472449319766998
91638,10.983044780875296
91639,9.76481143742184
91640,8.644792394362433
91641,5.773510641363491
91642,10.71774895750913
91643,8.819356780981256
91644,10.355266560794941
91645,5.784235593947473
91646,5.644705135611377
91647,12.793744872703085
91648,8.797814041974103
91649,10.261191674350822
91650,9.041620021498124
91651,8.375214311817206
91652,9.852195637169075
91653,7.230657950529763
91654,6.621979386278435
91655,13.684377982489007
91656,5.551403233157707
91657,7.5363625686502385
91658,6.341537629098929
91659,9.962608522406105
91660,10.323977277900404
91661,9.171041655113031
91662,7.416707452272291
91663,4.163322118115724
91664,10.310080761296422
91665,8.780937146495667
91666,15.660784388337579
91667,6.507818541429566
91668,18.720549757587335
91669,9.832844192489398
91670,7.273587505805334
91671,7.501777491578814
91672,7.267924014139334
91673,10.448211987485887
91674,10.498830244493316
91675,10.659215042403915
91676,9.592127130074513
91677,14.37127873148911
91678,6.374589528416747
91679,9.415252988146799
91680,12.984353895342661
91681,10.920314558708169
91682,8.410994328639756
91683,4.680400085969639
91684,10.210522527872115
91685,7.223633230498071
91686,8.714614913128573
91687,10.110711302078425
91688,16.95889655034142
91689,10.096377306795624
91690,7.612410335801852
91691,4.881797981242566
91692,11.814107083703444
91693,9.504264190592561
91694,9.602303816298166
91695,7.564457105389617
91696,7.169809914328381
91697,9.607785557077975
91698,4.1078398494320645
91699,10.777243340412953
91700,7.865441974922997
91701,11.73420041991555
91702,10.378241112495758
91703,11.361443279389027
91704,7.765625714715876
91705,7.6027299796820555
91706,9.111386588697892
91707,10.102065917287137
91708,11.759054376703318
91709,11.274979024207589
91710,9.945062637381287
91711,15.552612277586354
91712,10.549973943247693
91713,13.307128981307514
91714,13.62085015476247
91715,10.500416253881276
91716,13.098221982220673
91717,12.401363017561883
91718,10.297010304825088
91719,12.867333787612413
91720,9.85175944803853
91721,11.261501021612947
91722,9.452569690438784
91723,14.881605647188575
91724,7.256422673473428
91725,12.7524138093125
91726,8.469704186429755
91727,4.404107930077552
91728,8.913327458911771
91729,13.070507980324882
91730,9.922177375035497
91731,15.120664800761768
91732,7.186953281596179
91733,11.729527008046734
91734,12.726218008177451
91735,7.706378513868858
91736,6.200181881106839
91737,8.016056010711887
91738,8.973127061041422
91739,10.450421253701789
91740,12.536442326433935
91741,9.878358504962128
91742,10.185518171440162
91743,8.635100095984864
91744,9.634721467286159
91745,7.9406084092440326
91746,12.979139384698069
91747,7.8268098231305245
91748,11.01485780586179
91749,15.195460801456145
91750,8.999455122513302
91751,6.079134588580982
91752,6.181893199488128
91753,7.012882519507707
91754,11.639709267903264
91755,8.251758596593593
91756,9.642494888355099
91757,10.774360565174579
91758,10.032444641000156
91759,10.392690563330238
91760,13.360886316487697
91761,8.19746323634294
91762,9.928266340013948
91763,4.830462625191489
91764,10.890340222341363
91765,9.951224868707992
91766,7.889676108928109
91767,8.366795126856207
91768,10.45780998269204
91769,13.360108301743017
91770,6.938762369298066
91771,14.168006238209225
91772,9.474111768934767
91773,9.717437396124483
91774,11.794560101757142
91775,5.997302817767073
91776,11.14157282488613
91777,4.456274217925537
91778,14.945312339622964
91779,9.145032523793821
91780,6.935990348576453
91781,9.14874376809867
91782,13.606922848180385
91783,9.857849314406574
91784,8.407987062356037
91785,11.640411338589116
91786,9.33985601422253
91787,12.893719976940833
91788,12.636490326666307
91789,9.328607442801149
91790,11.41615862314529
91791,7.215818641471964
91792,5.734371395485169
91793,10.902511339549955
91794,10.0563478577718
91795,17.66363411086668
91796,7.418490316422121
91797,13.627077287986916
91798,8.06391278432683
91799,11.788275988146285
91800,10.965738794150928
91801,9.359226063729198
91802,11.155331573056312
91803,6.304672369564412
91804,7.349387922563824
91805,13.475620359807612
91806,7.56353047257244
91807,5.675442011241659
91808,10.592296991580927
91809,10.893933585796505
91810,12.327877029330805
91811,10.851581083032553
91812,7.0637382522216425
91813,7.504595508605718
91814,10.419261233253508
91815,10.157025057287393
91816,8.931575842612071
91817,7.474454760428013
91818,7.101680660806844
91819,6.180384444352198
91820,9.160307799646208
91821,5.879112842714848
91822,10.12268501597248
91823,12.635617801711248
91824,7.368215933134171
91825,9.251061080261673
91826,7.811678505505983
91827,9.423684050874655
91828,8.839720489671665
91829,11.929653207961357
91830,6.922647486426475
91831,8.811411432196774
91832,7.350219934334495
91833,9.688214952265726
91834,9.724392894235377
91835,5.5369000662506
91836,7.868322695775381
91837,8.937132865110904
91838,8.744988160355506
91839,12.218656021058106
91840,7.415846748216889
91841,9.891600944107385
91842,7.21513755278455
91843,11.225023076413933
91844,4.882182837542786
91845,12.50420451955863
91846,9.961595431101655
91847,6.72352015382062
91848,9.757449934363544
91849,14.651828719396827
91850,9.238827280007515
91851,10.634558035191557
91852,14.801761098007784
91853,9.759526865247178
91854,6.974821652917036
91855,9.500316521376828
91856,8.417194896974634
91857,7.989404585084904
91858,9.546178468791764
91859,9.002477826781725
91860,8.84400333161789
91861,7.738282622190093
91862,9.063165485160942
91863,7.194155226002202
91864,4.478384886476421
91865,12.401334347716716
91866,6.7813442814292415
91867,10.669148395661818
91868,9.264488742266556
91869,9.261239595606945
91870,11.209290551218203
91871,12.057996258368618
91872,5.284342235599821
91873,12.486785515437367
91874,9.865945234701188
91875,5.96021895737262
91876,8.756282310997355
91877,8.200936506647713
91878,10.22098830498697
91879,6.607859731634926
91880,11.304429257952481
91881,9.504236537204738
91882,15.336962568624383
91883,14.846914774795636
91884,8.979222054821562
91885,5.679661638703317
91886,5.602254724996494
91887,7.744684482941535
91888,9.550796468495255
91889,11.972835339369272
91890,10.312447540099415
91891,12.629957886636152
91892,4.5672177076023805
91893,8.758245400709244
91894,7.103761589488704
91895,12.030464904524575
91896,9.279997271430613
91897,11.067340635790119
91898,8.994653947928862
91899,14.156955714512875
91900,7.265744674217717
91901,9.004919521636308
91902,7.956936486480693
91903,7.188860214383645
91904,11.807422590888544
91905,13.43960999777743
91906,17.36774740222367
91907,10.994652308382346
91908,9.913563950704921
91909,7.198620042932809
91910,15.193192095552025
91911,11.013594825007946
91912,8.322169502576639
91913,8.400351704457114
91914,7.320562745092866
91915,8.955915889113424
91916,10.045660718067007
91917,12.02538979521473
91918,6.875345944953194
91919,8.610352632451116
91920,7.121528615949336
91921,9.658743989368059
91922,13.616577526607818
91923,4.847529602068421
91924,11.723249347629642
91925,11.81457635127775
91926,12.711251148211932
91927,9.480150372327248
91928,7.066810530646467
91929,9.99696724226716
91930,9.530645179067982
91931,13.386181643787783
91932,10.610829358703352
91933,7.0890592080782495
91934,8.60797609108802
91935,9.354827720509274
91936,11.873666134055501
91937,11.253016073532905
91938,9.665668133577313
91939,8.266065409130427
91940,14.005740239117277
91941,10.622029064043547
91942,9.909039507901834
91943,12.322551446437888
91944,7.882123090340808
91945,10.629925900416119
91946,9.88162144659709
91947,10.462732068967629
91948,9.98220431763257
91949,10.48938637327765
91950,10.703179602431316
91951,7.708899107357759
91952,7.7940749938202085
91953,9.838371283115293
91954,11.5837019943714
91955,5.522512581603783
91956,8.811670103892393
91957,13.185648013279295
91958,9.426926779820935
91959,6.883994291241287
91960,9.61013610195607
91961,8.353483619079165
91962,8.617587863328932
91963,9.976887024724961
91964,10.525433404547453
91965,14.102814991050824
91966,12.289854522238155
91967,7.130299383876135
91968,14.312837799578052
91969,7.262154191927726
91970,8.804287461309727
91971,12.182922223203345
91972,9.742387811076261
91973,11.281099353282986
91974,9.091546123334641
91975,7.748913404678018
91976,9.666992981294488
91977,10.982117725727102
91978,9.147813062664323
91979,8.34611962367197
91980,7.166392299302155
91981,8.633512086462908
91982,9.367995401001874
91983,6.943208362122794
91984,6.643916740799634
91985,6.109157056105758
91986,9.877259320352136
91987,8.01622436031584
91988,6.806701699409982
91989,8.398626165640897
91990,9.030167503758836
91991,8.07823379984565
91992,11.57691602683492
91993,15.689451561732108
91994,4.38171045327277
91995,9.167341172515842
91996,11.190869780023137
91997,10.439082634484391
91998,9.05579036948638
91999,9.312654589901948
92000,8.070520860288202
92001,11.519328053898164
92002,9.85228658036964
92003,10.297910211506403
92004,9.553045039644473
92005,5.721594784816417
92006,9.635739712975335
92007,10.891964731733987
92008,10.030430564334532
92009,9.138492823229456
92010,7.2432792471433105
92011,8.386473157411789
92012,11.075153943072742
92013,8.38899291501583
92014,9.373812119839899
92015,6.767582945053147
92016,10.662656668850056
92017,8.01784739968194
92018,15.40196588009617
92019,10.683494068251672
92020,9.12282404499992
92021,7.643818593898764
92022,9.41287215806816
92023,11.21467666832507
92024,12.530305550783236
92025,15.116307552255858
92026,9.099768181900373
92027,5.11370672892166
92028,6.493586333314028
92029,11.909198588307376
92030,10.847510379966282
92031,7.962763921235124
92032,6.878507021371514
92033,10.571303048442147
92034,7.381743354937984
92035,9.62263241289099
92036,10.36647755497118
92037,6.912310343120792
92038,7.221804555456593
92039,9.686357826312827
92040,8.16599385360979
92041,7.954399034322208
92042,10.494226987315995
92043,13.131389256746138
92044,8.484842562630703
92045,4.775223169079325
92046,17.46303407128005
92047,9.811191608085753
92048,9.089735311079384
92049,8.567926855398019
92050,11.381447892586806
92051,7.219395378937894
92052,11.507357028186256
92053,11.374618275596665
92054,6.831926798782757
92055,10.350289209824227
92056,11.712409199388492
92057,9.962244885733432
92058,13.641102606240135
92059,8.2948964758593
92060,9.091890726353475
92061,9.143161537251036
92062,8.070284659937153
92063,6.871551982575307
92064,15.051945296732768
92065,12.57727951680636
92066,10.56344258756445
92067,5.0290751134996095
92068,12.094388614819469
92069,9.274812842723168
92070,11.35681625623976
92071,12.257740890639564
92072,8.30180225813903
92073,6.760129660308465
92074,11.887842066858926
92075,9.154660374214101
92076,11.564610970749484
92077,8.500287814976693
92078,12.27628011371336
92079,8.698957742629375
92080,7.646205916929405
92081,8.999925541196792
92082,11.177747974267556
92083,10.12958704648029
92084,11.367142127718166
92085,7.649376930979818
92086,10.886906148303789
92087,4.739979554738277
92088,7.533187189127861
92089,8.719483516970534
92090,17.48475108698876
92091,6.555685471465097
92092,7.6909614420569765
92093,7.531124180792252
92094,8.839792773079633
92095,8.46786854722644
92096,11.78204357633555
92097,11.430183948377255
92098,8.114948536782189
92099,10.462643911796864
92100,11.294931640939557
92101,8.905317716128142
92102,11.546076153485096
92103,4.7807873822354505
92104,11.845960875685133
92105,8.199577786119438
92106,13.21799327733163
92107,4.982245472125326
92108,10.330615415959189
92109,14.297047326046851
92110,6.820618291729765
92111,12.691291164187243
92112,6.131898088690121
92113,6.840740909568955
92114,10.296362518007253
92115,9.716565869887642
92116,10.629678897872031
92117,9.394269829643887
92118,13.618220550326452
92119,5.73214639255392
92120,5.608931653514928
92121,8.736854418184398
92122,9.580308772891133
92123,11.099426314110495
92124,11.784420811240121
92125,12.507099715817095
92126,8.639640670392964
92127,7.491323573656419
92128,5.530488063632141
92129,7.494736679901434
92130,7.398957833459434
92131,6.839960829303034
92132,9.851362558367551
92133,8.193758642321725
92134,13.736543539878767
92135,5.849893797045411
92136,8.291061820383847
92137,7.318366559129393
92138,5.277378352419467
92139,11.150076826520786
92140,6.819793114076495
92141,5.961622823461566
92142,10.32841877064991
92143,7.0323332398460945
92144,7.918630906726068
92145,9.637678170642857
92146,8.769563495602748
92147,6.713985770314233
92148,9.983871670664314
92149,14.832177714146848
92150,9.48840821367446
92151,8.577302888915657
92152,13.147991308457694
92153,7.765914100583059
92154,13.58157782546067
92155,15.703719796544101
92156,8.266620565951829
92157,8.283682974629865
92158,8.949269648807997
92159,12.74043300097741
92160,7.323600049387709
92161,15.804285981884746
92162,6.61963782873085
92163,10.551282010492852
92164,10.418608627644273
92165,12.400687161202315
92166,10.161434296533509
92167,15.073308466233971
92168,8.25175984918071
92169,12.563614945950105
92170,8.236315071707867
92171,13.961934297459687
92172,8.389089283698663
92173,10.17863154484434
92174,11.061928177068221
92175,6.646811150664284
92176,7.690002870828661
92177,9.775337987519212
92178,14.152281984845633
92179,9.152596225146464
92180,7.701710936133776
92181,9.56788485646734
92182,8.936218754797265
92183,7.306885597897638
92184,11.899388171381997
92185,15.375032616121857
92186,12.548593319448262
92187,11.784150911501312
92188,6.919618408599876
92189,5.115722645887166
92190,8.671718947370115
92191,7.845380584952855
92192,11.004454916435842
92193,6.8650688746830655
92194,8.582913693445335
92195,5.302360636780408
92196,9.310854277967803
92197,6.867184565572849
92198,9.185112390133982
92199,8.87819737305537
92200,13.81831736650994
92201,12.766732627310912
92202,7.896991646861409
92203,9.505079998319683
92204,10.45252650719459
92205,8.117015054553468
92206,12.962703467060114
92207,9.923942905977366
92208,5.0271838001978555
92209,8.934948393703445
92210,9.168747072748214
92211,8.06165168510268
92212,9.297759890501503
92213,13.951816127497256
92214,8.97807268062348
92215,9.955656875269742
92216,9.894082916046981
92217,5.93326153639048
92218,6.34187973874767
92219,8.734112325308724
92220,9.553204611918442
92221,10.23146288528681
92222,9.742305674282445
92223,7.359998284224764
92224,10.18246691225966
92225,8.510870609035473
92226,9.69855475864406
92227,10.324479382781146
92228,11.097409530709243
92229,7.427556262814647
92230,10.518834439461326
92231,10.375271815256331
92232,16.91454427371662
92233,12.522489628962344
92234,4.777870758709152
92235,10.855368856715863
92236,12.223736109235546
92237,9.603743648419659
92238,8.224119544900898
92239,6.849055228245692
92240,9.915955919522471
92241,8.85901923539894
92242,11.06081100161975
92243,8.882272210473657
92244,10.74516439983942
92245,8.514041433264554
92246,9.608604152466322
92247,13.551884089767848
92248,9.20757578581828
92249,7.533777469432804
92250,9.57305222256223
92251,9.317226270941749
92252,9.629791738126597
92253,6.901378244030276
92254,5.031677423598277
92255,8.366860517699056
92256,7.971273271590721
92257,10.658530532274586
92258,11.623225487989973
92259,8.900236567960857
92260,11.27808722825873
92261,9.625732145983472
92262,9.814350648741332
92263,12.809898149297592
92264,8.466988515714698
92265,8.003130867905924
92266,10.170243853318258
92267,7.389419392281101
92268,11.773177139672583
92269,12.059671641670098
92270,7.774984708581559
92271,6.955332250699476
92272,13.807584523150336
92273,11.991066709795806
92274,12.683043011984802
92275,17.23164229927388
92276,11.74527878406671
92277,8.853223785441644
92278,11.64332113255962
92279,9.132450399889635
92280,4.522981103288773
92281,13.426538128062514
92282,9.196220063553266
92283,8.897600702139515
92284,7.56449484333123
92285,8.591093372833432
92286,11.859549407420236
92287,9.274974499517391
92288,4.50348797016614
92289,7.542965426231447
92290,5.789884080637154
92291,5.823608696600494
92292,8.53002593489207
92293,8.77459970928613
92294,14.77072146315065
92295,10.689352265085638
92296,10.223849280147276
92297,6.51531144057265
92298,12.144164583708116
92299,11.251412591282133
92300,9.809203291048064
92301,8.653611885776261
92302,4.961137272071346
92303,9.14499143992064
92304,11.144612891343888
92305,9.400543994536237
92306,14.131642551834421
92307,8.057614681222566
92308,11.900000525942984
92309,10.277078982792371
92310,10.252585983118788
92311,4.533036963427135
92312,11.273852605189926
92313,8.400289874926312
92314,12.555833866432232
92315,9.123614573640946
92316,6.162364809261851
92317,7.022362107446699
92318,7.713382494144426
92319,4.649798991558263
92320,4.5882225194296735
92321,8.360142120093442
92322,7.789872347686469
92323,7.340148794702055
92324,11.653044699496483
92325,9.356202476763855
92326,7.0168906012137455
92327,11.376757658538395
92328,7.377604324727775
92329,8.27520446982189
92330,9.122158488959723
92331,9.772403044072629
92332,11.14761179467612
92333,12.109102714474385
92334,12.058888584723835
92335,8.492078224869855
92336,6.877881739891196
92337,4.212622979676651
92338,13.33827822568496
92339,8.616751261352158
92340,7.725426532204698
92341,6.535084035113334
92342,16.421423699823393
92343,6.924546799908972
92344,6.346919096511148
92345,7.580765505076533
92346,8.506881443967043
92347,12.143704859275891
92348,14.54640544625724
92349,8.457990216744808
92350,6.183408216030178
92351,12.491106647307943
92352,11.313580888489524
92353,9.047300809374473
92354,7.779014832096193
92355,14.741708682809655
92356,5.811369884577639
92357,9.460308487715437
92358,9.627918028861435
92359,8.638686161858436
92360,12.506877795022849
92361,11.960390085589495
92362,12.740195544536538
92363,11.78884326780154
92364,6.789926954960438
92365,10.541910935767195
92366,9.45550276120652
92367,8.389994184322163
92368,11.596986759790331
92369,8.465488122276394
92370,10.509518579406182
92371,10.059899573456018
92372,9.4813641763731
92373,10.642728783014809
92374,5.040388015565341
92375,7.195675151209755
92376,10.771463808790642
92377,12.544549476448086
92378,10.64002338320707
92379,13.241890603279433
92380,8.10308084645128
92381,4.5839131462469656
92382,9.957499799374705
92383,14.579824706768909
92384,14.756812908885255
92385,6.821711186161567
92386,9.493967033957677
92387,5.685528586603271
92388,6.018934980681536
92389,5.944545710879559
92390,8.264666153148735
92391,8.498849930671131
92392,9.849673060756272
92393,4.949482540289653
92394,5.247128333314619
92395,15.314707770368233
92396,6.351848850643251
92397,15.916678280289043
92398,9.592671535262932
92399,6.39735885464899
92400,12.845012813932403
92401,7.690749783392086
92402,5.026826840565157
92403,8.449365757167364
92404,8.35459074157587
92405,14.671418035795998
92406,12.787187357357618
92407,5.189799224903261
92408,8.440329662180293
92409,11.799724334112312
92410,9.571976279493361
92411,9.339754105304824
92412,11.672451232531268
92413,9.40700418600942
92414,11.328942485990591
92415,8.192660719261822
92416,11.081671429056895
92417,10.247655792746672
92418,11.7056944670499
92419,13.025064349403717
92420,10.934441545236641
92421,9.402888077286235
92422,7.436758152843805
92423,13.670614776371636
92424,9.620835746048899
92425,6.244554290396052
92426,9.37386840203706
92427,9.99019466721679
92428,10.243769528854521
92429,11.601113524572778
92430,9.560925781438197
92431,13.748234698772112
92432,11.450986570416053
92433,8.722076004097826
92434,8.348112255687813
92435,8.368668800708784
92436,9.689561036224218
92437,4.120650221554401
92438,13.702146200570564
92439,8.4096188988492
92440,4.608227537202586
92441,9.168416369142033
92442,8.852028955604474
92443,9.623242067688494
92444,9.772358754800347
92445,7.4710301990098005
92446,8.498044177362157
92447,7.219363748470544
92448,8.808793133743713
92449,8.806787833565226
92450,16.79012220409904
92451,11.371380623204807
92452,10.797514684637306
92453,7.975891898624461
92454,10.513611616174042
92455,12.798047070189611
92456,10.534755942221592
92457,10.245887473766048
92458,9.311031029763173
92459,8.071555217314677
92460,10.283079977934646
92461,9.333624792206754
92462,12.71851283816253
92463,11.924928897054775
92464,10.2617237099211
92465,9.029128750606342
92466,12.494534009686598
92467,14.349962921294411
92468,9.4851848239912
92469,9.263517888782681
92470,9.920091928308073
92471,8.203811943429127
92472,11.617525087062702
92473,9.416043305601644
92474,11.30708737307759
92475,9.283287739955005
92476,8.690680483018024
92477,8.257025555171868
92478,13.557651965335861
92479,7.147419835948138
92480,9.600357381427063
92481,8.40117684908247
92482,12.620184183194917
92483,7.831174815827479
92484,9.366264784149765
92485,11.461925289354914
92486,14.404179278930053
92487,10.227771610153173
92488,7.123097247080811
92489,8.542797535941052
92490,11.02619646033452
92491,9.933263447838076
92492,10.767602465907705
92493,6.330449339716018
92494,14.607342478851184
92495,7.380310368400994
92496,4.732740508819477
92497,9.441959833154561
92498,5.035695771669178
92499,6.475019716515793
92500,9.617771153852138
92501,6.8406786754756626
92502,10.613223635039352
92503,9.883676303336282
92504,9.692351014979998
92505,9.429992936137513
92506,13.26968050946376
92507,9.459067091431653
92508,11.57844591690861
92509,8.724125979573635
92510,10.874514498284311
92511,16.91531577428641
92512,14.801219837962131
92513,8.465595411994292
92514,9.475573161681206
92515,17.251897004153893
92516,5.650032855677191
92517,7.524703494576693
92518,8.888974561086922
92519,9.708483066862433
92520,8.038556340492752
92521,8.868017771212546
92522,11.394354447241298
92523,7.83989446007409
92524,11.745052000632047
92525,9.1828842052697
92526,9.12868031502752
92527,9.412466878676312
92528,7.9035828340316385
92529,10.759800965999123
92530,11.981443076923544
92531,7.277335506603594
92532,8.551358161287704
92533,6.627093601136833
92534,13.592056998142414
92535,11.369286917148132
92536,9.421881151565842
92537,10.676160711718303
92538,6.622486303479785
92539,9.845831384944434
92540,9.511594501939427
92541,9.403518234785144
92542,10.55298973732346
92543,15.137670061587741
92544,9.9117426593356
92545,11.798430832322788
92546,12.51543214979827
92547,9.772347256387578
92548,4.062661604764366
92549,9.757558934547655
92550,10.120664029014106
92551,9.24772772289605
92552,9.85525157023829
92553,8.799674785627923
92554,7.494239974240156
92555,10.292920472336332
92556,9.373780794585354
92557,12.251572456560451
92558,11.944577509837371
92559,11.07788259905237
92560,14.512234074248534
92561,11.589080758471216
92562,9.23208178647597
92563,10.452347338388822
92564,11.763638093158388
92565,8.06098196296709
92566,11.142835260307248
92567,9.245409564104692
92568,10.66281044972941
92569,7.296191264951723
92570,6.71253061934099
92571,16.19653666330228
92572,10.279831525621017
92573,10.398981684873233
92574,9.523288744225548
92575,5.15921932872789
92576,8.43798233001826
92577,10.614741185836383
92578,8.591749992260699
92579,6.329555605822252
92580,7.385160869953841
92581,11.724011809697807
92582,9.808243112029064
92583,8.166776164801544
92584,5.84540112758836
92585,9.66627444864012
92586,6.517575438319476
92587,10.637013496765153
92588,10.669944206572557
92589,14.544101133631134
92590,9.100255251431063
92591,13.646354181298747
92592,10.819627225436369
92593,9.107449810855687
92594,13.821676350335343
92595,9.790369838484256
92596,9.602340648414176
92597,10.78777158130659
92598,7.886655395279786
92599,9.22221262878534
92600,6.02897316903069
92601,10.497758732232295
92602,5.80746128720652
92603,7.2602797775609815
92604,8.131211425265501
92605,4.2195026606318375
92606,14.319198961502945
92607,6.230690971450914
92608,11.215888910585704
92609,8.576255275528254
92610,14.99957836680423
92611,11.066257271650581
92612,6.851792367791576
92613,7.010166611063852
92614,10.171004683439875
92615,13.757144215276123
92616,9.687371636256795
92617,11.806707495350954
92618,10.276807210005842
92619,10.726241581846036
92620,13.89824020689841
92621,9.03648117729041
92622,12.535628784073452
92623,8.179494073950693
92624,9.393755583817747
92625,7.5900749211227465
92626,12.16321640336966
92627,10.852214457655652
92628,9.327981389735424
92629,8.394695526363549
92630,7.778180261313312
92631,7.927706223917656
92632,11.68576478806385
92633,9.740889083717546
92634,9.90670342140514
92635,6.540324219122193
92636,9.527806834193708
92637,8.199246842244058
92638,12.39508507484781
92639,14.709251917950596
92640,9.934098451294942
92641,7.032645013110541
92642,8.672852617438764
92643,6.822011162336018
92644,14.938796828427362
92645,6.984664882804945
92646,6.960010752851668
92647,9.643554329314709
92648,15.147295412097213
92649,9.817867283983492
92650,10.111636453836423
92651,16.13353575595436
92652,9.228008206560059
92653,15.1978709718511
92654,7.443794810531628
92655,9.071554341842083
92656,9.994106713865778
92657,7.943358740776867
92658,6.014747579698528
92659,4.154927857475787
92660,8.86210517652459
92661,7.135452974034962
92662,10.965183244647516
92663,9.09975975789699
92664,10.80187919625186
92665,9.512986110319599
92666,5.865749854292645
92667,12.644073794859677
92668,11.494440135552605
92669,10.776520637342509
92670,10.04223469095464
92671,7.634144912791467
92672,10.36668164651106
92673,11.128501486970832
92674,6.035412101521229
92675,14.773735235049472
92676,10.190224284551638
92677,8.854934541690348
92678,7.03551260709983
92679,6.717897215933796
92680,4.351579747560966
92681,12.433424161731745
92682,7.203498324729866
92683,8.223141433186631
92684,8.194085642984774
92685,11.262225593034357
92686,10.259592579363261
92687,6.224099076351175
92688,11.886270304078497
92689,10.436495867601945
92690,6.869117909950613
92691,7.530387501931041
92692,11.259750847221948
92693,5.226992563666203
92694,15.762789626520512
92695,9.361251513068392
92696,13.728553143103387
92697,9.009364712345524
92698,4.4245108993916915
92699,7.304355628323867
92700,5.539189195491989
92701,11.424967298334215
92702,8.771742588865404
92703,9.349915785968843
92704,10.192017613145284
92705,12.673670089809331
92706,7.968438976077432
92707,10.911662655633627
92708,8.693373173766265
92709,9.390883144332786
92710,10.636320319243122
92711,7.510203758737186
92712,6.3630839133143215
92713,10.02028269394648
92714,9.329482105646516
92715,8.763483876043335
92716,10.46141582666822
92717,12.117562542284203
92718,8.850281431073132
92719,12.517621881546008
92720,9.373310117557098
92721,7.434821628214008
92722,17.092716908292807
92723,10.12065648411512
92724,6.9957171753769645
92725,7.080060280387781
92726,8.74241344754487
92727,9.7877057807675
92728,15.167598278890884
92729,10.149899843397383
92730,12.04533939228658
92731,11.51647804829545
92732,11.691859903349425
92733,14.326852114648693
92734,10.04110980908481
92735,7.195693795087036
92736,10.081348508844524
92737,11.062088818450889
92738,9.21502773375896
92739,8.2960963376233
92740,8.428580667819347
92741,7.041794330304167
92742,11.103600332782474
92743,9.593004562421552
92744,4.107387394250507
92745,10.317851117159066
92746,10.217763194586666
92747,10.58323102575881
92748,10.183232462923709
92749,7.467329301847236
92750,7.772286138223296
92751,9.663668500058623
92752,9.422042715169683
92753,4.0843138399345955
92754,7.206941943637625
92755,13.267759913182298
92756,8.19904479816211
92757,7.32864737032939
92758,6.715036466830007
92759,10.645188864952114
92760,8.826147712926687
92761,11.347312229813053
92762,9.585567911978158
92763,11.458921058809548
92764,5.1062167139177195
92765,6.365711164713394
92766,8.528026133746446
92767,11.763579571043092
92768,8.646694947783935
92769,10.61753126723105
92770,7.561517526118696
92771,10.023060925708638
92772,9.091705398739682
92773,7.200141755253232
92774,8.23388649997898
92775,8.470723581816028
92776,7.592069568606722
92777,9.148864095321331
92778,8.7535640032982
92779,13.372248069878609
92780,9.300591021450446
92781,10.529555332289046
92782,10.662540251713047
92783,10.125528821367604
92784,9.708057538998514
92785,16.28872907509993
92786,8.584921183961182
92787,10.525373031614388
92788,7.906664393185862
92789,13.109400606182612
92790,12.374446752627371
92791,10.732167901869882
92792,10.688572238539086
92793,7.587516469053557
92794,9.230067987941613
92795,9.07190945522991
92796,10.940122357950377
92797,7.479831493869691
92798,9.352041385651349
92799,6.480817876514263
92800,8.763487201613847
92801,12.116140121415215
92802,10.20445613394539
92803,11.133431191978461
92804,7.717265186851103
92805,9.481404226081965
92806,11.8111193263785
92807,14.359138136358984
92808,7.17869859426923
92809,10.013866726114978
92810,8.374892532563424
92811,5.819113507096031
92812,8.055642924829911
92813,10.454770900411997
92814,10.587383464148404
92815,10.672382437545998
92816,6.205157365070699
92817,6.880249135024849
92818,6.891905982526163
92819,9.428667177593745
92820,10.856680603109897
92821,12.363972955839074
92822,10.4287129481559
92823,7.656747030566741
92824,9.144149412379495
92825,9.571595567243472
92826,9.454329505250476
92827,9.460956052122688
92828,8.625258586440605
92829,7.541971524328737
92830,13.180759881660881
92831,15.177349964618902
92832,5.166395826865663
92833,7.969111374091897
92834,13.293506628395548
92835,10.147812473230763
92836,10.152551550406898
92837,9.797074438464904
92838,8.684700863873292
92839,11.249410396568425
92840,5.9136257433865485
92841,9.230036263607447
92842,6.912326802048177
92843,7.514122329475066
92844,11.450644089495862
92845,4.746784956206616
92846,9.444047105551178
92847,9.335361444536538
92848,6.487113952020039
92849,10.536287108808338
92850,7.8782984409820385
92851,6.304861085358111
92852,5.76827648317064
92853,10.323226788830326
92854,10.125078571372722
92855,9.529047842678235
92856,8.54818724275457
92857,6.970539190994924
92858,5.559733826271139
92859,9.47805323141993
92860,10.12605073864073
92861,9.081103134821184
92862,7.986060115815252
92863,7.228141840066852
92864,9.880477478624423
92865,7.133658888828985
92866,11.209449422464411
92867,9.94106000426385
92868,5.708411626494475
92869,8.76069510506569
92870,11.13626955379193
92871,4.50844715045323
92872,9.325330085540553
92873,4.574218024904992
92874,7.3175429835711725
92875,9.264139883821755
92876,4.419433020882201
92877,13.671605240971076
92878,10.228483661282661
92879,10.967758326480709
92880,8.617165769402087
92881,6.490937706084964
92882,7.476555645125293
92883,9.940117588742748
92884,9.92576744559258
92885,7.558807471189857
92886,4.441465407665492
92887,11.9108903280134
92888,10.45557051358212
92889,5.466168032141482
92890,9.288958793426909
92891,11.471471481722482
92892,12.309683559734797
92893,8.501093380201862
92894,9.35103845483884
92895,9.79747631597819
92896,8.409437384521318
92897,9.146092933786992
92898,11.61817580033241
92899,9.852509446950986
92900,7.399436917902984
92901,7.766777769199332
92902,12.042940026061885
92903,12.352407486418453
92904,14.492051554112985
92905,11.597696787693874
92906,8.144963731307604
92907,9.591606659762071
92908,8.16558895264492
92909,9.87686427189437
92910,6.8973852700900835
92911,7.114270300776771
92912,7.424795313016384
92913,8.152284542862237
92914,9.250563595938761
92915,10.358659238785483
92916,8.169521750565824
92917,4.000250618433874
92918,8.281151805739634
92919,6.56105489752836
92920,7.010207870775777
92921,7.500217502507056
92922,12.14655948279084
92923,7.460396105253009
92924,10.051803660891593
92925,11.512980495026
92926,15.547053531987899
92927,9.429364511639832
92928,12.730940993294281
92929,11.361374837931539
92930,9.673566293440713
92931,8.31557943599583
92932,7.941130974995266
92933,6.472476866782228
92934,10.666423126127809
92935,9.532187180086613
92936,16.978377823277757
92937,13.397932221426782
92938,8.88254732633728
92939,5.112698073227126
92940,9.783717130053844
92941,6.047399886322951
92942,9.303751353911688
92943,12.264079878305083
92944,7.240787954630202
92945,11.301428058833798
92946,8.969013388291675
92947,9.277633798699792
92948,6.950543215667411
92949,10.809504577776455
92950,6.723644683297851
92951,6.339872720538348
92952,10.377642282214584
92953,7.4740095391643635
92954,13.215008960701473
92955,6.629696391159129
92956,14.549688964771715
92957,10.174706241495558
92958,7.1536711781458395
92959,6.775008517835564
92960,12.651578456288396
92961,6.679094844157197
92962,10.860175836498446
92963,8.157383657805866
92964,12.91615734045094
92965,7.418426906110065
92966,8.504072039556466
92967,6.543694846760633
92968,10.679982818454798
92969,4.07486154091138
92970,11.669062426660725
92971,11.018873602033779
92972,12.134056849314756
92973,12.50089612048447
92974,9.437621790648848
92975,14.130719330793578
92976,6.903889657945841
92977,11.654847670915917
92978,9.45734529983846
92979,10.283839581606419
92980,11.336850527633057
92981,9.356623167184448
92982,9.845943031125879
92983,14.266450908302343
92984,10.347818288778537
92985,10.26021702136591
92986,5.035505867337141
92987,9.629788901163247
92988,7.797749707521845
92989,8.193304404595512
92990,11.693329931141346
92991,9.681754311777448
92992,10.572724083516572
92993,8.120212230403975
92994,8.392295626934047
92995,7.506064149397521
92996,9.42518268496176
92997,9.383347279188731
92998,16.21531808941479
92999,9.171445408928983
93000,11.745883366779669
93001,5.9911194379543975
93002,14.940738187855038
93003,8.188670820650765
93004,9.527005763829637
93005,11.011601381458679
93006,11.363222652298532
93007,9.578033416191689
93008,11.046685555410534
93009,12.492916568491378
93010,8.504799397253574
93011,7.48781138908142
93012,9.507622437349719
93013,9.399255841702356
93014,5.406696536866549
93015,7.020939874103955
93016,8.227074395147298
93017,11.555069637176507
93018,12.935126475422384
93019,6.47116856031505
93020,8.843115510967472
93021,9.318891939714053
93022,11.437629905139294
93023,4.519480232283152
93024,7.528736580825924
93025,8.916079469446856
93026,12.53024696289736
93027,7.253375268915884
93028,12.22583478755482
93029,7.485152521273943
93030,15.606335648033639
93031,11.633817609979236
93032,16.9122821473327
93033,10.214835051879344
93034,8.267086656580215
93035,11.966313240284554
93036,16.278038514660327
93037,8.104543887624235
93038,8.44066287530284
93039,4.988204643225603
93040,15.049070028351167
93041,10.739775061685512
93042,11.955164411924134
93043,9.207025067540801
93044,8.321776126050901
93045,10.397559479695143
93046,8.570085051357863
93047,6.285034212784846
93048,11.64071422858558
93049,8.671755392820492
93050,9.636265706025418
93051,7.762573101220852
93052,12.35628382877372
93053,12.053071123681347
93054,9.141684038012992
93055,6.176631129503829
93056,8.99118624095843
93057,11.3227519491381
93058,9.584154337156367
93059,8.544334294206697
93060,13.76897772120368
93061,13.57411090652316
93062,9.600963767022431
93063,11.457028938295943
93064,7.419647171102923
93065,11.550686260172162
93066,12.48474914083828
93067,4.10036206863443
93068,7.6432636229945015
93069,8.393115344209141
93070,13.792525836456374
93071,9.863665226594616
93072,11.649258065100048
93073,10.457523755333252
93074,9.828439575562625
93075,11.545977898593511
93076,11.239726083542234
93077,8.94644193981431
93078,10.40949573953624
93079,7.303623137765278
93080,13.010247802434368
93081,9.846388448878159
93082,8.202179482027558
93083,9.271110805397283
93084,10.25364468131219
93085,11.161339370327992
93086,7.449105419434412
93087,5.219945544716592
93088,9.239940621787488
93089,7.147963392704975
93090,11.137310744102274
93091,11.361447451013216
93092,9.633521395360992
93093,7.370197640278283
93094,4.217698749532046
93095,9.378256019743251
93096,9.778653706518437
93097,6.537808815765596
93098,6.204770831900132
93099,9.039028218633627
93100,9.123327733820464
93101,10.336933957973718
93102,8.62448980468202
93103,8.562508071762363
93104,9.928336649234435
93105,10.00123994851255
93106,9.400774737962678
93107,7.2696651862115615
93108,10.576367785855041
93109,8.172281654007364
93110,10.243652807702954
93111,14.718736597635456
93112,8.80711866450328
93113,8.912327057614677
93114,8.974447349653646
93115,13.285753170470517
93116,10.344006676214667
93117,13.882209477755248
93118,10.39557499842854
93119,11.195561975078363
93120,13.1719641069944
93121,9.663493680658041
93122,8.905572633724878
93123,10.70648233988256
93124,9.938091522379361
93125,8.595877669789243
93126,8.675126927711153
93127,11.644595977927509
93128,8.876672528661024
93129,11.004245317092684
93130,9.125691092949141
93131,12.516693641654374
93132,10.51467731784226
93133,15.044987123157725
93134,10.673936618734588
93135,14.41108701372995
93136,7.271345309162252
93137,9.532854335042108
93138,10.167813899479377
93139,8.254796242151501
93140,10.415072568257006
93141,7.06480782158763
93142,11.415630033030453
93143,10.583085978704503
93144,6.684346950118117
93145,9.903135267986013
93146,5.66979369813238
93147,9.900298890266617
93148,9.995835418174337
93149,9.678319967340766
93150,6.487464971371345
93151,10.23325737406012
93152,11.336582889515535
93153,11.015271513174422
93154,8.227359460404118
93155,10.47687717193988
93156,10.743845170867562
93157,7.531215772643565
93158,6.8083714397301875
93159,8.920731457509973
93160,9.403374919229119
93161,7.617582756871906
93162,7.786303333970888
93163,9.565816039775815
93164,7.311771772614305
93165,5.752022116781952
93166,7.035937721186103
93167,13.484804092255889
93168,9.530740922293367
93169,10.4670449724891
93170,7.807330210473961
93171,9.69935494147833
93172,12.629516769711355
93173,16.226992374968674
93174,11.999558942865422
93175,11.045638115809771
93176,10.893662066841863
93177,7.858468478980596
93178,12.19809588010952
93179,10.310200128961762
93180,10.164444690307317
93181,9.650760388088349
93182,5.006701544929311
93183,11.970562729739905
93184,5.7423554412530144
93185,7.250674768247474
93186,11.140712441607803
93187,4.603538117324367
93188,9.521993862920732
93189,10.764084753211133
93190,14.431118342881806
93191,9.899350194349514
93192,7.462153861702403
93193,8.222741961980523
93194,10.103856552760131
93195,11.227203813747531
93196,12.922417432117664
93197,11.764320695787246
93198,13.670327040135723
93199,14.959896408765882
93200,14.037281783613214
93201,7.692007774116064
93202,9.53598699170551
93203,6.807546521645922
93204,6.976199324459765
93205,8.076980257625433
93206,8.594917362711657
93207,8.2852449398278
93208,10.711695398107537
93209,7.197039458280825
93210,14.550278316290726
93211,11.407883499459754
93212,9.178437539241546
93213,5.125971564295419
93214,4.331251804753379
93215,8.866446698820146
93216,9.350551309161329
93217,10.517022208455328
93218,7.959863542522685
93219,9.092855218190051
93220,7.079181790253363
93221,12.857396591647984
93222,11.637673763934481
93223,12.348431687674974
93224,10.670059537889887
93225,9.999547981292464
93226,12.230924957576448
93227,11.04276583061237
93228,10.097750820586588
93229,8.939180788309397
93230,11.909501224129862
93231,6.518509782906442
93232,9.53057917748967
93233,7.862457261909856
93234,10.711174707819977
93235,8.252248127456303
93236,13.90033013257522
93237,6.4347520732020715
93238,10.098336821919899
93239,7.367105680147107
93240,11.148157967132212
93241,10.871506327675968
93242,13.21879954944292
93243,10.867312285187811
93244,9.649249056414865
93245,9.30790771310382
93246,9.831796059162425
93247,9.86935691476458
93248,11.560240931354366
93249,9.383856482703125
93250,10.088258013232494
93251,7.6455468687165675
93252,8.374206087401458
93253,8.351458427537953
93254,11.765983778222235
93255,10.70514145277747
93256,7.851383054662011
93257,15.835772087956713
93258,6.244116055412759
93259,8.110924021723946
93260,8.313405206406943
93261,12.211381447243161
93262,8.545431669790627
93263,14.951088124830733
93264,12.231369237577006
93265,7.351984055909864
93266,10.895929376329605
93267,9.415480888923055
93268,8.242616777502672
93269,10.55360563106386
93270,9.594558894841857
93271,8.375976209558223
93272,11.003306071741381
93273,9.728449762071158
93274,7.983937415070548
93275,9.761212834406527
93276,8.302348339447448
93277,8.92857460043065
93278,10.90328855214256
93279,12.542861337395177
93280,11.473204483774197
93281,9.459436881789582
93282,12.300359536681674
93283,10.449815041284698
93284,6.925930478374623
93285,5.551175554434206
93286,11.9750768065771
93287,11.145758600593147
93288,9.504256745456344
93289,11.272752269903078
93290,16.04367458878429
93291,15.771917180007009
93292,8.603972816387763
93293,11.686776250953974
93294,9.06107813233862
93295,6.575238281426792
93296,12.262316987042702
93297,11.755525783688176
93298,10.434752173189478
93299,8.316628832887014
93300,10.901164052097702
93301,9.240832709423916
93302,5.885249666675991
93303,13.062750066217253
93304,9.392978500731946
93305,8.275259123882545
93306,9.702979209768008
93307,10.937794823274139
93308,9.795396128998785
93309,7.053903083594818
93310,14.843863634350805
93311,8.168399719297451
93312,7.965168418513838
93313,6.706075087808007
93314,9.385317169842828
93315,14.129012505186669
93316,9.559763632378843
93317,13.654335324614516
93318,10.106707804455676
93319,4.694387400907396
93320,6.496152902435783
93321,9.621265337883738
93322,7.449577193147197
93323,9.581174379891767
93324,8.625161471916782
93325,9.63033168023291
93326,8.229748450423585
93327,9.423084827387662
93328,8.905832854674024
93329,10.518244904618207
93330,7.861789850340193
93331,9.162908343123911
93332,10.728556031911978
93333,10.329476996561217
93334,6.351324502779465
93335,10.245539032955254
93336,12.003273885153481
93337,9.548380203657391
93338,11.214153790674704
93339,13.89451036120594
93340,4.770661131825765
93341,11.947737825058079
93342,7.086563628032292
93343,7.366113435788455
93344,6.934269141927653
93345,11.597809805952807
93346,10.983813824410538
93347,9.660778239168911
93348,11.48462115352412
93349,12.548519730341114
93350,8.218215060821409
93351,9.507145407138518
93352,10.926262136078508
93353,7.785025559034198
93354,7.170793837215436
93355,10.30794250057221
93356,10.910044822540307
93357,10.201075361116477
93358,7.626201229021025
93359,7.077481656011659
93360,11.41612510627818
93361,7.64124369353611
93362,10.80358175067865
93363,13.985875883014407
93364,13.186516026178676
93365,9.844048439668088
93366,13.006615718463106
93367,7.633301231174789
93368,9.450576650372085
93369,5.401678152199072
93370,10.383289092537058
93371,9.121877652662565
93372,9.114140082972686
93373,8.295953092105766
93374,7.4482732351501495
93375,11.313162603504013
93376,8.380544442490848
93377,6.036900291410459
93378,9.022978093317032
93379,10.089829928203672
93380,7.179151006437033
93381,10.711915621073388
93382,8.346920435778326
93383,7.2427661170966235
93384,12.492148150722311
93385,8.837079473959765
93386,7.123118800446603
93387,9.00062636299797
93388,10.311140480714638
93389,8.651108922976734
93390,8.434133991748993
93391,8.81453533226121
93392,5.9763803754645455
93393,8.30454709619697
93394,8.509023137551152
93395,6.216903325881202
93396,9.170897547131482
93397,8.122317919148525
93398,7.040928800239962
93399,8.987281738940522
93400,10.123771487894706
93401,7.64530216503244
93402,9.23327970781048
93403,7.447164833930285
93404,9.136800087811288
93405,10.406476723468467
93406,11.303328335932749
93407,11.131668531350702
93408,9.189048292570654
93409,10.296571911400974
93410,6.8105035607556745
93411,11.975624890549867
93412,8.682627010091071
93413,4.268949423343315
93414,6.052122715959229
93415,9.086244084952535
93416,5.792615738291433
93417,13.696284379171255
93418,6.945729984217886
93419,6.091497535503039
93420,10.343814260502729
93421,8.382265187541176
93422,10.005255023089026
93423,6.852379941820699
93424,10.478381952900282
93425,5.987285531066581
93426,9.141677666213015
93427,9.91554673497654
93428,13.690682431538562
93429,8.921461943186435
93430,11.063890538486893
93431,8.527937917381655
93432,8.652939215611426
93433,11.348312530121294
93434,8.202381826439126
93435,6.905804594654261
93436,7.479556518714945
93437,8.791876340426233
93438,10.087290280529833
93439,11.855184375415107
93440,11.12914296462597
93441,10.776922059723969
93442,5.32924969589583
93443,7.211401420642723
93444,17.67841690143507
93445,7.558727035089011
93446,10.030385846897499
93447,8.253876924183986
93448,9.118022608672232
93449,9.707500856395363
93450,7.609094257233328
93451,8.155025552748938
93452,5.600714757408243
93453,7.275764722284737
93454,10.55695391831028
93455,10.187270775195145
93456,9.092597008686502
93457,10.706156706986315
93458,8.407834056515375
93459,18.128917831059802
93460,4.375486438306394
93461,12.47202572260172
93462,11.469063690766413
93463,7.918115239262569
93464,12.911554225844426
93465,8.099316690638375
93466,15.852500608759566
93467,4.004985293448832
93468,9.686842899018453
93469,6.923870921796757
93470,9.928312678253473
93471,8.788117083404833
93472,9.097182996391851
93473,7.21885940104918
93474,6.383159672715738
93475,11.462739066431444
93476,7.367678019941269
93477,9.353791364239616
93478,8.48241383264716
93479,10.246941778172342
93480,14.051958492818708
93481,6.680840933198299
93482,10.713216767222807
93483,11.660689955142646
93484,10.016506948531148
93485,6.963114951169072
93486,7.3062427903137745
93487,9.604417186817063
93488,16.213854716453852
93489,11.035071753842818
93490,9.215479837282805
93491,13.111427966896931
93492,9.936124829721162
93493,12.95848275846203
93494,7.0375506885818
93495,10.998313369189592
93496,9.185337328713938
93497,11.223910761000907
93498,12.60452459464233
93499,12.573547315776832
93500,7.885413945041817
93501,11.323671401650518
93502,10.218226955737133
93503,12.643861329693587
93504,10.655869695678259
93505,7.340142577844977
93506,12.195631765022442
93507,7.6255969824348195
93508,9.359930175657317
93509,16.100159474185425
93510,7.030776522581441
93511,8.327134118505741
93512,9.38036536948005
93513,7.512702404651938
93514,9.922865782560562
93515,6.576283181902996
93516,7.200058567003654
93517,10.52942146994739
93518,5.173179097880284
93519,8.95487681449735
93520,9.737301740580246
93521,11.337169167941
93522,9.12057343460911
93523,10.489570823817356
93524,8.750884751221035
93525,9.974360378292213
93526,9.572303919668908
93527,10.30546933385585
93528,10.30096261147032
93529,7.8663609085857855
93530,8.77360126743714
93531,11.62148978354687
93532,6.890120280774863
93533,7.943264139402599
93534,9.767867588480286
93535,11.63953910299791
93536,5.589332390143349
93537,10.129893450362326
93538,6.393474296083926
93539,9.04666033523415
93540,10.900218503712836
93541,10.765955567862665
93542,7.039791455099014
93543,15.635101865071878
93544,8.33300791656759
93545,11.571659190537854
93546,9.40737455764716
93547,9.765700400628635
93548,9.073898901715115
93549,4.12695767372549
93550,13.755604536723174
93551,9.829715119201708
93552,11.366283896433037
93553,10.11072713669578
93554,14.37204443754545
93555,9.981297117419249
93556,12.326762148303112
93557,6.867303232488249
93558,12.698933166769553
93559,10.119513330681858
93560,13.029745860124342
93561,13.057416208916754
93562,6.888106036433678
93563,9.441371176678766
93564,11.468462786638066
93565,5.603672369934399
93566,7.599875690324637
93567,13.364852140520634
93568,9.416480717027017
93569,7.765413636781749
93570,6.0543120672947275
93571,8.549426938808974
93572,8.557862878991306
93573,11.118727067984313
93574,11.118086278304293
93575,10.061277966185584
93576,8.279022317246959
93577,8.278381238403238
93578,8.585941434342212
93579,10.71683675680951
93580,11.48884213328518
93581,8.711396161687802
93582,7.787046899379445
93583,9.878438940052481
93584,7.81520440397864
93585,4.858339617571625
93586,10.37468256695746
93587,10.656145568503458
93588,5.654769915208005
93589,8.436145631328262
93590,12.511019321825827
93591,7.481077722583031
93592,9.096395895311764
93593,7.746133352886483
93594,8.059394952888947
93595,7.9780537247763705
93596,12.542353692545001
93597,7.22460065148605
93598,9.653668029712058
93599,11.493029774587479
93600,9.079773470262676
93601,7.975537124830391
93602,9.012856091776216
93603,8.449153669657326
93604,9.156151173912493
93605,7.0141089738140305
93606,7.900584420609168
93607,10.07140556122469
93608,8.805947672362224
93609,8.488888570655956
93610,9.706123837319316
93611,7.130424847320734
93612,8.903466393742162
93613,7.6714904377054465
93614,8.600047186844133
93615,8.216975570050776
93616,9.120127798118823
93617,10.18921993625943
93618,9.795351058374132
93619,11.140726811938219
93620,5.4814675077083805
93621,8.216189687280052
93622,11.353697445461716
93623,8.469924405952067
93624,7.531278754005596
93625,13.60482008247482
93626,7.4837446432786665
93627,10.615627758967904
93628,11.416743526995557
93629,7.360224267882596
93630,8.922296095549154
93631,10.92508426020856
93632,10.632512131323622
93633,14.892254435999998
93634,11.017587692463476
93635,6.444606639461543
93636,13.668919368875
93637,8.67771533671281
93638,7.007956694125818
93639,9.389499113735503
93640,6.894129852111121
93641,11.846116290462666
93642,10.885066345217718
93643,10.119354873990632
93644,9.841796590814392
93645,6.999940652121505
93646,9.775440084164469
93647,14.040722164794493
93648,9.591028927622832
93649,12.294518374752474
93650,6.630121113430451
93651,10.484845015236191
93652,10.530051442471333
93653,8.4384774427652
93654,4.658103429562296
93655,9.8382671891168
93656,10.182761694396262
93657,11.495872211281704
93658,11.854066462086575
93659,9.620346946833434
93660,11.216985055992492
93661,13.91270055684817
93662,7.09457385162232
93663,10.267756670754876
93664,9.621753992999723
93665,9.828377683609489
93666,7.580503137244717
93667,9.328058829055482
93668,6.10126083142505
93669,7.026620458964969
93670,8.803745862117406
93671,11.955436480783892
93672,8.157772844754387
93673,11.803995721400486
93674,6.242808280124725
93675,8.305561060441885
93676,13.953170982196525
93677,8.9590928146261
93678,14.234067445059306
93679,9.705253115321735
93680,9.924858379481169
93681,11.968690764721849
93682,10.145320024132605
93683,13.764297308486093
93684,6.986739805570525
93685,8.521837925887379
93686,13.917851056853499
93687,10.4492806082085
93688,14.396983925140471
93689,11.944468734490165
93690,7.156329021482615
93691,10.874911627264414
93692,9.946889085118292
93693,11.9051345644652
93694,9.083221346579778
93695,8.491518176375362
93696,13.113254713894383
93697,8.731661326004318
93698,12.238801449369959
93699,8.83695786715683
93700,11.636523104074858
93701,10.482175639058571
93702,9.502410479785533
93703,11.666262233939012
93704,4.230430335590926
93705,13.186925524297951
93706,13.717507946367562
93707,8.239091239763194
93708,7.527778724204059
93709,11.361366023647912
93710,7.747195109613422
93711,8.34035678397775
93712,9.284229860994587
93713,15.598593013444239
93714,6.916567465444443
93715,13.077565923420678
93716,5.403191563161043
93717,11.324805887643139
93718,4.21145753599569
93719,11.335713569704485
93720,7.264628005724669
93721,11.29351419917209
93722,7.0793744191681425
93723,11.166112389376405
93724,9.743557589244814
93725,9.79947191545379
93726,8.89897621760545
93727,15.587140576937765
93728,14.743683058537485
93729,9.927238643053265
93730,9.95944564772497
93731,9.402381068483294
93732,12.337390405861104
93733,14.182830186932597
93734,10.410379345641811
93735,11.735048640294371
93736,12.340803228632963
93737,9.259106349417243
93738,9.693010870663858
93739,7.463217980368259
93740,8.138832248020615
93741,7.23883979206426
93742,10.070460029633985
93743,6.769822948597138
93744,13.208482854419085
93745,4.876378214455345
93746,17.030073578315054
93747,10.256550304434167
93748,18.04139591754525
93749,12.04575353587118
93750,9.427440047156525
93751,5.956001677001271
93752,9.145920014123417
93753,9.363536122272807
93754,11.511007579370446
93755,9.0752513967196
93756,7.445481685250812
93757,8.366529788642264
93758,7.408356463631554
93759,11.344382950497799
93760,9.508295930191712
93761,12.227054172444117
93762,12.498036241469729
93763,11.92551646339597
93764,17.951292199124275
93765,10.261041152069227
93766,15.310664809059725
93767,13.472241426339702
93768,11.208552793218516
93769,9.284960332237493
93770,11.693016914025936
93771,12.892771524761187
93772,11.833784089471347
93773,5.590283136315274
93774,5.649924841604983
93775,10.011216808778233
93776,12.078887489809718
93777,9.741964622785119
93778,7.356148786231853
93779,11.11076628194701
93780,8.721096329055733
93781,14.455313597258904
93782,10.829010583021892
93783,10.76414460415685
93784,8.941047069461908
93785,7.237923722827335
93786,6.070391231750515
93787,10.115968948919061
93788,8.80739680350427
93789,10.33891225161328
93790,12.114105930477152
93791,7.633565900286657
93792,9.886619142406492
93793,12.45356031763566
93794,9.355244423011111
93795,8.434656647977288
93796,7.689025747299247
93797,8.079745805706853
93798,6.455989477938354
93799,10.806572589100039
93800,5.473261563699425
93801,15.50092301049672
93802,5.508142131287758
93803,6.731441615804404
93804,8.779518769981182
93805,10.222492781572475
93806,13.250799768951149
93807,10.342181870176
93808,6.907749868269586
93809,7.226990098516471
93810,6.399578591732691
93811,11.19096182449189
93812,7.045072731818981
93813,8.405642978818856
93814,10.986660671752857
93815,8.562197002776694
93816,10.55067505130297
93817,12.786815172464966
93818,10.484248966202848
93819,6.806493030961124
93820,11.116154119019862
93821,11.130276831575127
93822,12.122444983483003
93823,8.897636987499157
93824,9.154547340443681
93825,10.647358453412256
93826,8.316064359617936
93827,7.336959472278883
93828,8.239898575000009
93829,13.118100504888886
93830,6.751806070579155
93831,9.304707059303194
93832,6.790584163548191
93833,9.253597598850972
93834,14.702415531140781
93835,6.113861799690974
93836,16.655033348339963
93837,5.664315520527194
93838,13.15278384730612
93839,6.245132516244316
93840,10.676292501816949
93841,12.68265067525012
93842,10.023385899783149
93843,9.330818985532252
93844,10.469312053276001
93845,12.080710460553
93846,9.52126755373936
93847,10.417463559088251
93848,8.726008281391723
93849,10.179706543226754
93850,14.077788323598991
93851,9.37457431075011
93852,8.734165040381054
93853,10.064573273379683
93854,9.695782651328113
93855,10.81675712029438
93856,14.748642383970227
93857,11.299357686755586
93858,9.949375001633651
93859,10.280302228583446
93860,7.625614518490915
93861,11.388567431808909
93862,10.358680793221449
93863,10.008103686422135
93864,7.8387185876238705
93865,7.362442708681678
93866,9.631003383854184
93867,8.847266800943325
93868,8.572265753652625
93869,10.406784718764117
93870,6.478074710834479
93871,6.374048154036169
93872,9.215619114730693
93873,8.837741755413957
93874,8.380298643674863
93875,5.738980998122849
93876,8.393004637681694
93877,7.299698324233638
93878,10.515371033817063
93879,7.643312656082253
93880,12.09680647175899
93881,12.432036946727829
93882,11.468270452197421
93883,6.535858937564505
93884,9.310258307236353
93885,4.923146034946503
93886,7.414958641280231
93887,10.686394798204992
93888,8.53379794829075
93889,11.535508414812451
93890,7.980392716664487
93891,12.95584641103407
93892,9.950025222707485
93893,8.851580464141765
93894,9.215666806443878
93895,8.024603061370822
93896,9.16299895937808
93897,9.988605430388521
93898,10.703436419905765
93899,8.760654371075152
93900,8.95398811072189
93901,14.563292525492187
93902,10.20469664959911
93903,9.455869526862164
93904,7.413134705288828
93905,9.455111102639288
93906,10.224563748486377
93907,6.2716532767065205
93908,10.255285445135115
93909,10.179482202580923
93910,6.979800600769673
93911,8.150736194911286
93912,9.240011344175683
93913,9.539358263437896
93914,8.602198985697616
93915,11.245380147749774
93916,9.94442395928273
93917,9.068316951922897
93918,9.950542036051974
93919,10.671066944679174
93920,12.712035252349773
93921,9.774466024705914
93922,11.804518287607594
93923,10.52598587101185
93924,9.452593117687432
93925,13.860039027316002
93926,9.034103409581187
93927,14.183410207090759
93928,12.840452937117323
93929,5.049998455984474
93930,10.340086049703514
93931,11.011305381738442
93932,10.371570317231818
93933,9.47465560003771
93934,12.064496167439568
93935,9.159419200311842
93936,7.207879376426462
93937,7.590293071062329
93938,8.041340255215275
93939,9.078715721683263
93940,8.896303889739064
93941,5.0114961375588365
93942,17.15073735290445
93943,8.31218035037165
93944,9.383019735383382
93945,12.077144715749046
93946,10.193573157529674
93947,11.49240934757096
93948,10.435329875498175
93949,10.040052642238042
93950,8.511663529518724
93951,7.9693179429855
93952,7.8559677654574855
93953,6.460882252926839
93954,5.869480704426573
93955,11.409477535506198
93956,11.760961997846074
93957,9.204445936877871
93958,6.896482148833227
93959,9.911812848342365
93960,11.607530063916988
93961,7.418826298562706
93962,12.655117551996641
93963,9.614822979357523
93964,12.92133917781002
93965,9.00440559551067
93966,14.591066782628598
93967,9.4727917536355
93968,7.644244396196106
93969,8.35423537136115
93970,10.662270688831374
93971,14.629349851127433
93972,12.22106428450411
93973,8.040471029456622
93974,7.202722371420121
93975,8.61228036850499
93976,10.438382841942985
93977,8.631102721831404
93978,9.15434206194283
93979,14.88137362837144
93980,13.439963115553386
93981,9.526277210412832
93982,7.416553866052529
93983,7.145510181078544
93984,8.76182721780392
93985,4.879754007972707
93986,8.11184689557567
93987,8.277791026048174
93988,8.54643566510602
93989,14.07577287626998
93990,9.587114516430034
93991,8.681348120517864
93992,9.893823344649482
93993,8.820919216486908
93994,11.400839011469799
93995,8.889073166436992
93996,8.223485795776508
93997,9.981720296440562
93998,7.31235764418584
93999,7.246955634365941
94000,8.106035183922732
94001,9.502697609150106
94002,6.843923671702439
94003,7.960031475789431
94004,5.794800926161294
94005,12.169629142567423
94006,9.314297158961994
94007,11.564327466940233
94008,10.128211861492291
94009,11.407087218271304
94010,9.31910878078024
94011,11.448057206262993
94012,12.884359944165727
94013,7.306804730319994
94014,7.859287835716086
94015,10.911411192095361
94016,7.297885656560453
94017,10.897247338915372
94018,5.875179743265692
94019,6.109143799102556
94020,6.151308720460262
94021,16.024356593743757
94022,11.509833306875901
94023,9.445200946813827
94024,9.04373685918834
94025,11.632709544038
94026,8.975634074702572
94027,10.888174678393744
94028,9.169939976449971
94029,9.035282002112044
94030,11.191757137032438
94031,6.574075344416691
94032,8.073978496157869
94033,11.08409905588
94034,9.453951473319261
94035,9.068383043486666
94036,5.59234971392023
94037,6.058987007677587
94038,9.04396569483584
94039,6.986340284412523
94040,9.225833837640042
94041,6.939341171011058
94042,13.037353052074542
94043,11.915025349376219
94044,6.540632541147159
94045,9.89440494216036
94046,10.033894558888623
94047,7.6607178906575
94048,9.020423332581567
94049,8.264423115066696
94050,7.062488441251469
94051,15.800617621990671
94052,4.2782072340190505
94053,9.73672761089474
94054,11.423341345333272
94055,8.631704689598264
94056,11.822959715528246
94057,8.288091306855431
94058,10.983224867825268
94059,10.043934243644802
94060,7.065724086905765
94061,7.663086962559899
94062,5.633889134565327
94063,6.497830702659549
94064,6.60976000694811
94065,13.779592988441925
94066,10.852252079913502
94067,7.321401167451197
94068,13.297044194156712
94069,9.558095687168857
94070,11.481099712709812
94071,13.234606320453338
94072,14.10536879875474
94073,7.465621689197657
94074,6.520421166602452
94075,10.343521363390712
94076,7.355300710604818
94077,9.575294091354433
94078,9.450876958559528
94079,12.780106592226526
94080,9.619280939900786
94081,6.867310708083234
94082,6.461504576377839
94083,10.89662049990645
94084,12.745038330302844
94085,7.308493645417819
94086,7.472371737844614
94087,8.020902819358
94088,8.95592707487474
94089,5.306400277219986
94090,7.315893447977759
94091,9.607870678457296
94092,9.838526541360272
94093,9.181537514852938
94094,7.727212626617549
94095,10.313436817220957
94096,13.964575568539223
94097,11.766932591032127
94098,10.196611928740484
94099,6.801433572570167
94100,18.819706370709003
94101,6.66067683003908
94102,8.923337741241127
94103,10.293655285099828
94104,6.829748375407762
94105,7.6865183008641385
94106,10.355252160064518
94107,6.846324822037867
94108,15.89804669694253
94109,13.064164974020585
94110,10.515647186306985
94111,7.858617194385363
94112,10.268958425734553
94113,12.785759830107434
94114,10.256092931247752
94115,5.119566785407776
94116,5.667202338173469
94117,8.04705093656194
94118,6.812531458365333
94119,8.685539353247192
94120,7.463465258914589
94121,9.409710041102212
94122,11.323088135997303
94123,11.265730282577596
94124,8.528279587451866
94125,9.322476789165618
94126,9.399087896167376
94127,9.557756624072631
94128,5.514174187181898
94129,11.758621428485531
94130,12.861743617741109
94131,8.928539333916078
94132,9.027731993896163
94133,6.175871508186942
94134,19.15430694794918
94135,9.268307098085307
94136,7.009473753633975
94137,9.696142039227004
94138,8.522299757109293
94139,15.461121840285784
94140,9.21936972371358
94141,9.439977189523077
94142,9.87651132950004
94143,9.105250400498445
94144,9.23015427554385
94145,9.30193165995144
94146,10.001060632490956
94147,8.563135505921387
94148,6.328799792770988
94149,7.028889697878898
94150,12.345038752802573
94151,11.057563080292159
94152,7.211501729817232
94153,13.793023377382037
94154,7.767799495827734
94155,5.724784949758505
94156,8.258071738463027
94157,7.342585899630288
94158,9.743587342430933
94159,15.181865948191149
94160,12.50399328830071
94161,9.332271754039265
94162,11.522497449983563
94163,8.893005446202562
94164,7.957026558465005
94165,9.522695564663028
94166,9.749169415859555
94167,9.772501885629818
94168,6.759631978886446
94169,5.735360925854991
94170,10.149848840132126
94171,10.813672753325465
94172,10.579505333705207
94173,11.168454106317352
94174,10.991351654127786
94175,11.249494648991227
94176,8.377413803035235
94177,9.831489797660357
94178,11.108065330541136
94179,7.407957432586274
94180,6.506112650585683
94181,10.8162125395569
94182,9.43338143150314
94183,5.904499549396259
94184,9.610496160493396
94185,8.385850967903682
94186,10.505413946553645
94187,6.173531049797722
94188,12.916949183965936
94189,9.660374513872338
94190,6.941885868700007
94191,6.571903910809877
94192,14.750728831143068
94193,5.56478260225843
94194,10.95132510440981
94195,11.183160419728999
94196,6.6292099506055
94197,10.49551547993434
94198,13.879558605295134
94199,14.020383139787981
94200,9.796543702243003
94201,9.840816729156403
94202,10.050936615026066
94203,6.5308097526592235
94204,6.956796684717848
94205,14.927805742043475
94206,4.694695713636797
94207,9.969688293469044
94208,8.455346735264948
94209,9.431839357470604
94210,8.928806946359698
94211,8.016350144843708
94212,10.082545176764985
94213,9.605813481075018
94214,9.66410704208461
94215,9.80506805742741
94216,6.40237104086385
94217,9.795772250254766
94218,8.348801198966544
94219,9.407760561549924
94220,11.958155452768462
94221,8.71020328113848
94222,11.463665067504158
94223,11.246636224330864
94224,10.417934012014594
94225,10.247186465561125
94226,9.364381965557458
94227,4.603904638512029
94228,9.514864761870157
94229,9.979836520039933
94230,9.899754310262129
94231,8.468937198888884
94232,9.543609324958055
94233,8.119716259111282
94234,8.199924429751553
94235,12.163744279238392
94236,9.542551164620955
94237,8.871481445437663
94238,11.585309850374637
94239,6.955853600954849
94240,9.101638797553903
94241,10.279785471002542
94242,8.21622848811667
94243,9.317304006801574
94244,11.271420799286323
94245,8.18923660193945
94246,5.972724824653694
94247,9.347786572822297
94248,11.840709125715591
94249,15.187930131871365
94250,8.264286617263418
94251,8.588092938799118
94252,9.585161220107969
94253,8.90353658858169
94254,9.007503757002358
94255,9.568398520630286
94256,13.250679911245019
94257,6.544211675579585
94258,8.889604182750547
94259,8.353548496663857
94260,8.356026293167238
94261,8.540162703199798
94262,7.628802506907837
94263,10.615363267434086
94264,12.257647508836595
94265,10.523782105389717
94266,10.532726786421666
94267,7.995987709063947
94268,8.992653969943088
94269,13.106267576737718
94270,10.45567060007121
94271,4.148880853310804
94272,11.65352565592253
94273,5.907085066917107
94274,9.901471378131975
94275,7.757144853323799
94276,9.64225649375246
94277,8.794650690118443
94278,9.650250448966931
94279,8.756337096633564
94280,11.111739813166192
94281,9.300883943787634
94282,10.679153841326084
94283,9.164875562926543
94284,9.789846506626409
94285,7.711487996251963
94286,12.888499055052183
94287,7.526050157610084
94288,4.921561714455608
94289,7.823844943322067
94290,11.299202583253575
94291,10.753222150647797
94292,9.846108040263326
94293,5.404459137339049
94294,9.06668287672477
94295,4.698234934942541
94296,10.857079864191626
94297,12.129953743937389
94298,5.398831094321471
94299,11.8894497961501
94300,10.053814033539618
94301,7.385809480188482
94302,10.311204598369006
94303,10.902088849566441
94304,13.010163269603456
94305,9.396950600205587
94306,9.949969079923182
94307,9.727704114089189
94308,10.13973782135705
94309,9.439069572298111
94310,12.94090417669446
94311,5.907009138891178
94312,9.113161024462862
94313,11.06130379773098
94314,7.579327065680346
94315,11.218563818299515
94316,12.969294209820436
94317,5.7881318126454016
94318,7.4764997648120275
94319,12.358162905967253
94320,13.408759766714443
94321,15.41163497463744
94322,13.36402007259374
94323,9.523461701083633
94324,7.963153143208413
94325,12.489315959608902
94326,9.026737829086459
94327,11.362776880235703
94328,6.698191350183256
94329,5.01959290862815
94330,10.773743585557005
94331,8.280335019264612
94332,7.467950338744887
94333,7.8312026881916434
94334,9.791759823371699
94335,9.016218656013214
94336,11.416887806088642
94337,7.678645813629569
94338,14.0525961857759
94339,4.192042958306642
94340,4.246408519681006
94341,6.9278957269554144
94342,6.159716773016234
94343,11.854678153097668
94344,11.52632401061598
94345,9.310541578725587
94346,15.029577592486717
94347,5.338461314356121
94348,6.022451934133449
94349,7.556289231555633
94350,11.204426397161853
94351,10.818445360854739
94352,7.77162892885377
94353,7.0378269168408165
94354,5.348772357057653
94355,10.860774934523457
94356,9.81930085525411
94357,15.128069111246187
94358,13.313993521681885
94359,7.042940191486004
94360,6.347782017101267
94361,10.354709062015017
94362,7.700128040658461
94363,12.780866755811482
94364,10.621434794781564
94365,10.009061038751943
94366,7.560947899291963
94367,15.845822113362502
94368,11.161808986309532
94369,4.372806562621396
94370,4.122619258356888
94371,9.89622364491308
94372,8.242956488237065
94373,9.830883087729655
94374,6.750626595950726
94375,11.769254596348313
94376,9.352617367529252
94377,5.579190469492081
94378,10.373457008489954
94379,5.779443499897552
94380,10.916656730505192
94381,7.939279774593044
94382,14.599327804103078
94383,11.43416481120352
94384,7.399257611053818
94385,10.019001381288899
94386,4.989187784705473
94387,6.67928007622682
94388,12.051492384989253
94389,8.97445694922937
94390,17.01805061262689
94391,7.070862491872465
94392,9.404682470736299
94393,12.779704011795015
94394,9.524814340067621
94395,7.257810594707284
94396,6.049908087473162
94397,10.616766034700863
94398,8.197766373320396
94399,12.004841553928262
94400,8.322143067149852
94401,9.347440976437118
94402,11.538316845640281
94403,8.107696409629208
94404,8.254152005193939
94405,8.559094563886015
94406,7.877441779717978
94407,7.46387428285481
94408,16.765339352077547
94409,10.186050283626422
94410,10.393734870589665
94411,9.234688180191004
94412,11.640349024130531
94413,7.0832223978022455
94414,7.8652055084791614
94415,10.070594679773931
94416,9.435440241678627
94417,5.382882924802349
94418,18.18226254671855
94419,8.93959760968058
94420,15.96587684671896
94421,8.83278688850747
94422,5.502970809039302
94423,7.903273349580472
94424,11.129450960207844
94425,10.32901639997411
94426,13.393278302014664
94427,9.44608097806707
94428,10.708614347642243
94429,12.337322634558763
94430,9.70281642182147
94431,8.689797397818408
94432,10.001033683186558
94433,14.552879671073347
94434,9.755932846905834
94435,11.208707353539955
94436,9.326334705984902
94437,13.389053648127396
94438,10.765375535736215
94439,14.490368316641943
94440,7.370676780244142
94441,6.975011768671875
94442,12.001827434170888
94443,7.063546552410401
94444,8.164725057380043
94445,8.906363629504318
94446,10.42139844068581
94447,11.043881852029047
94448,8.84441343777151
94449,13.727227240026242
94450,10.432676237867657
94451,15.376538951322724
94452,5.35233256141929
94453,6.462577640813089
94454,12.71047036479935
94455,11.652849834603433
94456,8.029709107574647
94457,7.629660597256352
94458,12.996769972128519
94459,8.863851446049294
94460,4.793900071557955
94461,14.59061672448016
94462,9.881082948107244
94463,10.963486541668589
94464,14.269248768883102
94465,9.075138196291855
94466,13.8447626053422
94467,5.537116545367484
94468,10.078340949262124
94469,8.735104668398739
94470,9.054112649176606
94471,10.27434844876486
94472,10.96541911515131
94473,10.598969910658873
94474,14.054961871095369
94475,14.801002652562005
94476,9.122849758124639
94477,6.9454320406406795
94478,9.489083307815315
94479,11.668411921116599
94480,5.724141098026047
94481,9.866246377245032
94482,8.549683398688028
94483,10.316022009265945
94484,11.692068316270158
94485,12.20516129513707
94486,10.15411701181941
94487,6.795203956492456
94488,10.474438041932633
94489,9.207999137334356
94490,8.636503893421496
94491,5.637701128145125
94492,9.060942353244581
94493,10.237928492415616
94494,6.896339869882169
94495,10.905450324627932
94496,9.630590047902752
94497,12.265908122970217
94498,6.1626270734036
94499,14.132292874558217
94500,7.84309467238293
94501,11.58494207353442
94502,6.024144441378435
94503,7.183460458523802
94504,9.931185668138623
94505,8.576893541689207
94506,8.488775864101978
94507,5.577308595293589
94508,12.309051472488829
94509,10.355518360223549
94510,9.423189995684762
94511,17.01064879221534
94512,9.092522941743688
94513,9.528140330169103
94514,7.04583073273749
94515,6.23021175478932
94516,13.808890224170892
94517,10.097466542393173
94518,10.005036276650854
94519,13.299872110729527
94520,7.996771184333599
94521,13.87211733937652
94522,9.612456366225642
94523,10.527817138017346
94524,8.376757509722754
94525,7.566144491806606
94526,8.997428920596235
94527,9.263560859269717
94528,8.376716931142512
94529,10.449830867310201
94530,18.403340649557414
94531,11.044426083748771
94532,8.733410353976147
94533,12.800443665878712
94534,8.569538423198619
94535,10.504227446475591
94536,13.945450164437293
94537,7.7803354804643305
94538,6.791830477184836
94539,16.38342559083555
94540,14.282880431978413
94541,7.208081819289312
94542,10.800769676526262
94543,12.322430754630679
94544,10.62640021369003
94545,13.30081029010815
94546,6.008900359472543
94547,9.473330416972598
94548,6.80156876406078
94549,10.163499940585524
94550,10.977569568523293
94551,11.83465664330166
94552,15.301967000148995
94553,11.76183321538922
94554,9.626426657801082
94555,11.119277822697342
94556,9.380525217013291
94557,9.101114118111823
94558,10.224024927189829
94559,9.542518873357576
94560,9.587235961168265
94561,12.482757282749553
94562,6.771840663825685
94563,5.859684811082923
94564,8.01782786547076
94565,8.478639242487503
94566,10.24494925480894
94567,8.057142022412535
94568,6.930257315026749
94569,15.124523778233627
94570,12.759707625008271
94571,10.24020593531797
94572,7.203416062881914
94573,11.42170036737681
94574,10.322243377562714
94575,12.75876246784475
94576,8.10866722367565
94577,7.558592902726907
94578,8.792475190780442
94579,10.849216505604737
94580,9.016517179524268
94581,9.423538963398126
94582,8.858654980587529
94583,10.452950962229597
94584,11.164912847242487
94585,15.94803544293469
94586,13.787309291513901
94587,8.464714422573236
94588,10.887812415817656
94589,9.665397486757717
94590,12.382911634957388
94591,6.772719659990481
94592,7.779306503046733
94593,9.396181544092956
94594,9.338151656604236
94595,13.851896510428015
94596,6.780049461061482
94597,11.919040185811639
94598,7.209162524770276
94599,11.582232348314971
94600,9.014500931660688
94601,8.949391948884498
94602,9.917961251036996
94603,10.239972199083644
94604,13.911136614608953
94605,4.544165850469599
94606,8.746811958710948
94607,11.264235008278405
94608,10.955838747489512
94609,13.084801649905511
94610,9.452940313140374
94611,10.953538409403444
94612,7.518179984060003
94613,6.288232201056225
94614,11.758934325309987
94615,6.95061575628309
94616,8.310836333313764
94617,8.097926864746842
94618,7.421576655566938
94619,9.898664748443338
94620,6.398862249394312
94621,12.059358165700518
94622,12.506901893073353
94623,10.178166216906984
94624,14.417332538793039
94625,9.332447530620588
94626,8.209192048884002
94627,5.860577175075183
94628,8.906668201387694
94629,8.142299936847921
94630,14.217554377153993
94631,9.245847269064033
94632,10.532147328640182
94633,7.108360133463097
94634,5.625472381794717
94635,8.71194644536243
94636,8.613597446764732
94637,7.5328649505202305
94638,11.019960450064504
94639,7.3137273783773695
94640,7.069250339913092
94641,13.962228717811552
94642,5.631261687884111
94643,10.024045887422067
94644,9.983187868079867
94645,6.971211518399981
94646,10.0313248185547
94647,7.544470857714091
94648,7.72923925055416
94649,13.358476121403825
94650,9.409686854959443
94651,13.406362746363959
94652,12.750854456642973
94653,9.796584642791196
94654,10.581095520287091
94655,8.719977906021505
94656,11.34929716639255
94657,6.0327570327109274
94658,10.652608727275249
94659,16.5451532021278
94660,6.840995424585813
94661,10.648468480235163
94662,11.332633687270498
94663,12.695523514972468
94664,7.017856145016511
94665,8.67080555198011
94666,9.009121486378838
94667,15.568559559438592
94668,11.885182056335141
94669,8.726926687916116
94670,9.43595181041797
94671,4.3293951582313115
94672,6.529438977565329
94673,7.688731579398566
94674,7.896996982813943
94675,8.87219361965271
94676,10.39411411751922
94677,10.411016903824034
94678,12.678405626593895
94679,6.939259640134613
94680,9.41031692625782
94681,13.072147236762214
94682,7.392942948547004
94683,6.828868393342027
94684,9.465932759383302
94685,12.015846178671516
94686,10.337673370730384
94687,10.384383489028394
94688,9.817373503232252
94689,11.219421321576247
94690,9.71615661224595
94691,10.385364513670627
94692,6.132197507175814
94693,12.158735833223641
94694,9.265492652565808
94695,12.704192457799888
94696,16.949349715807397
94697,14.534089526667765
94698,14.095519653473895
94699,14.46669176318935
94700,17.68096169785276
94701,9.79839683900675
94702,10.290254874336455
94703,13.127698030337976
94704,10.219303895022943
94705,5.0717728426841
94706,7.544597606356049
94707,7.60506787467767
94708,15.914491281208441
94709,12.075559310730075
94710,11.224173952202438
94711,10.015304311206265
94712,12.837663704221802
94713,12.918413375002288
94714,8.209203857766553
94715,10.286226782196781
94716,5.401489981090366
94717,9.134160171421723
94718,10.93237932376113
94719,9.941300871080077
94720,8.708413747633914
94721,14.210128459374086
94722,9.502189014344463
94723,5.770448287102708
94724,6.97238461389203
94725,8.742412902621481
94726,7.406463716001106
94727,11.842568988768507
94728,5.519631265400095
94729,13.188816370097815
94730,8.218492360360786
94731,7.334316664468996
94732,10.639109428413262
94733,6.424793546294575
94734,18.60840071547358
94735,13.988386255283803
94736,14.815939171019963
94737,9.341224154870497
94738,9.935314887420507
94739,7.165911654927491
94740,11.36904389403855
94741,11.238607629588488
94742,6.995074944123678
94743,15.415905817840883
94744,7.922163097944072
94745,9.197340639541059
94746,7.186564505286202
94747,5.591379848011461
94748,6.809365114957901
94749,9.549073804785397
94750,9.336942824852741
94751,17.45471249333496
94752,12.596233527922102
94753,6.835767102871908
94754,12.339766501228937
94755,12.66080181718083
94756,10.896353585139758
94757,6.591664284556981
94758,7.492093731069306
94759,10.9279755913885
94760,6.773666152570824
94761,5.200674334546848
94762,12.571720649052597
94763,11.160134779752024
94764,5.367608484098353
94765,10.777016606380815
94766,6.714370705237871
94767,11.320369445367975
94768,7.326911541739918
94769,11.402809344846649
94770,11.412718991495197
94771,10.834942547330458
94772,9.53241713281824
94773,7.429970019338408
94774,6.982178531997199
94775,6.552514148348952
94776,10.371533914101466
94777,7.337502730347298
94778,8.702316325848582
94779,9.444104398237553
94780,9.541967050310031
94781,11.287627302169545
94782,6.282424627031195
94783,8.49734699251702
94784,9.614839058813155
94785,4.46029770453959
94786,9.194417429386528
94787,11.41800249561732
94788,7.004344241849866
94789,12.781090911484398
94790,6.407659505565429
94791,8.21178294728016
94792,13.585484196281561
94793,8.625998178934939
94794,7.383993811377918
94795,18.427128060518427
94796,8.316718364306531
94797,8.396980426265836
94798,9.58882672477724
94799,6.6994158350856505
94800,9.179922869926546
94801,13.001284799500208
94802,8.261093934499456
94803,7.186776121103241
94804,7.436718025546378
94805,11.092650467325262
94806,8.62349646338047
94807,8.413604338925694
94808,5.284964064109558
94809,8.868244954168006
94810,13.620632088385037
94811,9.537501294338695
94812,5.857878139203496
94813,12.14906203362258
94814,10.658336183951203
94815,10.996545687852707
94816,8.476123160908905
94817,7.23234068989854
94818,11.359122526120176
94819,9.295401301492648
94820,7.725504357656329
94821,11.265068515216067
94822,12.193901452525767
94823,12.733395741759699
94824,9.146107728881649
94825,11.43089112361587
94826,10.289161958131865
94827,6.250091838259106
94828,9.76984836174852
94829,7.074541336371077
94830,5.633901367299941
94831,8.936856397457102
94832,12.932518185252075
94833,9.856513637463687
94834,14.059332845982249
94835,11.179870380354505
94836,10.74761968593477
94837,7.3976029786419435
94838,9.191829935409801
94839,6.394119677163998
94840,6.869256943338297
94841,8.402038006094296
94842,11.144562448346212
94843,9.295678413207012
94844,4.469506642746824
94845,7.549152481885029
94846,8.089011779742545
94847,8.60850450025066
94848,9.068397529891374
94849,10.661061758204426
94850,5.0833586222569584
94851,10.075667882767338
94852,13.458740427020848
94853,8.071718712019532
94854,8.513116190790157
94855,4.912681072325374
94856,4.411672544710607
94857,9.631393308526572
94858,7.210700788022587
94859,10.521925858799346
94860,13.755264237154606
94861,8.712537548223121
94862,9.827790295334776
94863,10.564272735741822
94864,7.9002907656715475
94865,8.809946279176845
94866,14.972635098964497
94867,11.777810244966698
94868,10.000809914610443
94869,9.785065274296835
94870,14.525732633515528
94871,11.289339561793014
94872,11.68917130628093
94873,10.455981918154006
94874,12.514923629150672
94875,11.195053808631368
94876,4.433043593179853
94877,9.280683502775654
94878,9.89889891055199
94879,11.676352252508725
94880,12.090815257859234
94881,10.031448092676406
94882,6.946631227084754
94883,9.45932519775613
94884,9.439800794761524
94885,9.979367417161535
94886,8.61486120715151
94887,14.714774407072829
94888,13.86773776693507
94889,9.213189226494967
94890,13.64322950365035
94891,10.655208938807968
94892,9.651407862546815
94893,9.478310102170344
94894,9.876509122527853
94895,5.139910834297299
94896,10.132083898436475
94897,11.686923291944282
94898,11.343544590091488
94899,12.120214955865276
94900,7.374151773085389
94901,9.328611528317792
94902,13.086278479441782
94903,10.367703003959946
94904,12.370954293700054
94905,13.004934153142496
94906,4.9579595746840095
94907,9.820549554097248
94908,9.200979833026018
94909,9.763413154252259
94910,8.24086202032029
94911,7.9791214392962475
94912,15.112457557970838
94913,9.566113345136895
94914,7.414117301444188
94915,9.589267775457929
94916,8.757934634089988
94917,14.430579754684738
94918,7.848060682817982
94919,8.0105147723322
94920,6.9331469202872285
94921,10.307122228523273
94922,6.766410355882627
94923,4.212872138442526
94924,7.947584928858447
94925,12.740564018105442
94926,6.528103822844473
94927,12.02915225010003
94928,10.52526657665019
94929,13.160234143005777
94930,9.92258592077075
94931,10.138880748889038
94932,11.486067106171017
94933,12.889701876734359
94934,14.44566625119107
94935,9.895106994992293
94936,11.202461221966601
94937,5.560119268418784
94938,9.261911218931388
94939,10.47177521877686
94940,6.918232054277368
94941,13.736710433120688
94942,7.30178900669853
94943,8.461966544918457
94944,9.598823625216344
94945,4.789178807493073
94946,9.72470625660478
94947,11.13921542577788
94948,7.282571058416304
94949,10.9161174022641
94950,12.484174226109868
94951,11.140570304167346
94952,10.564615109548658
94953,11.43226086321214
94954,9.661767589221363
94955,6.332337127648138
94956,8.830294065315922
94957,6.683882652513498
94958,12.91865699243894
94959,8.730357462354847
94960,7.508589585641056
94961,9.391549180488798
94962,9.29928573938677
94963,7.1558420905389
94964,9.605524515430286
94965,6.3030646225835625
94966,13.112454252584111
94967,9.573429689810023
94968,12.894090404533955
94969,7.506709978886403
94970,10.265718825258421
94971,9.23290945505958
94972,8.279298558410247
94973,10.520830062285343
94974,4.173825281584241
94975,7.559674663905346
94976,11.555967060016684
94977,7.859347362465061
94978,12.166082921988654
94979,10.810026746627445
94980,8.75342927938858
94981,8.947973031255117
94982,9.986938885184559
94983,7.726203715915938
94984,10.704180463685896
94985,7.815207439887013
94986,9.542664010996848
94987,10.673199675394386
94988,18.643501699076616
94989,9.803223175577715
94990,9.34742846509194
94991,8.057701401021607
94992,9.484278753506363
94993,11.678889839532653
94994,11.218783987365038
94995,10.426385156051875
94996,14.11744767222533
94997,10.069410281061177
94998,5.910947106812633
94999,13.023090419342072
95000,12.340809849094459
95001,9.057788712394139
95002,11.05310481734973
95003,11.740634319707734
95004,10.226980934959299
95005,11.60474217503976
95006,16.313043437956388
95007,11.080312097592373
95008,7.586141658994928
95009,8.062168302500321
95010,8.53372757643364
95011,10.029842588989435
95012,7.179710244822334
95013,9.538603606128827
95014,13.210192458253605
95015,9.961952249016974
95016,15.890585975762104
95017,6.521987560847616
95018,12.566744530523227
95019,9.465695409298498
95020,10.779879991386093
95021,9.909169836507278
95022,9.080943891858139
95023,7.698475258695969
95024,12.561577785832577
95025,5.347070456957912
95026,17.01530549700818
95027,8.872481505819213
95028,8.499358046339799
95029,10.773502589953372
95030,10.434836667550561
95031,9.415594218663438
95032,9.66627524151283
95033,10.955941274030817
95034,13.01946319210524
95035,8.880590535480192
95036,10.07982936195199
95037,10.334827425184852
95038,13.250118641070276
95039,9.508113526457533
95040,7.126720927064399
95041,9.24825830188529
95042,12.533884874455435
95043,6.743441504554033
95044,9.411323723465078
95045,9.332874187477563
95046,7.272349127725478
95047,10.937389299801913
95048,4.413500855577496
95049,10.219085420712512
95050,12.98276240656019
95051,8.336209296986757
95052,13.937151905939848
95053,12.744519993443411
95054,8.996694269134716
95055,9.992524698929717
95056,12.22870484437108
95057,7.442447855256928
95058,7.0430585465525155
95059,11.600940866008834
95060,9.149911546034113
95061,11.430303825702026
95062,8.34378430064757
95063,12.218940447348803
95064,9.168823815966174
95065,8.080311084051838
95066,10.26048140078142
95067,14.11351989107408
95068,11.419297751147361
95069,8.700331897331365
95070,6.144027557857569
95071,16.358607478708894
95072,8.479138189706685
95073,9.929940840902368
95074,15.007402130109886
95075,11.076713622643567
95076,8.732411679117146
95077,7.602912809096251
95078,9.76018046156312
95079,8.563514329055051
95080,9.682543374443037
95081,7.181647641378653
95082,12.784925713683709
95083,17.3672559164527
95084,11.941052498350052
95085,8.133909067976909
95086,7.78599401347486
95087,9.31013805155537
95088,12.632415954805108
95089,6.269776591815704
95090,11.680381935430175
95091,11.615450105024905
95092,9.86527873023336
95093,12.280977432366203
95094,6.455433540444361
95095,12.682245138216185
95096,5.3085440935366055
95097,9.447802164886449
95098,16.921765848546123
95099,13.233391863064707
95100,7.500208413963856
95101,7.059533961169095
95102,6.394788814448254
95103,6.323420745823229
95104,10.750880868611649
95105,4.714854066963611
95106,8.333833603012698
95107,8.114666653388866
95108,12.30149485392809
95109,7.042661720463395
95110,6.646155855827447
95111,10.666867870458926
95112,10.289757129018273
95113,8.243127373570843
95114,7.144141897937329
95115,10.352054940341608
95116,9.11570818068181
95117,7.330590258551725
95118,15.297616973728557
95119,13.340563426618615
95120,9.40060968693599
95121,7.395269004338344
95122,11.928446023349888
95123,6.130679702307982
95124,12.842600615836258
95125,11.724872167495654
95126,7.313162053169881
95127,11.133559176851225
95128,7.312854678045572
95129,11.713501871749022
95130,9.328481254144409
95131,9.90896067762794
95132,10.392144602167779
95133,9.45622381071044
95134,17.583569517288204
95135,10.49520231059196
95136,14.642887844075144
95137,13.832440809912606
95138,4.984655328696574
95139,5.971612052563778
95140,16.481234740292514
95141,5.909028545924658
95142,9.64786883675821
95143,6.4424965295455605
95144,5.571065859318457
95145,7.146151403821153
95146,8.012851262482027
95147,9.753876285147077
95148,9.339303707556272
95149,11.132482358150323
95150,9.84709645040976
95151,8.292497745578391
95152,14.063580139726247
95153,8.1757355519719
95154,11.001505682854551
95155,13.4563396662034
95156,14.491581292509215
95157,10.551496629000075
95158,8.020803196394969
95159,8.183611392516521
95160,6.924627521303431
95161,9.730391543251416
95162,9.36884935401028
95163,9.673088559310907
95164,6.486624882123064
95165,6.707610123941139
95166,9.46992112142839
95167,12.635840658741246
95168,10.610683508301912
95169,10.314261318395769
95170,11.111430575550648
95171,7.10081761040585
95172,9.817135270629686
95173,8.387759028375717
95174,15.10209232752565
95175,6.45576039207594
95176,9.02231462255508
95177,12.535278751917337
95178,9.811377648106975
95179,9.978189668315025
95180,9.48504839691994
95181,11.281604737974122
95182,8.32297878013944
95183,5.788018870192768
95184,8.323601659535749
95185,10.049033821874142
95186,8.25758632228918
95187,13.794923810543784
95188,9.41067758988235
95189,9.525614477387848
95190,6.385824660346019
95191,9.407545641756997
95192,8.205974045029103
95193,8.652904020945947
95194,11.448540953577872
95195,16.21796821843791
95196,9.536508593380814
95197,15.47808121361806
95198,10.859560440579646
95199,9.589921570358072
95200,8.112333787933688
95201,9.830379333392658
95202,9.384031461137763
95203,13.116027662887214
95204,7.772364639692263
95205,12.894979880024346
95206,12.969302376784992
95207,8.25616945354551
95208,4.7048330937659255
95209,7.110024737015382
95210,11.471418783019766
95211,7.703520137584047
95212,7.577166246601666
95213,11.040336541425187
95214,9.3446082274013
95215,8.31329206087706
95216,8.815717522534857
95217,9.642237177884244
95218,6.1705843133085665
95219,12.72570649421711
95220,13.901513602530281
95221,6.999675616781478
95222,9.578605914196284
95223,6.719387280915889
95224,16.602044448315002
95225,9.167246010872585
95226,11.64995268912322
95227,11.106669118469586
95228,7.580497021160548
95229,8.744187713012414
95230,6.322221487494656
95231,8.282810620026414
95232,8.053058729281068
95233,6.12528134274676
95234,5.737456812361314
95235,8.301999794947719
95236,11.2799979914621
95237,15.317452549847184
95238,5.993250971139484
95239,7.726776787368624
95240,13.993668601336784
95241,7.346314681477456
95242,8.324268409652127
95243,9.90633949314255
95244,9.7961764064693
95245,14.856494939233869
95246,9.238029658759778
95247,6.505583583085868
95248,9.384511240471529
95249,12.440571721009869
95250,4.59363863257379
95251,6.955868798993933
95252,9.003869816736886
95253,9.75255181892274
95254,6.611570354027755
95255,6.884388378424187
95256,7.140759694575851
95257,11.49318833433145
95258,9.446678869309205
95259,8.773804170825612
95260,9.337478865497623
95261,10.376360661953782
95262,9.422190531759442
95263,12.789584148983916
95264,11.487758894396322
95265,16.796149818598884
95266,12.540518738450704
95267,10.306710324575025
95268,5.662397576449078
95269,9.036817796794033
95270,10.662388516688782
95271,7.1855871840648105
95272,10.23890911165559
95273,8.211552247789792
95274,6.768447641014944
95275,10.881143445477495
95276,7.584309903251293
95277,6.368026482576217
95278,5.543925021510281
95279,8.508192635267843
95280,10.493824848276674
95281,8.451501568471647
95282,8.845128363232684
95283,12.74409265398435
95284,9.25468120642951
95285,7.393461697316357
95286,13.88242830073645
95287,4.918707301157468
95288,6.92704736322774
95289,12.169224836713706
95290,11.050737247329442
95291,7.311605316567989
95292,10.267004921579957
95293,5.564952252611005
95294,9.96413913690385
95295,11.77722172049228
95296,6.9906446693674935
95297,6.973326846085627
95298,9.84753039768195
95299,6.811717190397802
95300,8.716392168262967
95301,10.050542677879516
95302,7.207235770942871
95303,8.672922525561724
95304,9.420279724861254
95305,10.535331857948801
95306,9.526507128238853
95307,12.441647188842772
95308,14.797308422687525
95309,9.862606785199512
95310,5.083858788253119
95311,9.452614393214056
95312,9.435671924208147
95313,9.323314536784412
95314,12.731540008704435
95315,12.195944503199376
95316,11.88566425060338
95317,10.022379011774284
95318,8.0846541997495
95319,11.772734783083063
95320,12.575848355778556
95321,8.989581489204584
95322,10.153366971151913
95323,8.426757456971298
95324,10.4499368490759
95325,11.763658895934089
95326,14.697112683530065
95327,9.41429080310583
95328,5.115720077581884
95329,5.958059449968916
95330,10.960479985031466
95331,9.02554758366891
95332,10.815123702033834
95333,10.785142869010237
95334,11.779648741668982
95335,8.171259296258663
95336,10.520012858949176
95337,13.071192575981547
95338,9.521226699039932
95339,11.306951982672498
95340,8.153933860260883
95341,9.867957835879315
95342,13.321981085296766
95343,6.944447062451904
95344,12.317742305872974
95345,14.019849725827447
95346,12.605005613160976
95347,10.103389610631309
95348,9.622399524981645
95349,10.806411688672913
95350,10.32508494561802
95351,9.640768934222088
95352,7.251238811085166
95353,9.38533198047342
95354,13.84399715800484
95355,10.492054775963414
95356,5.5388544296087945
95357,7.0666083206951384
95358,11.219015223749269
95359,5.855945150383638
95360,10.002403208024447
95361,9.92370022367821
95362,13.639942275248945
95363,9.219038237454185
95364,9.50343089864763
95365,8.909169195563303
95366,13.374998757745445
95367,11.465899664162734
95368,6.514410822761666
95369,11.307881633525389
95370,7.98610559247504
95371,9.124853321959408
95372,6.37664480749337
95373,9.632576072629105
95374,9.704772229207652
95375,14.984737759493715
95376,9.582827899726398
95377,8.687874173061925
95378,7.953174566228659
95379,9.619074597082395
95380,7.726350911931734
95381,11.349168898774176
95382,4.493585279389881
95383,7.400307653125873
95384,9.27320119914081
95385,8.387591215561518
95386,7.578829428523994
95387,9.374473267718308
95388,9.487164980699871
95389,8.089408071198259
95390,11.187885838822316
95391,11.706214857422314
95392,9.92710989690806
95393,12.150600360681716
95394,9.674091461507695
95395,10.242058072985238
95396,7.656593666496532
95397,10.084958188994758
95398,9.537647420638503
95399,8.588787525245314
95400,4.078316580969361
95401,11.923414496523797
95402,8.067423538217804
95403,9.45686842188934
95404,6.980883023788584
95405,8.424820311751201
95406,7.062178468144587
95407,9.544066964039393
95408,11.406999199938243
95409,7.249945100588343
95410,14.148071417449794
95411,10.953035058627384
95412,9.66972570159569
95413,10.393183839585632
95414,6.228092812189383
95415,6.190295295764174
95416,6.263417058229255
95417,6.397289261889319
95418,9.505243086780657
95419,9.406888484988773
95420,6.718896999780249
95421,9.133775026012229
95422,6.678715139585488
95423,10.202170453501841
95424,10.583903489608042
95425,9.433636732911964
95426,9.99649434825896
95427,12.09376113443681
95428,9.213212641285066
95429,14.542174022817727
95430,9.131412697472623
95431,7.383061299748354
95432,9.799610442649094
95433,8.314907277175651
95434,9.127748857151433
95435,8.991922033342647
95436,13.363452408577839
95437,11.626278386935454
95438,9.498062756550254
95439,6.98226520635072
95440,9.06322638095325
95441,9.312641097263626
95442,6.387381190594452
95443,8.462088061449432
95444,8.45271054383401
95445,13.012918633104425
95446,11.318518339191503
95447,7.063142079613703
95448,9.51159629924013
95449,11.154276257145408
95450,11.3871856728117
95451,9.083040692832272
95452,8.419547881706245
95453,5.018729433651411
95454,7.974354603855443
95455,10.21399760740254
95456,9.93865798954192
95457,9.811993590661007
95458,12.895667838945139
95459,9.339889425242884
95460,13.166331481937396
95461,7.504163069546894
95462,9.192463056842254
95463,9.551341654895275
95464,8.527922721045003
95465,11.468907144505721
95466,10.822827365416085
95467,11.523919681150879
95468,7.923449754744337
95469,7.645664127746267
95470,9.501074276355785
95471,5.2250852706127064
95472,8.254685336841046
95473,7.098748487298219
95474,13.159865078906742
95475,11.245635793091251
95476,8.913057899528289
95477,11.365206997494957
95478,7.5965016213528145
95479,8.429166713262243
95480,9.51969603232428
95481,6.633890731644216
95482,11.973998697421301
95483,14.645769176249843
95484,9.18206344326771
95485,9.908144891595816
95486,8.507746239444266
95487,10.158655841409605
95488,10.251788717204281
95489,10.263419379400641
95490,17.209932196254307
95491,13.135763054889381
95492,7.520799081589061
95493,10.221370512067695
95494,15.607300178849005
95495,11.303227715265786
95496,10.37659668507525
95497,8.635579159267644
95498,5.750855410375738
95499,10.56364253796107
95500,9.30685005047796
95501,13.962855523073808
95502,7.6122819205674475
95503,8.409777939481593
95504,10.05726353985104
95505,8.54074047629517
95506,8.16191343993312
95507,7.191975954570674
95508,5.843942875701754
95509,12.803102030164533
95510,10.870313815738623
95511,9.110212939789225
95512,11.069308820791829
95513,11.792977584272158
95514,4.771830341180752
95515,6.907384006071585
95516,13.426629562111136
95517,9.501371897838848
95518,7.140436373809777
95519,7.740471816485839
95520,9.816018203732723
95521,9.49487156282294
95522,10.789266304849614
95523,11.74061177269265
95524,6.75182487585113
95525,9.334591208840141
95526,11.199219987055187
95527,9.771733785385354
95528,11.765048788477054
95529,4.764308625295772
95530,8.8876392022381
95531,6.055699074078598
95532,11.331720322029485
95533,5.530849937071149
95534,8.942180884745955
95535,12.929512004922032
95536,5.6552292362808485
95537,9.437589607668224
95538,13.80502525056614
95539,3.9608029472829274
95540,15.101297242141595
95541,10.533487128258466
95542,11.077372041908797
95543,11.060565442784362
95544,18.004338565554896
95545,6.744070859218991
95546,10.429994276042455
95547,12.026640265506288
95548,8.906535270429739
95549,6.178989981613826
95550,10.228181797974427
95551,13.676187060796057
95552,8.594099534750715
95553,6.570653079959082
95554,10.159159263837974
95555,5.478569387375137
95556,6.987009611204677
95557,9.019708123932265
95558,7.944315251924159
95559,16.39370446321748
95560,12.339510833679224
95561,9.249805886816418
95562,13.108916153195418
95563,6.992726084010108
95564,6.5023556738369646
95565,7.626943122754289
95566,14.05245628119646
95567,9.19877664321493
95568,7.1555975737417725
95569,8.36462499827243
95570,11.855489327922644
95571,8.480379743487145
95572,6.073854700903711
95573,11.572622012358698
95574,10.024484636570289
95575,10.871346184129965
95576,10.11438520281515
95577,7.500605653986395
95578,9.682052050098617
95579,7.434205968788666
95580,11.174885110840535
95581,8.765990673438441
95582,6.298816540436014
95583,9.58287600887815
95584,10.191047760980496
95585,9.850065411943593
95586,9.143440853902117
95587,8.688711220461398
95588,11.845044162888914
95589,9.047174882590793
95590,6.448500503192291
95591,12.998094869431508
95592,9.717605072582966
95593,8.374469903393353
95594,12.014297285808212
95595,7.553679168315364
95596,7.337859949645349
95597,8.906868818622572
95598,9.648687065741468
95599,6.033453145176591
95600,10.40883503899786
95601,9.071237886739935
95602,7.021150348095593
95603,5.0634413644487
95604,6.341784953700239
95605,7.346604718331757
95606,9.871901629039739
95607,7.498075431449516
95608,9.938045967467907
95609,8.964629946317045
95610,14.36575836769432
95611,8.339819841570986
95612,9.557167856298458
95613,9.968841710746489
95614,8.772050538956027
95615,12.287889796918392
95616,8.370828384020559
95617,7.411919511489235
95618,7.2786382946466315
95619,7.320031907355784
95620,8.462400282048199
95621,9.23974692147965
95622,13.258742419065896
95623,9.547895770557192
95624,9.521073670872296
95625,6.113244908313461
95626,9.300034431185153
95627,13.257317853612458
95628,6.440291540589618
95629,12.21356033212172
95630,10.891378808604184
95631,9.060153821132165
95632,6.20001503511988
95633,12.031222163933725
95634,11.52697400676995
95635,7.4707244292468875
95636,10.458938683406334
95637,10.302015531476783
95638,6.239554332395913
95639,9.33304445114405
95640,9.421263235631791
95641,13.644554266076335
95642,16.895573169637185
95643,4.180937862660349
95644,9.370949465890192
95645,9.126500950417945
95646,17.16785515998019
95647,13.273492940714089
95648,12.437997712608169
95649,12.560468696408485
95650,7.041632642227652
95651,11.124883687381878
95652,8.96009817648488
95653,10.264103497671135
95654,7.027641036108589
95655,12.083729228272722
95656,14.705055454944993
95657,10.031658917386169
95658,6.56546152888567
95659,10.952392646690717
95660,9.435593333150715
95661,9.861926679914358
95662,6.585133163402662
95663,8.14109207307539
95664,9.05514112955647
95665,7.219982398554582
95666,11.197918273399175
95667,4.186109973572619
95668,8.804806123109543
95669,11.413633307174903
95670,7.530564090230984
95671,8.920389663052214
95672,12.906637932165605
95673,12.458634382622995
95674,7.670591091674718
95675,8.173476977653754
95676,11.208199118192336
95677,10.02697110610561
95678,7.40125323660516
95679,9.867373037486624
95680,8.476113363907459
95681,8.136497226500433
95682,10.64081963970365
95683,9.078612584688534
95684,10.017802635270826
95685,13.119752076906186
95686,8.967749183156608
95687,11.242556626271545
95688,8.922977453446833
95689,8.689962930072387
95690,8.083507404533119
95691,7.769114792362416
95692,10.309892525134009
95693,10.845308455412441
95694,14.845336657479175
95695,10.53133555668825
95696,8.702469193151703
95697,6.824088065621896
95698,8.792422618300538
95699,9.723602873361942
95700,11.567541667698938
95701,10.342120013386628
95702,12.598969082427832
95703,4.635107578609839
95704,9.58192898636958
95705,10.7419269543512
95706,12.326206621752501
95707,8.80908406998044
95708,13.621957012805504
95709,8.475676923770079
95710,11.160751070875529
95711,9.34221235326171
95712,9.32067795716879
95713,5.08137142305778
95714,9.965116635283241
95715,9.190024609282471
95716,10.378964142120838
95717,4.283646795910149
95718,10.466974667311225
95719,8.189081559430427
95720,8.995440871794793
95721,11.185021428578827
95722,6.287343687699805
95723,9.13450895659252
95724,5.210512220484597
95725,8.534502581221563
95726,6.114608640198424
95727,10.223557937671114
95728,9.163291881669327
95729,5.852509573677304
95730,13.900680866735058
95731,13.429738501599303
95732,7.560850359353006
95733,9.379264219804805
95734,8.625926398522271
95735,6.655536275786945
95736,15.790163763842553
95737,9.029297762693895
95738,13.830237991870675
95739,10.395326625180108
95740,7.516534955848127
95741,7.9683140347285555
95742,6.081666859277013
95743,9.265335062937499
95744,6.580398836278368
95745,8.281697195647482
95746,5.511503659381011
95747,11.491464552416248
95748,9.717161945547119
95749,10.140150420605597
95750,9.401738765125673
95751,9.257595323426084
95752,11.688154056245612
95753,10.820033479637349
95754,6.311602478484158
95755,8.396548029525054
95756,11.481955790789735
95757,8.176229828164145
95758,10.703003295585711
95759,8.896777011590178
95760,7.237187182125792
95761,11.013731507631196
95762,10.786639415481948
95763,9.49792149940054
95764,11.8911760768659
95765,10.249979468656502
95766,10.33466771490065
95767,7.135718530773282
95768,8.67478280957797
95769,7.971786466800424
95770,14.876003201055989
95771,5.345527492499298
95772,9.313187748448694
95773,11.938819136012432
95774,16.31082916570524
95775,7.765101464720873
95776,13.42918459291327
95777,13.381448224379866
95778,9.164390976105416
95779,9.333823993432357
95780,6.175831156138669
95781,8.904346876793834
95782,9.386691779344671
95783,13.909297072857552
95784,12.583331397509955
95785,8.819710682239997
95786,8.14534573278694
95787,13.4426825155052
95788,14.588597434540413
95789,12.317472076744044
95790,13.433056222314264
95791,8.972367386906978
95792,6.405757701886482
95793,15.30845228798393
95794,8.785239528650006
95795,11.679785797795315
95796,10.677462769153351
95797,14.74783476982249
95798,7.1106498822413515
95799,8.338612437376705
95800,11.24608310956032
95801,12.549960499103785
95802,9.495915778912488
95803,4.190214399413385
95804,8.401343088857988
95805,9.50851825294085
95806,9.871279469098235
95807,15.995325770697553
95808,10.204459859575335
95809,7.904633465093793
95810,8.095628206082754
95811,7.976395035672337
95812,8.222117992652919
95813,10.809270529847428
95814,7.060774679310453
95815,11.880993369746752
95816,5.469422497579697
95817,9.902348611161013
95818,14.411085534708743
95819,7.6688831051071755
95820,10.950288311993079
95821,7.893017177319973
95822,8.80550629816339
95823,10.249699633885871
95824,12.512353443401162
95825,9.553860777838693
95826,13.24176186169509
95827,11.798764137652881
95828,8.580921369132255
95829,12.27501155154052
95830,8.362359129365364
95831,7.06003485230796
95832,10.481433112408952
95833,9.161830219952922
95834,11.627241215081018
95835,5.863353618549871
95836,9.50775281189767
95837,8.79912808220671
95838,3.9667604246807358
95839,9.42300173208747
95840,12.332712492695185
95841,6.3836099899946355
95842,11.32050954905102
95843,8.359089912374014
95844,8.088163602525904
95845,14.29124331130493
95846,7.248524325520518
95847,10.783750983460653
95848,9.22649517028087
95849,10.913243602635465
95850,9.43611473548602
95851,13.789234462691889
95852,8.38484531945478
95853,5.156218058741412
95854,9.153825567310275
95855,9.672588659825767
95856,5.731459084225376
95857,15.328594190177958
95858,12.951071078778867
95859,10.609253783906077
95860,8.668707736248928
95861,6.940674121422558
95862,7.640183386952029
95863,14.039682159346318
95864,5.6183889342678635
95865,10.425804140518713
95866,16.27869354505669
95867,14.660527810552015
95868,9.55519583195403
95869,9.49467033592163
95870,7.006740888183553
95871,12.19097155292596
95872,9.781028610750411
95873,7.205440081456547
95874,10.626235435181238
95875,11.957427989105582
95876,7.188786224439792
95877,13.182572562895876
95878,7.349615140802902
95879,11.54185267917583
95880,7.192260183454492
95881,11.966816502246058
95882,7.927877469211296
95883,12.931411681945693
95884,6.186578909711586
95885,14.242225993534399
95886,8.058746651208732
95887,8.500160788065523
95888,16.716687146934277
95889,10.272110866504757
95890,7.565759975989238
95891,7.281372054642391
95892,10.175962713482388
95893,9.447742802236222
95894,12.740858193010059
95895,13.318004221804879
95896,7.766014859320039
95897,9.205177058466269
95898,11.176197815445576
95899,9.526324682502755
95900,6.816518207042111
95901,8.629157769119463
95902,5.1809802587521965
95903,9.53402526914839
95904,7.21146096841526
95905,4.080737035239512
95906,9.534895877265923
95907,6.9175198526775805
95908,8.891275070029806
95909,6.877900122769707
95910,7.476334404187623
95911,10.011710503134514
95912,8.383341648509415
95913,9.025729163137763
95914,11.027663417779383
95915,9.933611008227903
95916,8.883621655566657
95917,10.957829189042267
95918,12.062060833532504
95919,9.009031283587547
95920,5.935399189983221
95921,6.829061370560202
95922,10.010295342791753
95923,12.924592763177378
95924,8.85049329173202
95925,8.160777018181179
95926,5.12536607020194
95927,10.156359578954362
95928,8.775422963626434
95929,6.930296182988518
95930,7.3583389294304755
95931,9.791119783831242
95932,17.22607025686444
95933,12.497326735892695
95934,8.672436022668368
95935,11.840237660365219
95936,8.91317849990591
95937,11.465046816269588
95938,9.058258188022943
95939,6.9015810643052165
95940,8.927211989828209
95941,9.646338493334907
95942,11.113463922622927
95943,10.406728790598143
95944,7.723981318533191
95945,6.988695972551367
95946,10.120511324774615
95947,7.197784345666842
95948,11.217994885807482
95949,16.156232547115177
95950,9.284889593956652
95951,12.881523520879167
95952,9.069071806821393
95953,11.925664182984463
95954,13.259108334106685
95955,5.839135433857392
95956,10.405829611719412
95957,9.875908058701636
95958,9.670618822649649
95959,9.839462620043047
95960,5.459601124916088
95961,10.207748589970091
95962,18.309422372402103
95963,9.447153744041078
95964,4.4206190927365
95965,11.786297265360574
95966,6.392393062810522
95967,11.990217620929016
95968,9.05464777661619
95969,9.769973520391641
95970,9.64362954947478
95971,12.933440785792769
95972,7.211849967449493
95973,7.451709161301271
95974,12.331585111638983
95975,14.632412900757249
95976,9.361896760678013
95977,9.568209406158676
95978,11.493190357990244
95979,9.167962255727222
95980,7.107409745017111
95981,8.176815350568512
95982,8.750850197187074
95983,8.733424669370649
95984,8.340861691004324
95985,10.092991654707282
95986,9.410663417694327
95987,11.959454175235944
95988,17.022594415596824
95989,9.773164256271116
95990,8.979732425021865
95991,4.048223228061089
95992,8.418371016273374
95993,12.825905018141967
95994,9.83694922803088
95995,16.88814820710342
95996,10.984186121622795
95997,10.026450735795853
95998,12.625260277717485
95999,9.629373479339673
96000,11.45249848084532
96001,9.650181293439822
96002,9.888941775993885
96003,12.767295490227268
96004,11.293359315566088
96005,10.896444516349604
96006,9.437622949499914
96007,7.100670219786826
96008,7.336069173185746
96009,13.134065403089298
96010,13.249770565001953
96011,9.376259161005773
96012,8.742726656515298
96013,9.86738628239539
96014,7.903685790299514
96015,5.9592939025302805
96016,8.549969651377225
96017,11.184485344539524
96018,6.755447863398172
96019,12.28875796787043
96020,11.733917548254976
96021,9.507879121489996
96022,8.812961959350938
96023,8.464792708685362
96024,6.8660411706574624
96025,10.035682510922246
96026,10.75226778727986
96027,10.600252278598592
96028,8.478001338133865
96029,9.867676908767418
96030,7.902084449442759
96031,11.857378123844189
96032,7.365662849037863
96033,6.358434034560139
96034,7.051981108948975
96035,6.616490955607929
96036,8.95546489620072
96037,9.369471019186554
96038,8.961477998318776
96039,15.197900839769323
96040,8.127945435001541
96041,9.81386391385711
96042,9.765870636008223
96043,9.910923638711807
96044,15.608891777671023
96045,8.968475604129347
96046,12.138561685896914
96047,10.840103360526822
96048,8.892277659187522
96049,11.285711041860205
96050,6.60562508432236
96051,10.755081658162087
96052,13.110628505474235
96053,12.39424698997413
96054,12.659843153167584
96055,9.894644457360965
96056,6.344916736059833
96057,9.262340833381886
96058,12.825034691309948
96059,10.958211954751373
96060,9.133745212262081
96061,10.196945587684734
96062,11.286053831839604
96063,8.976823454137008
96064,6.993552646211183
96065,11.182648642662002
96066,7.144693177277759
96067,11.328140425547733
96068,6.724545229923267
96069,8.28663568590952
96070,14.284739011773794
96071,9.0496324568731
96072,9.949214349890735
96073,8.9878740636766
96074,6.7722419460588
96075,10.049108150881933
96076,11.238409757451413
96077,7.745198350496965
96078,11.887893947210609
96079,9.19108085782744
96080,14.16186224298222
96081,7.148571929360827
96082,7.410571263503814
96083,9.748628229078353
96084,8.029086643471146
96085,11.439416061641406
96086,11.25266767875073
96087,9.131579127813486
96088,8.332936988494483
96089,12.723290695705078
96090,9.115543489305
96091,10.044687532796496
96092,7.258561761929066
96093,8.373728374494155
96094,11.319235798382966
96095,10.316757317470104
96096,14.28657015892136
96097,12.740796615521438
96098,8.40671140408868
96099,8.314121363040888
96100,8.234611395029964
96101,9.118879095518285
96102,12.611683281582978
96103,13.217022161084225
96104,7.382006876028676
96105,13.321640356696857
96106,12.448822664540433
96107,8.735839608088932
96108,7.378580638009003
96109,6.250331222411721
96110,8.021172030683188
96111,13.701524410224247
96112,7.294967349818149
96113,8.01774568497081
96114,13.371486823739781
96115,11.891896037650575
96116,8.291661284917932
96117,11.159927244524182
96118,8.75391587763217
96119,15.73268338428333
96120,11.791882634286939
96121,4.991726827016761
96122,6.555018458893981
96123,8.95846461961864
96124,17.144419437654165
96125,4.531286298106987
96126,9.876711651133308
96127,7.566412993243
96128,9.253876908133282
96129,9.540730436059302
96130,10.106091392473045
96131,6.577578573054472
96132,8.27792154222264
96133,9.621920503214033
96134,9.347932129546084
96135,10.579784727846441
96136,4.50756215713162
96137,8.804338969632806
96138,8.38892531531079
96139,7.582506978053575
96140,9.548063197876758
96141,14.375928769332381
96142,9.269598068239349
96143,12.921943676883348
96144,13.156016336386685
96145,8.375955179115795
96146,13.094896814744718
96147,4.451302933426581
96148,7.823794338778898
96149,10.508419171398387
96150,10.291946170341832
96151,10.725971618241989
96152,11.191449140395397
96153,9.033139303828609
96154,9.874961123527552
96155,9.009329283567855
96156,9.11644916214674
96157,7.457276917039391
96158,10.363499277205667
96159,7.319083266533397
96160,10.303368584921822
96161,6.364995421989381
96162,9.157165502194378
96163,9.606568128522246
96164,5.400406778004132
96165,9.483034658341845
96166,11.046843134555875
96167,4.130294731083877
96168,11.753547962904147
96169,10.85881129954698
96170,10.988446669700732
96171,10.508305753694929
96172,12.6018717079523
96173,8.489145685991115
96174,7.429527475655432
96175,9.44225492147111
96176,15.787312676988751
96177,14.690860852790696
96178,10.277691032991191
96179,11.565195087972615
96180,9.686197441373448
96181,9.533581074038471
96182,11.120812826315529
96183,7.679891980804996
96184,10.975568934307642
96185,8.165515068577168
96186,17.484954621868532
96187,10.010782148089962
96188,7.405611850432744
96189,11.44794031884581
96190,13.48726224625462
96191,11.107328654192852
96192,5.881850151565313
96193,7.973879434110731
96194,14.054340192513006
96195,10.75862705053127
96196,8.538154226090088
96197,6.773396683889624
96198,4.308826572176715
96199,10.377692469162026
96200,9.771610998304752
96201,9.692114165453651
96202,9.341436782423148
96203,11.5115945158531
96204,10.330937044296967
96205,11.569101770948489
96206,8.70912660574598
96207,11.164733174928836
96208,4.769858327550002
96209,10.910689108973454
96210,4.714606526031947
96211,11.072626826610314
96212,17.39966361125653
96213,9.047086318405505
96214,8.757286545574843
96215,7.988409662064532
96216,11.51733759900983
96217,6.152068587943289
96218,14.210130712052376
96219,7.198561868998098
96220,8.3493514722844
96221,15.80363212073972
96222,11.632465385387928
96223,12.140860281540716
96224,12.540862217005705
96225,7.19196199499351
96226,6.511787675530992
96227,10.120640983716141
96228,9.079276970600343
96229,13.649830199999508
96230,9.43104977248037
96231,6.799888372965919
96232,7.586384952895372
96233,12.669739505281255
96234,8.611324602409232
96235,9.94817845885404
96236,12.16683211542413
96237,5.145879491555711
96238,13.00118643213456
96239,7.403877318043319
96240,7.108737485311143
96241,8.45474161194017
96242,9.57300458689743
96243,8.286376195828495
96244,14.566687246726826
96245,12.691733759116818
96246,7.365064737865164
96247,12.926330834395012
96248,12.108495114884755
96249,11.326234661754711
96250,10.558222947310233
96251,8.222917579144754
96252,7.773033071550904
96253,7.498065799422212
96254,10.773278600653835
96255,7.035160990859677
96256,6.0104495125236035
96257,11.506835524489244
96258,6.631557299659316
96259,6.839919460094474
96260,10.582530710038952
96261,8.176453570010095
96262,18.926388318382447
96263,12.707023973503121
96264,9.949664657897964
96265,9.682462471925941
96266,10.20148346100775
96267,5.195793782149925
96268,12.395521592756593
96269,6.223791929860926
96270,5.345421225796369
96271,7.756353233297972
96272,9.784520186570811
96273,14.164114722636885
96274,4.584188020932104
96275,12.55279484357067
96276,15.801843268749769
96277,11.338950171922678
96278,9.567101709333764
96279,7.305786931197986
96280,12.980555907044518
96281,9.276405257624063
96282,9.42619913870898
96283,8.693450230416586
96284,12.51210676256803
96285,9.81741183601611
96286,11.856605316987208
96287,10.714291539666927
96288,9.988222470030113
96289,6.235260888891575
96290,7.939156960123715
96291,7.591435256779425
96292,7.2112564762049205
96293,9.719562261187367
96294,11.23941976893649
96295,7.494020930164055
96296,10.160480526855435
96297,9.562246504989918
96298,10.257609407123535
96299,10.229246786294702
96300,9.796860991191485
96301,11.207045736083057
96302,14.79170763598825
96303,10.521752079273849
96304,9.62541859768552
96305,12.081879647042848
96306,9.686571207504084
96307,9.945609928162343
96308,6.668158417364498
96309,12.574567432697675
96310,9.020126600415157
96311,8.701777063366652
96312,8.683542880446712
96313,9.734891047470304
96314,11.230673552585221
96315,7.650398633588682
96316,7.872531975209189
96317,11.036694212376682
96318,9.597878337809542
96319,11.402693377630463
96320,10.496564853519928
96321,8.361086127557789
96322,8.758495682667474
96323,8.54387934101609
96324,7.669405372611882
96325,10.01202448730282
96326,10.653802775200116
96327,8.162739688138952
96328,9.751071014806277
96329,6.966098374571733
96330,8.437426043449431
96331,7.432594919712417
96332,17.19830181243824
96333,5.729351383067544
96334,9.725193361536034
96335,11.134028242468199
96336,7.2825677256138475
96337,7.191012428643385
96338,9.81384888992505
96339,11.928659784821175
96340,8.838437786392149
96341,9.430833251934338
96342,9.304066586861751
96343,6.760471564395485
96344,11.556499346741054
96345,10.199077217907796
96346,8.270549792609595
96347,9.673841335514584
96348,8.472460388965544
96349,9.822708867456978
96350,7.099223573214438
96351,7.510652117116981
96352,9.036802506991956
96353,8.332039873161774
96354,11.174974488230605
96355,6.551222774144165
96356,7.3468693881200124
96357,8.614517120277068
96358,9.93530728934477
96359,13.252223150355286
96360,12.16638582664439
96361,9.77471412062371
96362,8.462470160152927
96363,7.301426766775461
96364,8.72910174016979
96365,5.639929139506622
96366,13.508217887665984
96367,9.424231127797224
96368,6.754793834072319
96369,12.018224075918095
96370,5.765036616495905
96371,11.497163909782477
96372,7.64703376729789
96373,8.098458841839065
96374,14.800266285859934
96375,7.472747698160532
96376,4.059525712267349
96377,8.567122991099705
96378,9.183454854516969
96379,10.388334799542829
96380,8.123467411932168
96381,6.483722036217411
96382,11.164824781303201
96383,15.671023155868784
96384,8.249905249396583
96385,9.31119498505958
96386,6.5026653395197
96387,9.907466943049911
96388,11.125211193320009
96389,9.296141125711145
96390,6.946962911975379
96391,11.763427212863252
96392,7.97708821259198
96393,8.738982839385436
96394,10.329968416433234
96395,9.527155503669881
96396,11.429336140277602
96397,10.493562568607581
96398,7.833628412876794
96399,7.805741999667257
96400,10.33287417816519
96401,7.51408592708048
96402,12.052863656384826
96403,10.05086672073158
96404,13.799482902653562
96405,10.541530789685556
96406,10.89460786873657
96407,9.64119255221475
96408,9.302875827034669
96409,10.196133743658788
96410,10.00129349929756
96411,7.614810380234235
96412,12.265316524834066
96413,11.248934539490559
96414,8.88848074577976
96415,11.18490598689437
96416,8.94080590517766
96417,9.803279681418548
96418,7.8134726333012905
96419,8.411488135560825
96420,9.116860394165176
96421,8.990495011707935
96422,9.982549607925332
96423,7.626699208031193
96424,9.188354387616588
96425,9.555606525867969
96426,7.613521394989566
96427,9.774522911071589
96428,11.236158423317573
96429,10.729422814096685
96430,11.485805838429174
96431,10.90579431621309
96432,10.964486938041777
96433,10.018414940332644
96434,8.70687119262718
96435,8.821550245494146
96436,11.24074301866349
96437,11.980834346238646
96438,9.951554361923062
96439,6.680198320836905
96440,12.17097590547299
96441,6.859336492407628
96442,9.27911328864092
96443,6.488227842724316
96444,17.628311805756997
96445,10.208049155589682
96446,11.215441313268006
96447,11.418705549976153
96448,9.294220648168855
96449,11.916366952788628
96450,12.427800102089844
96451,8.740962277991342
96452,12.760680453864392
96453,14.779584591145294
96454,10.792945418297526
96455,13.594772373509267
96456,10.994201764237266
96457,8.257733426530539
96458,8.815115660557863
96459,10.885678646788667
96460,4.113225242515503
96461,6.8745928878375775
96462,11.561438419261076
96463,8.804580466396239
96464,7.9120167589433965
96465,9.647038813434065
96466,9.52284241090575
96467,9.644291163232902
96468,6.992403710237437
96469,10.602509314956375
96470,14.247311735012156
96471,10.44862255173283
96472,9.186829592153234
96473,8.698541710386246
96474,11.54482384995039
96475,10.161647843231986
96476,13.165314325033336
96477,14.270864157822235
96478,12.323893348660192
96479,5.773981788873206
96480,4.7037547056791595
96481,9.642494367399024
96482,9.243070483361283
96483,6.643544256539846
96484,9.085108423909649
96485,10.928772172433735
96486,10.979964190197995
96487,11.702690431394743
96488,11.284081126532106
96489,11.019195929107436
96490,12.784103234753662
96491,9.861148513166544
96492,4.185401681207837
96493,16.55020427873281
96494,9.089217906152339
96495,10.330729299785897
96496,9.471120718856206
96497,10.539464909816889
96498,10.608555769878294
96499,9.35776386582225
96500,11.121342341317703
96501,9.325696443501693
96502,10.63147723052891
96503,9.9629901970346
96504,10.430946172445411
96505,8.251978579293144
96506,13.146967846567787
96507,8.806355525700875
96508,9.483816204036547
96509,6.2896383684637795
96510,10.309206891887033
96511,8.155839897517847
96512,6.685994532323869
96513,12.864403439737254
96514,13.958341989897747
96515,10.473653990224383
96516,6.785016283354689
96517,6.4886258076088295
96518,11.43730167020024
96519,10.390286812414537
96520,10.804754448702118
96521,7.379703956293454
96522,10.198564486195027
96523,10.133602441981225
96524,12.26442188469583
96525,6.623620716014432
96526,8.735039020945017
96527,11.9111991690501
96528,8.442319267785113
96529,7.760739832537778
96530,8.981818409303633
96531,13.839489178482122
96532,7.793218066648734
96533,10.984665685644856
96534,5.268843995120969
96535,9.812413598587396
96536,9.949022089700275
96537,10.04134982717946
96538,10.967191400504532
96539,5.921786999141906
96540,10.384727745194258
96541,7.989067644050732
96542,10.608527955824105
96543,10.476708634975102
96544,12.035752174992421
96545,15.015500611126095
96546,8.003206145942636
96547,9.600949078719259
96548,16.919381353575215
96549,15.482907350917168
96550,6.695480533695078
96551,12.147289705379851
96552,9.835246127303934
96553,7.380019971731687
96554,9.478337014948934
96555,4.91856141283831
96556,7.315120766095856
96557,7.8444724603700084
96558,9.021084597542066
96559,4.483425607932865
96560,9.732574505252822
96561,11.917125073626133
96562,10.41134656000899
96563,6.274199643713194
96564,8.802167526057403
96565,9.17533878297283
96566,9.349208082992599
96567,13.306815845365653
96568,11.12714955073211
96569,8.350846713931707
96570,9.256260869625567
96571,9.060129532210729
96572,9.125831163345106
96573,16.387074800283635
96574,9.380642999635045
96575,10.893270771781417
96576,10.55009744127754
96577,6.354448866631944
96578,11.199922962451652
96579,7.760192696299295
96580,9.147513211356971
96581,9.530300149983146
96582,15.13840493859318
96583,10.46272616146788
96584,10.177320179685474
96585,6.595303328429273
96586,8.130165996038816
96587,9.15817175347963
96588,9.05325172733301
96589,10.876688416479194
96590,8.281937539494129
96591,9.09260438186934
96592,7.70066906224672
96593,9.207094114240409
96594,10.146416950848296
96595,4.946304430587617
96596,9.356432789673416
96597,6.748731823098963
96598,8.891441343438627
96599,10.044793679557209
96600,14.31071942688233
96601,9.220302108952236
96602,7.666393004431789
96603,9.952212707050466
96604,8.433233939132661
96605,9.914837770192444
96606,8.656571674510147
96607,11.010243066176205
96608,8.270942422073006
96609,11.515120470344169
96610,9.598413726720477
96611,9.219161754522565
96612,8.308373295848888
96613,9.60364212076799
96614,15.958674708115584
96615,14.379558106708114
96616,11.278837285701366
96617,11.142123688435074
96618,7.833059998379079
96619,10.219146312862147
96620,11.542582273023985
96621,9.803997581897054
96622,12.301507297894585
96623,9.097755467306472
96624,7.336594938430665
96625,8.383528761417503
96626,14.173707092326007
96627,9.654184146094947
96628,14.478259391389278
96629,11.591140997965777
96630,9.628912357105756
96631,12.690447013955644
96632,7.348627013431461
96633,12.056883242576205
96634,9.706274489705354
96635,9.408126293869053
96636,8.042761885242703
96637,9.381909596580414
96638,9.227583011490045
96639,10.56029096984353
96640,7.23774894995842
96641,10.370393758045342
96642,9.98547792494054
96643,12.732131515247724
96644,8.816077002716355
96645,8.20770755343454
96646,6.710570845175153
96647,8.663964477600603
96648,9.460720807093017
96649,6.807335624883166
96650,9.30660192355772
96651,11.073223154377628
96652,11.240746152240039
96653,12.676970697639286
96654,7.676645709368617
96655,7.276904869900082
96656,9.651230154056629
96657,9.54427775837571
96658,15.857625709157736
96659,4.372541485667723
96660,11.473140419174904
96661,16.93508599756168
96662,10.135483853068083
96663,11.754968266091552
96664,16.339942279371947
96665,8.978729516712784
96666,15.241686771596974
96667,9.30029143328726
96668,9.64203055961865
96669,8.716019673330436
96670,6.702052638222821
96671,7.9395503893199315
96672,7.264990754291864
96673,7.489374476714279
96674,4.642061251664053
96675,10.293509302579054
96676,9.454337312405482
96677,7.635587467174585
96678,9.415665593514628
96679,6.993019983589216
96680,10.556807411500266
96681,7.404190839309798
96682,6.802694754697302
96683,13.059104488870554
96684,8.958207569640399
96685,7.457719626720508
96686,8.552425404540609
96687,7.605127033508731
96688,7.204540033206804
96689,7.548055276361036
96690,10.180203584412265
96691,8.532571160582524
96692,18.26102639919216
96693,11.046096938807054
96694,7.2840770813570375
96695,10.141613166839877
96696,15.074456970984404
96697,11.013897225120362
96698,9.739871564106707
96699,9.329802801060554
96700,10.68185819373483
96701,7.403397583199746
96702,7.018563778607723
96703,9.235606845209787
96704,12.799798545053479
96705,10.922697591274918
96706,12.673208623522077
96707,8.613667353931636
96708,10.351701945878386
96709,8.187930381790963
96710,16.09392804080131
96711,10.496068930138426
96712,9.193594862749247
96713,8.042643207068924
96714,7.464310125475896
96715,9.810547294093903
96716,6.6411582172193935
96717,5.601674505958238
96718,9.745158002452499
96719,10.39776100934975
96720,9.559794303086274
96721,7.232544767311016
96722,8.907134818930317
96723,14.405417975267431
96724,8.931851467488267
96725,10.251503306501311
96726,12.548618018519846
96727,9.236554084731651
96728,8.20219712343075
96729,8.616939699747993
96730,10.564118539809439
96731,9.500715622756301
96732,6.1914644624655875
96733,6.989887817157725
96734,5.7254088480960545
96735,5.5548420575105695
96736,8.469132795073548
96737,9.645774826552417
96738,11.934964090603582
96739,6.824967592426544
96740,9.27666054356219
96741,7.310077537014257
96742,9.369659474904907
96743,6.353037888812727
96744,13.459427039010379
96745,7.899303218250651
96746,7.92572121801619
96747,10.942272469855357
96748,10.29127454959923
96749,13.941309193865603
96750,9.151043699397631
96751,6.9609907869644605
96752,9.206564572606487
96753,10.27369986374815
96754,7.085926769475265
96755,10.929574228683261
96756,8.563430918169665
96757,10.939728895503595
96758,12.085263320835548
96759,10.510384228360316
96760,7.039129764925763
96761,4.818307959858291
96762,7.1892776337556175
96763,9.35545567294212
96764,15.457772933550293
96765,8.849440996616737
96766,11.546336076595118
96767,9.436712163799232
96768,6.617032089155437
96769,4.165630332861399
96770,8.112890208017566
96771,7.860065466879202
96772,12.081135807244703
96773,13.72644143228128
96774,13.870487158704709
96775,6.505936928926398
96776,9.447085584843633
96777,10.297229741899873
96778,7.5203708602299
96779,6.42304042170152
96780,9.442214714017299
96781,7.236675068751749
96782,8.95629054140853
96783,9.038183759854277
96784,7.111044056039576
96785,10.265551143157799
96786,11.623222077191727
96787,9.416858663481618
96788,8.85371773297975
96789,8.212620688993194
96790,7.458914539179268
96791,9.70648372445854
96792,12.741085782441257
96793,7.16678680918956
96794,5.360864191241714
96795,7.542570083481347
96796,8.291980567718568
96797,8.265809255583864
96798,8.110272043496252
96799,10.165916286697364
96800,8.144533047517951
96801,11.599322925461236
96802,7.848637972196569
96803,9.155022163385683
96804,16.74603824297385
96805,9.83809487018408
96806,9.832088849404025
96807,9.64971915859675
96808,7.179026824959983
96809,8.046436970289983
96810,11.53388539473012
96811,5.736346231182502
96812,7.210802753939076
96813,9.215473365493517
96814,12.07693087260608
96815,5.575583579550762
96816,9.598795933845496
96817,10.827599334694694
96818,8.177503691125342
96819,9.72834206277567
96820,6.570657309179173
96821,5.763388270982306
96822,4.17847516393781
96823,13.085073204293305
96824,7.277003337206132
96825,10.050484499487634
96826,5.684581792113773
96827,14.175753557140004
96828,14.413080181467643
96829,8.31324301908902
96830,9.792715279742207
96831,5.8469320268258596
96832,7.424504671751916
96833,6.6082279138155755
96834,10.84838009449064
96835,11.986707079272131
96836,7.514136145339355
96837,8.126132132716952
96838,7.000922611489296
96839,9.229655159715126
96840,10.462614376619921
96841,10.552469604717707
96842,7.330435519119985
96843,7.919840673640373
96844,6.911134902057242
96845,9.198560859275243
96846,6.702423328431702
96847,9.618004194572325
96848,5.777923016084349
96849,9.335284826852465
96850,8.390505979491863
96851,10.661862046719836
96852,8.341308900556516
96853,9.426095643996463
96854,9.37625051028506
96855,5.897650503950655
96856,9.746191850301061
96857,12.367985981723766
96858,8.587487132558362
96859,10.180452651717886
96860,8.27068316214538
96861,10.553251121752202
96862,13.509131166052295
96863,8.986405709036184
96864,8.39947856604274
96865,12.179573067627071
96866,8.280029230498961
96867,16.625669773696945
96868,4.300313353357026
96869,13.768158037196491
96870,13.752542690680428
96871,4.5434261232510424
96872,11.242503173951665
96873,13.391685026559063
96874,9.651640873015264
96875,14.088193105395003
96876,8.457418896576417
96877,11.975639896688259
96878,13.44616591736198
96879,6.61555554879935
96880,10.76936559212424
96881,9.248441054062047
96882,10.480261269649976
96883,11.564277411035004
96884,7.015483530484505
96885,9.226475022644395
96886,9.123251399149302
96887,13.99277969176137
96888,9.134792441421071
96889,4.482756109165504
96890,6.184368351167533
96891,11.215696049788662
96892,10.759560437685709
96893,10.78590363082734
96894,9.101937807732904
96895,9.37838347124544
96896,7.588648834759724
96897,12.72510915453364
96898,10.221918448350655
96899,13.09035707726172
96900,5.230748182535621
96901,8.264572771027323
96902,12.495510832698582
96903,12.998767077562889
96904,9.381785276926552
96905,5.770632721468912
96906,8.770187953898473
96907,10.31520208887844
96908,10.883456504801018
96909,9.760663478536618
96910,12.43939425832995
96911,8.438286207668629
96912,11.402111613798647
96913,9.225056962364091
96914,9.294821504437499
96915,6.924475053946156
96916,12.014774784755021
96917,12.351770312837234
96918,7.321616570252829
96919,9.476819043405216
96920,6.148736312530973
96921,8.858555709486286
96922,4.8537153923640695
96923,9.098084941108224
96924,6.625228463247633
96925,7.6205357402047555
96926,9.54294664627588
96927,12.932217249928765
96928,3.9791374787892915
96929,8.35487306245811
96930,9.510285145296196
96931,9.010306902002508
96932,10.556507647389967
96933,10.619256199914417
96934,6.51238077544668
96935,16.832811207447907
96936,11.907680830302098
96937,7.787511911851235
96938,13.605285115008877
96939,11.442617064660668
96940,8.944606923325463
96941,9.533431599695492
96942,9.601887312640631
96943,11.932511632912576
96944,8.102778719855351
96945,8.448500563649485
96946,14.381194462167064
96947,9.688949739534241
96948,7.0114390915669045
96949,6.0185151821185965
96950,11.125975752633781
96951,10.187473033854927
96952,12.927164653108644
96953,11.760420091001318
96954,12.517389068793715
96955,14.403536472316853
96956,7.184937269348896
96957,11.700438520221256
96958,7.621355966609674
96959,9.498510225431335
96960,5.512088546707406
96961,9.431113397058768
96962,14.28420176909923
96963,11.06974657312037
96964,11.27422922457221
96965,11.836918416215385
96966,6.409900961904566
96967,5.0768280753761506
96968,9.116878460114517
96969,8.219533674428002
96970,7.140837254814128
96971,8.472472605045406
96972,6.771299243998422
96973,9.72549686548331
96974,7.1607506083187955
96975,9.347472484841862
96976,6.533038316965954
96977,5.354783392284183
96978,14.376331727986273
96979,4.898863118581569
96980,9.438632783118788
96981,9.422452581769136
96982,10.038191621821813
96983,7.634783290775443
96984,8.258113792596495
96985,11.08362517445579
96986,6.948489469761789
96987,12.341765767402109
96988,14.368715817838188
96989,10.693409306385092
96990,9.379119403598635
96991,8.050487564422616
96992,13.244609712001202
96993,5.717652191445714
96994,9.061538853674907
96995,11.878824060952121
96996,16.145400328137846
96997,7.360730126212613
96998,11.151767269461146
96999,8.724406451894344
97000,14.060688159986942
97001,8.328451607716028
97002,12.84618246628392
97003,11.350962997276563
97004,9.725826729274313
97005,11.745800712852267
97006,11.739331257395005
97007,12.269663616842271
97008,10.137308606520062
97009,8.898923221399533
97010,6.973675385757207
97011,10.289386897450772
97012,9.05967361205409
97013,9.867870339394708
97014,12.663790710450147
97015,11.764989037091567
97016,12.187591578863348
97017,10.203822188822027
97018,7.152284635601833
97019,8.137531512410723
97020,12.93872751416264
97021,10.10245967234926
97022,4.3491099485650935
97023,11.511330926313757
97024,9.487472478475937
97025,8.848005918380222
97026,6.714512875979571
97027,9.124906930873687
97028,10.966076359722303
97029,13.101167183378276
97030,9.304238804018237
97031,10.220056800799709
97032,10.678897823293976
97033,10.982695535639936
97034,12.771411910456973
97035,9.481790118324014
97036,10.6693530915741
97037,9.395888431168217
97038,9.44413884076469
97039,6.766659039556567
97040,8.99347845280938
97041,14.341342284839678
97042,8.332647679712856
97043,8.9498120948023
97044,7.547899069511352
97045,7.084917598104157
97046,11.646659108633973
97047,9.421910283461788
97048,8.4231446874184
97049,9.476786884605861
97050,8.921593432709878
97051,10.219420723996356
97052,15.347762301585854
97053,7.444965748267228
97054,9.048408136552236
97055,12.39597775583145
97056,9.437671061697756
97057,13.652337128150743
97058,11.243394878370356
97059,9.093806655345526
97060,16.94047660780945
97061,10.058460369617867
97062,7.241514538128544
97063,5.776188304761385
97064,6.447803995917047
97065,6.728729070243675
97066,9.35915206982072
97067,6.717004209578232
97068,8.265335960311628
97069,10.164902603424236
97070,6.760798973918223
97071,7.241072445319119
97072,12.177787156815857
97073,9.67237908542707
97074,6.682394602664006
97075,8.50396730520932
97076,8.570834302550463
97077,15.393258697542837
97078,8.33215953301433
97079,9.402010272847784
97080,9.175122979383236
97081,5.748180705236158
97082,14.431562790840818
97083,9.272091934805827
97084,10.610581153944036
97085,7.942499054008882
97086,13.619785069541143
97087,8.557472774395453
97088,9.027079379451681
97089,10.657705575404801
97090,13.167924039461505
97091,10.980822011601191
97092,11.310088338683808
97093,14.526063145185669
97094,8.214045168132756
97095,8.759163867898549
97096,10.410148360499685
97097,5.68997321881837
97098,6.71101553726469
97099,9.646674924947437
97100,9.371460780907821
97101,5.685095084441626
97102,9.582598488170103
97103,9.983150511853498
97104,9.23935832551792
97105,9.645251164026728
97106,11.478934967193865
97107,8.387568277909242
97108,7.994945271552405
97109,9.197683107467562
97110,11.484157609231522
97111,9.414537727992368
97112,14.00534119581676
97113,11.651694152846707
97114,4.2305993796409105
97115,9.597836257564452
97116,9.490754117840178
97117,5.897445893081665
97118,8.546124229311506
97119,10.228097762969659
97120,6.819565819125335
97121,10.287063138522841
97122,12.024434601935074
97123,9.41047415962175
97124,10.093966217357256
97125,9.442509441335783
97126,12.466551008147711
97127,9.887019809941382
97128,7.311772564768367
97129,10.556888687267968
97130,8.948128091500262
97131,10.043039564816493
97132,11.904347915393782
97133,8.86044251622701
97134,9.194118964482197
97135,9.871089727020117
97136,3.971989388414324
97137,6.9815752551902985
97138,9.686035081575369
97139,10.31751426512584
97140,7.415475143215387
97141,9.64023029449887
97142,10.279714094783085
97143,9.944338258856032
97144,10.04309595971809
97145,9.332030794856017
97146,9.892875876478598
97147,8.499380585856324
97148,4.710214112150614
97149,8.77757406360171
97150,6.581740186914414
97151,11.24793939487231
97152,9.030593715712808
97153,9.510439538027963
97154,7.54903447251935
97155,13.199308965718714
97156,9.716864014963589
97157,11.720742989876603
97158,7.95307167432382
97159,11.006610586088716
97160,5.778942578980999
97161,13.22277154997048
97162,10.99441690770928
97163,8.470980009391331
97164,9.692340581232347
97165,9.622591270075802
97166,7.04604379141032
97167,7.674351466421911
97168,13.90933579849002
97169,8.967572279736235
97170,9.706020978037424
97171,11.470666312888536
97172,9.392948547843517
97173,9.44950206301931
97174,11.60947620547466
97175,8.081455269849059
97176,9.440389526910776
97177,8.853154996545687
97178,9.92344390672337
97179,7.564003402591399
97180,6.372681474847018
97181,6.235159649512721
97182,10.773932785951917
97183,7.366424718780661
97184,7.257841687591828
97185,10.896760192192668
97186,11.231649647667686
97187,11.024194764566237
97188,9.203857798162415
97189,9.888252047499245
97190,13.435931041378435
97191,12.015641862336718
97192,9.845015390878803
97193,8.941763299018236
97194,10.49562166537539
97195,9.729794767158726
97196,5.160817425600798
97197,8.160889604165359
97198,5.3846352190038145
97199,7.65717833731612
97200,13.563451610309638
97201,12.039939182007648
97202,13.763340274347817
97203,8.47945362759466
97204,9.139783089188844
97205,9.935322966306595
97206,13.886847233970844
97207,9.824799451240992
97208,8.836343952510896
97209,8.765273983890516
97210,9.533970758087142
97211,8.386670853667223
97212,7.268947192622058
97213,11.37212172789427
97214,12.859611382864912
97215,10.413647748342177
97216,11.608311017288987
97217,12.49465533413115
97218,4.917286539500434
97219,9.44940284809945
97220,9.799659391617997
97221,9.554150244528826
97222,11.46813736585579
97223,8.696479813936083
97224,11.02563544275104
97225,11.976066334595131
97226,11.395898128883982
97227,4.939565105920022
97228,13.128506964585242
97229,8.992458587444027
97230,5.243516213975897
97231,9.007285145708588
97232,9.36265382445735
97233,11.740572850525824
97234,11.7980972956979
97235,8.2680845179666
97236,6.962266702074852
97237,11.944886310903039
97238,11.187033420734146
97239,8.808201788661986
97240,8.620935108042403
97241,10.77361988322529
97242,12.088023911912938
97243,9.728162450249354
97244,9.67458909982614
97245,9.911100415102421
97246,8.135125941410703
97247,4.581069165260932
97248,9.117416323436025
97249,9.219817317346939
97250,7.535429570578674
97251,8.357886390058178
97252,9.01533155708445
97253,9.173577370476037
97254,18.73285630310364
97255,8.75167544269588
97256,9.702143597276708
97257,7.985147045190028
97258,10.10743377936301
97259,8.748664233824288
97260,9.655553171900168
97261,11.373326723416302
97262,7.036872397023535
97263,9.848337385824573
97264,11.149852725755203
97265,10.167788247281559
97266,10.689795548882213
97267,7.506282033336314
97268,8.41780635273534
97269,8.668596717803775
97270,9.935405469710654
97271,5.575762301665806
97272,6.776575768243404
97273,8.888985587985493
97274,10.652949287491598
97275,10.477710334540486
97276,11.118447974460656
97277,9.073278996055995
97278,15.312885690610177
97279,4.401044724873397
97280,7.782566349467333
97281,11.746816669306273
97282,10.523235672833
97283,10.97753578083732
97284,9.073653691436652
97285,13.18135209929838
97286,9.42151170467189
97287,7.325328714121966
97288,11.0805457466521
97289,10.09121623602381
97290,11.422430429370724
97291,8.117858238027742
97292,6.860532797148599
97293,9.384438948870747
97294,9.862978141094988
97295,12.191631021308506
97296,7.408419943622583
97297,9.385825078559112
97298,6.759814038029896
97299,8.626166866823862
97300,6.961924044245646
97301,4.365366920717106
97302,6.08236373835129
97303,7.491041410003921
97304,7.4784147745978515
97305,7.398383347573793
97306,11.703290282937395
97307,6.054069288962291
97308,11.355977528570486
97309,12.054725473196088
97310,9.381677043633795
97311,8.982651898180706
97312,11.802034004336333
97313,9.899339537452985
97314,13.25560797510295
97315,7.0728842997611405
97316,7.029039346692616
97317,10.440148344159464
97318,9.92705414171998
97319,11.977429083120827
97320,14.20534273492288
97321,7.506709781613938
97322,9.8590722109567
97323,4.826721687410942
97324,12.648977242941152
97325,12.339067181364035
97326,10.176698421303849
97327,6.9515599817814815
97328,9.181667614281983
97329,7.782018954157449
97330,7.301405810151709
97331,13.216737264501976
97332,9.36636809827401
97333,5.620644531041944
97334,7.062531750111113
97335,15.32219978629064
97336,14.42333463036806
97337,11.28872460080066
97338,10.81796326701544
97339,4.4955069282080675
97340,7.040231532822624
97341,8.955607069774844
97342,11.27179774917008
97343,9.481210538944984
97344,8.500719610231522
97345,10.061677692355385
97346,9.944163332164234
97347,9.539149245039502
97348,10.146696130907504
97349,4.236491664300851
97350,8.39488938303139
97351,12.82983414496378
97352,15.967730034501107
97353,6.725193900948466
97354,10.829384694340902
97355,6.822345108091613
97356,16.70882301740118
97357,16.812179608698692
97358,8.91729654245931
97359,9.598229548779562
97360,15.051411625674096
97361,13.207348885328088
97362,7.183019857053255
97363,10.02729767135237
97364,10.38926224248063
97365,11.934701460976191
97366,9.100225737940985
97367,15.09170213519771
97368,10.338487934173859
97369,15.471663073625042
97370,9.084299162401175
97371,10.188265897527941
97372,10.162713318119394
97373,9.72329080898048
97374,12.92284761996027
97375,15.669578930888434
97376,5.129080128309317
97377,7.549408368687947
97378,4.886027422926206
97379,9.263133499017334
97380,7.986846407725888
97381,9.419607433890445
97382,9.50158130584556
97383,10.851208146733992
97384,7.784269012348547
97385,11.521296416077956
97386,7.162870972045771
97387,6.686564261065776
97388,6.862984912118454
97389,9.714223005298432
97390,10.880261722359563
97391,7.32857521182847
97392,8.030918201010715
97393,7.824287966244569
97394,12.094976280449762
97395,10.704392265731745
97396,8.88139306702067
97397,8.524388187964234
97398,7.363559290243297
97399,11.137256257257112
97400,7.067008931622359
97401,9.062637475288263
97402,5.564041633496207
97403,8.872566680660082
97404,7.303740034810775
97405,9.097430500022531
97406,9.974975337616769
97407,12.454392605313014
97408,8.821101424377186
97409,9.797291086426426
97410,9.907723215033384
97411,10.343939332108494
97412,15.759488767236116
97413,4.740141417283486
97414,17.088554986202407
97415,8.754688075069302
97416,9.322333138568524
97417,7.305782005520916
97418,8.949041254275958
97419,6.725516805578501
97420,12.144718197573528
97421,11.315665136637689
97422,5.768195348685483
97423,14.165420343554553
97424,8.869280249130066
97425,9.237525509168067
97426,11.564625059412787
97427,6.826836427654461
97428,8.68611499460221
97429,10.380304128445378
97430,8.34026007400146
97431,5.941044070983936
97432,7.099520107652462
97433,9.554557202757678
97434,8.26159953499941
97435,10.231867498705629
97436,9.495624367635951
97437,10.031900195776442
97438,10.331939499908039
97439,8.615389103183142
97440,10.855594127550756
97441,12.336402447041502
97442,9.129599290609585
97443,10.012979387955781
97444,9.19916406943938
97445,9.560885929209183
97446,9.26501885433338
97447,8.945890681198994
97448,9.777882273306085
97449,12.777051331813054
97450,7.461545511338113
97451,6.164034425912454
97452,7.082473021401867
97453,9.820898579103464
97454,7.9630496530000014
97455,8.273726308058627
97456,10.261299311778513
97457,9.895632073947382
97458,11.301060973735252
97459,14.982545636102392
97460,8.596493072431894
97461,8.01194132178565
97462,11.528087489941834
97463,6.993827048848596
97464,9.365312577522076
97465,9.515030450083069
97466,6.2435178735820935
97467,14.20877254004375
97468,10.661945991233841
97469,13.04764723600876
97470,13.862470652397585
97471,8.407006120033786
97472,13.907693111921029
97473,10.08530054950511
97474,11.208091724673274
97475,8.96868118371708
97476,14.662249611321272
97477,7.522800649791803
97478,8.41479889232725
97479,7.140435802164079
97480,7.646990640671566
97481,11.45713088712061
97482,6.840763962613833
97483,11.614404459539385
97484,14.577145749923776
97485,4.919434998610855
97486,9.312280069621453
97487,12.816404873679957
97488,10.827406380971775
97489,7.805125279361967
97490,17.821664718037002
97491,11.701051191870413
97492,4.131981864269025
97493,5.4437302049417
97494,9.850332323469473
97495,14.399144728469526
97496,9.664947599008999
97497,9.8204390105973
97498,6.629945248472436
97499,6.261242526895058
97500,7.8141173553126535
97501,11.550791384930642
97502,9.293709179925273
97503,8.662075792813727
97504,11.734374916526443
97505,10.654933202166697
97506,6.7776924971235175
97507,6.695567123539843
97508,15.450896746103705
97509,10.98345348061266
97510,12.378523860692928
97511,8.859545678401963
97512,9.207069651136166
97513,13.16263787206972
97514,6.465703175182457
97515,6.537587231783462
97516,11.966310107950454
97517,7.084754408572074
97518,10.623078024546073
97519,9.328843620812332
97520,13.290185943833922
97521,7.158769137699338
97522,9.089422212338494
97523,10.850073315496036
97524,6.52127027317363
97525,10.980601780280935
97526,6.070461336667411
97527,4.749748235867418
97528,8.273389926774406
97529,11.28969891004044
97530,8.961681665523452
97531,9.734968316922714
97532,6.760690925985811
97533,5.529899952790717
97534,10.142740811915722
97535,8.22493944865903
97536,12.622533616122727
97537,7.274626996381412
97538,8.26976799419889
97539,11.709601864148976
97540,12.05028525247812
97541,10.134807710436027
97542,8.602098902825542
97543,8.317154002281006
97544,8.100491776072788
97545,11.028943476695375
97546,8.747106963016236
97547,8.278482564789902
97548,9.519855890901427
97549,6.228925313446798
97550,9.746708835264064
97551,10.511658532589781
97552,8.884924410021497
97553,7.614512736291138
97554,10.769605610923909
97555,8.673110955449964
97556,10.092840743609674
97557,6.43450436126416
97558,11.384522132623667
97559,12.68167951424943
97560,9.399930502239075
97561,9.347786616185681
97562,8.555681640964547
97563,7.757883062334701
97564,13.677159248796078
97565,5.408543973969844
97566,11.709020848497808
97567,9.796789909414827
97568,8.410458829823218
97569,11.757805481302059
97570,8.547995822107817
97571,9.334989054221937
97572,9.426900802703987
97573,13.769426794844861
97574,4.035620972881628
97575,8.969912978514822
97576,9.922528881642842
97577,14.504992596289421
97578,7.001786699546168
97579,14.974856181406821
97580,5.1532895748745045
97581,11.01255084124959
97582,9.450345799204843
97583,9.016766022145697
97584,4.919113450142852
97585,8.813097896621281
97586,10.35536851771955
97587,14.01279611457135
97588,9.495208079974038
97589,11.413049704747781
97590,12.067531942195995
97591,13.90607666006439
97592,9.049145707036882
97593,11.209507649247596
97594,14.870305758803635
97595,10.883223304282424
97596,11.381977882968208
97597,14.739969960592617
97598,12.551946948228636
97599,7.711883859791274
97600,7.352025453870576
97601,15.408946880018053
97602,10.671811320382707
97603,8.718947845036546
97604,6.962110395943718
97605,7.954313450355056
97606,5.636389609482184
97607,9.667212590624692
97608,10.964623325028468
97609,9.839604789965817
97610,13.211375475729948
97611,11.136526694712735
97612,9.255158843541404
97613,13.234323080773171
97614,12.658996870720753
97615,8.325332525439805
97616,12.910557204759542
97617,15.285069736109326
97618,8.23437007430083
97619,8.346411743009199
97620,11.167339299411221
97621,9.118113152459177
97622,8.688497979010743
97623,10.64761513246647
97624,7.3155449885182104
97625,9.269011366133915
97626,12.832655322550076
97627,9.839534751628637
97628,10.740161647333954
97629,6.457131126223085
97630,9.690538364728535
97631,10.432960286366622
97632,9.152155793605559
97633,9.902562511345431
97634,6.618123514226011
97635,4.11831146158778
97636,9.748064968717825
97637,3.9486291093959567
97638,7.688264452891533
97639,6.426146603420955
97640,9.57317217154045
97641,7.882927909326928
97642,9.847945039402742
97643,7.200394254244808
97644,12.454322110635374
97645,14.767860390315269
97646,9.056390694959362
97647,8.263132735607384
97648,10.118654264681126
97649,11.446476097153518
97650,13.025274120135052
97651,10.454721699082823
97652,10.398879515172156
97653,6.478102157067187
97654,4.7441078347433745
97655,7.994096026686593
97656,11.491810588032612
97657,7.3637336958028285
97658,12.716055274109474
97659,7.254202850480811
97660,9.919351397608905
97661,11.75422542550621
97662,9.022819000629053
97663,13.400438055800953
97664,12.418875459664177
97665,5.576627193827261
97666,9.039155677333122
97667,7.627446352372208
97668,8.00174214899449
97669,8.039646902556173
97670,15.41222000446162
97671,8.23312363681301
97672,9.94995789137046
97673,9.555881984937667
97674,9.824036333083967
97675,11.462390674127892
97676,7.323380833032372
97677,8.55899155894484
97678,11.06518268167297
97679,7.456225363894262
97680,12.438182496508283
97681,11.256961118821485
97682,6.958501187098973
97683,8.789411299740483
97684,9.486219368999354
97685,10.434842993888855
97686,8.395053961201786
97687,8.249792792787964
97688,8.69557305857305
97689,8.773764925928495
97690,6.808330079034734
97691,9.65392701818041
97692,10.572600683228348
97693,6.987806254499651
97694,9.734661442724581
97695,10.284619955748747
97696,7.847504644598915
97697,9.522391731085458
97698,9.699115733130094
97699,8.875565355333531
97700,9.150128614458875
97701,8.694223331659192
97702,8.03579624771822
97703,9.859752839213675
97704,12.308357657718682
97705,12.26848559402207
97706,15.514286730209056
97707,7.276041043735314
97708,6.989860693144308
97709,6.831648196667645
97710,11.114807006270556
97711,10.514508122462136
97712,11.800451495153116
97713,7.169144455637526
97714,13.175338552295205
97715,11.880494008200362
97716,9.139300656753194
97717,8.596777346380705
97718,10.115362514390632
97719,17.057606059555866
97720,11.40601523937359
97721,8.951229969046482
97722,7.0465087811958
97723,6.399271620500572
97724,5.830133840495208
97725,7.599316914485843
97726,9.403275141082663
97727,8.48945189388673
97728,11.210626232632274
97729,8.656502792478081
97730,6.093762311326316
97731,9.27489220822873
97732,12.880944665386574
97733,13.152991931477132
97734,8.701309994642205
97735,10.092627758469426
97736,9.355900574371095
97737,9.926616103007891
97738,6.5341718663932
97739,10.260032652090437
97740,7.9313207808006565
97741,10.302682287076935
97742,13.154124385570674
97743,11.1137028131356
97744,13.580154076443666
97745,10.843606731739529
97746,10.8199948620936
97747,5.075486804016018
97748,9.450319230602338
97749,9.086266583435693
97750,8.009198532093084
97751,13.869559918187651
97752,9.660985599208834
97753,9.658055532793252
97754,8.708190410143459
97755,14.324781683420994
97756,8.075468371327892
97757,8.203563206226125
97758,10.373750115460835
97759,8.531094689928148
97760,10.59170225943448
97761,9.998362759071897
97762,7.7853444351288505
97763,9.992971551133405
97764,17.32167258543757
97765,6.931860694070605
97766,11.419562455452347
97767,7.168744210881236
97768,11.8523241021103
97769,7.2903412214989345
97770,11.109152196777975
97771,4.087912684217838
97772,8.044008808431807
97773,8.658498422591526
97774,15.262746501613544
97775,5.011066936281527
97776,9.7787048941728
97777,12.075209571675042
97778,9.906644332977184
97779,9.27874494987694
97780,7.0334994984965835
97781,7.093337138673988
97782,14.071558447783715
97783,8.425033509771108
97784,9.74887447212471
97785,8.97204138045734
97786,10.179466185391401
97787,8.86632593888282
97788,12.974483369969878
97789,10.268459489258023
97790,5.732062359797252
97791,8.748056600190573
97792,13.205516099111898
97793,9.32774215239604
97794,11.608454033568245
97795,13.165835123934238
97796,5.9003245120879155
97797,9.447731997575218
97798,8.228296565891691
97799,12.024057603017479
97800,7.291805344043597
97801,10.204369882314918
97802,10.280549291742146
97803,11.986167627734586
97804,12.670703255772375
97805,10.58699790571501
97806,8.66177939419754
97807,12.333517918031221
97808,9.1473240543277
97809,11.321940033468504
97810,5.635805233781932
97811,13.500344861256792
97812,10.00537252363963
97813,12.610402651400083
97814,9.355231359874544
97815,9.079143075544236
97816,10.424966191487314
97817,10.381756867842736
97818,3.8571824170763933
97819,8.288968331901856
97820,6.820171869772561
97821,9.7568219729407
97822,10.376785631922765
97823,14.547882240722789
97824,11.754686996485805
97825,9.182528246139977
97826,7.935204163667146
97827,11.918561765067977
97828,7.131090358423134
97829,9.472322493075966
97830,15.381095029370513
97831,6.817462894377293
97832,8.613827027793398
97833,6.288713103836991
97834,6.661773479521896
97835,14.564013771565914
97836,7.780975191618405
97837,8.485265579443205
97838,14.295897687720636
97839,8.117159531325019
97840,9.629236063254112
97841,6.906369262376428
97842,7.7047759739241
97843,10.766906858167994
97844,7.186800365194546
97845,8.41644482827888
97846,11.313717810478696
97847,11.913782929047684
97848,9.721172137556849
97849,8.471738107081762
97850,11.43166283102348
97851,6.234819872227438
97852,6.065387272510393
97853,7.026713446361642
97854,9.249927167342996
97855,6.905291462425916
97856,14.1937117548835
97857,11.738429296460929
97858,9.734082990261049
97859,8.337293970249537
97860,14.941615373841534
97861,12.914662329156135
97862,8.664271392105318
97863,9.448670778656595
97864,10.305031036474919
97865,8.635548482698752
97866,8.72041381624096
97867,12.399952914757185
97868,12.55793037551219
97869,13.014873066052772
97870,7.339871806318515
97871,8.240167539410024
97872,11.203925342438774
97873,11.120663514599352
97874,7.294745189466008
97875,15.869950291151028
97876,14.474092529302249
97877,7.050155405634913
97878,8.446040700602092
97879,9.03118617452859
97880,8.436744838130211
97881,8.782657979058099
97882,12.224120928600183
97883,9.500618910615435
97884,7.335461837307136
97885,14.278092814682054
97886,10.53532359056756
97887,9.26778610615859
97888,10.912109155788267
97889,12.636287975376286
97890,6.731668032085141
97891,10.63212758327173
97892,5.655105946908324
97893,10.965010710796946
97894,9.483621211924518
97895,8.36017965819553
97896,11.095528471717115
97897,9.700753591809885
97898,13.892666847728412
97899,12.43279118270393
97900,11.320776965385038
97901,9.641249132458643
97902,13.482626407393392
97903,6.847222498721843
97904,9.95167797072785
97905,12.28003001107731
97906,4.422601929447907
97907,7.5131982586977175
97908,8.474574617954605
97909,6.84524061285814
97910,10.710063281504855
97911,14.463878940960564
97912,11.76504731910433
97913,9.984367081654403
97914,11.390712320078112
97915,8.310198615037738
97916,5.664441042480773
97917,10.979871750558157
97918,12.792308361309235
97919,11.400089930203302
97920,12.914549475517916
97921,7.666018940323473
97922,7.756259462747485
97923,10.11454446984215
97924,9.901923076035255
97925,6.263040924738598
97926,9.545325056179072
97927,8.39362440051797
97928,10.220761456100238
97929,7.234013163380513
97930,8.249677126029992
97931,5.67975386671933
97932,17.0327298723929
97933,9.758249678320833
97934,10.685937527855241
97935,10.340543777916837
97936,9.217068137428717
97937,5.384141413147762
97938,13.076457809392114
97939,7.303317195444393
97940,9.154802300114637
97941,9.160439644080167
97942,8.106860367316472
97943,9.579691766843002
97944,11.673245484987449
97945,8.43968332540766
97946,6.284813604913618
97947,12.009552737165555
97948,10.578894737076377
97949,9.341246593817761
97950,7.1484420232801416
97951,10.831334737205486
97952,10.887994321989224
97953,14.551504219454236
97954,8.43652830178798
97955,9.853433528668361
97956,9.792967277991625
97957,11.220801694721985
97958,9.13779246792026
97959,12.398331188262652
97960,11.533942397263061
97961,8.717215159505844
97962,9.734517702452042
97963,7.186400001194649
97964,10.80704293489207
97965,10.34068506528988
97966,9.325188111601522
97967,8.731216412411808
97968,6.933629976959506
97969,6.957670027083938
97970,12.98535584603857
97971,9.79621609924894
97972,6.234176777078671
97973,9.831223945624009
97974,13.455109498481566
97975,7.073585616299143
97976,11.043238980909672
97977,13.001469011190803
97978,9.48133704922044
97979,14.29154199319961
97980,6.190367744427878
97981,9.729253211884838
97982,7.945253012736208
97983,9.422774640495131
97984,6.116082064358782
97985,10.556910362514381
97986,10.186420839799258
97987,12.324524867335187
97988,6.649323930629467
97989,7.951277613474884
97990,16.285491066879906
97991,10.790667544188597
97992,17.802461663357832
97993,9.49495602992948
97994,13.71910795165877
97995,7.299426656915594
97996,9.65867230618074
97997,10.031059677051587
97998,10.721247655407875
97999,10.492072177790165
98000,9.593492981762086
98001,11.031148039612429
98002,7.393326590515491
98003,12.096984515218582
98004,4.675518721390606
98005,9.35579148087585
98006,10.762005431582319
98007,5.411201268019204
98008,8.702838113029653
98009,6.770041791684383
98010,11.903051144806128
98011,10.080727688296673
98012,14.558378619640422
98013,9.771154398611595
98014,10.103616706732236
98015,9.768931124579435
98016,5.907349128585254
98017,12.817816847668785
98018,9.8255786370524
98019,7.284745733874137
98020,4.555585894518997
98021,8.401543960811564
98022,10.420333084943847
98023,13.807217470472304
98024,7.7210831772344815
98025,9.324508706996932
98026,8.374977286474182
98027,9.953374182727485
98028,9.594185297131919
98029,10.685854815161843
98030,9.633451990300923
98031,15.678980989628418
98032,8.286264362968154
98033,16.194717294630617
98034,8.592188085052117
98035,15.4191508268046
98036,12.482303814806155
98037,9.763246346223493
98038,7.815395679787665
98039,12.251708946534249
98040,9.67984605406561
98041,12.085403134719446
98042,12.79113551590547
98043,11.367767004873187
98044,10.279124730416768
98045,9.727644159645743
98046,7.785391262286607
98047,7.9742139939390695
98048,8.792585257228827
98049,11.744981181445116
98050,8.813650493672547
98051,11.134181097646335
98052,9.894706691980446
98053,8.766717476309486
98054,6.762335843648673
98055,6.450013886259336
98056,13.714835478861351
98057,12.718939376040323
98058,4.912480793948619
98059,9.76136142996975
98060,5.518110117677276
98061,6.248700357050078
98062,7.503745728956349
98063,6.193270856027123
98064,8.788195218786084
98065,13.148041220062032
98066,9.190999229268035
98067,17.114085951218733
98068,7.496347401498406
98069,10.844663454304627
98070,9.085102867626606
98071,9.284795757221195
98072,8.384993252676072
98073,8.394565557105935
98074,9.93929054588818
98075,11.692485577149956
98076,9.381524931923618
98077,13.000388693625501
98078,6.555762862173703
98079,8.948535422288566
98080,11.482006273290299
98081,6.862626073045116
98082,7.53173829419909
98083,10.34158202356662
98084,10.143757911563577
98085,5.872968332986294
98086,11.801334472906603
98087,11.273190171815267
98088,4.487741169554591
98089,6.561429480103061
98090,11.744103305910992
98091,12.016272777898696
98092,7.251813530924535
98093,16.307182081502393
98094,7.113503471039948
98095,6.778140581019452
98096,13.4881051809876
98097,8.55566536136063
98098,11.658806960049798
98099,7.013469317847021
98100,8.947090001377962
98101,8.991638299712076
98102,9.681988040396595
98103,9.281215665298262
98104,12.147628045104536
98105,9.124549484175322
98106,9.092422188133085
98107,6.206351058432492
98108,6.905233164426915
98109,9.451669812361278
98110,8.780877249599865
98111,13.503481714537807
98112,10.694353839309908
98113,8.56438498956633
98114,11.73299067851435
98115,9.956548437750417
98116,11.395408643279405
98117,11.468229762539773
98118,11.005165120097116
98119,11.966164620672853
98120,11.857661819223102
98121,8.323128270822568
98122,12.819487230562384
98123,7.365694377369495
98124,13.393595706112407
98125,8.236476784255279
98126,10.372073840561672
98127,8.66786899342146
98128,8.51765620428922
98129,12.449530882048716
98130,15.656120253289114
98131,5.899389679581972
98132,9.803342618339098
98133,14.535831915223293
98134,11.0628850397235
98135,10.010906970526754
98136,9.372357269991062
98137,5.131728236292952
98138,7.05622843220017
98139,7.184709637733488
98140,11.852927379278729
98141,8.10179668730336
98142,6.635176384133336
98143,8.813934655755682
98144,9.872426501867
98145,8.481322885605454
98146,7.520988151860356
98147,7.345047756913418
98148,12.219066376631252
98149,12.574138696806994
98150,9.643164511182642
98151,8.900816490998775
98152,15.906623452404876
98153,10.06535105553649
98154,11.608956370769763
98155,9.26720105020275
98156,10.825276566144698
98157,11.893857207207153
98158,12.866202872333849
98159,8.937945287214287
98160,12.560004202465233
98161,9.444358526108376
98162,6.895189078855013
98163,9.004037860365319
98164,9.873886044331943
98165,13.178868703670101
98166,8.565676294487055
98167,11.93477196552206
98168,14.56960082687633
98169,15.342995556221464
98170,11.23025335076116
98171,11.624675053939338
98172,13.5145752979279
98173,7.577131452775307
98174,16.871674879524324
98175,6.3262687768641745
98176,10.756594854247217
98177,9.51450605431549
98178,11.400407929781913
98179,11.28013746222822
98180,9.956477555569965
98181,10.157967964223705
98182,8.728294674835801
98183,12.840340530178505
98184,11.795474783085565
98185,12.973354525184046
98186,10.42525146214713
98187,7.4199660187717145
98188,15.40284109451541
98189,13.972695902512015
98190,9.80630034458131
98191,6.760214396807373
98192,8.75257341136942
98193,5.943797652710975
98194,11.861530725718913
98195,4.644456326837301
98196,14.306257968091685
98197,5.096515148104283
98198,7.552622740553767
98199,6.684622035891387
98200,9.575586614406815
98201,10.794748800200551
98202,8.866351312601733
98203,9.634098961885325
98204,7.151154181333295
98205,9.359079477044688
98206,10.701930533635753
98207,9.597709952658018
98208,11.171121748478866
98209,8.172725019486467
98210,7.411711306059166
98211,9.58093760410258
98212,9.769980421912898
98213,8.285851785976433
98214,7.90885799249874
98215,7.460985910428663
98216,9.270921889357975
98217,8.375583330698754
98218,15.286727485505518
98219,6.645259822525057
98220,8.817199432815583
98221,9.871654695123544
98222,9.360384578257607
98223,11.117873687379198
98224,10.591452488017499
98225,9.240225959541274
98226,5.940355610773341
98227,10.681445810751642
98228,10.55740137080984
98229,5.130621338573218
98230,8.120327289166045
98231,7.328618035177182
98232,4.437968036625023
98233,7.516221350983384
98234,11.654240734286986
98235,13.224263628591975
98236,7.465421263640607
98237,8.10054422552572
98238,14.376603777439168
98239,9.839660547773338
98240,10.707959073445817
98241,8.296960412546698
98242,7.283258259527523
98243,11.132655508906149
98244,9.255866493551448
98245,14.714300259266347
98246,17.87478975667735
98247,9.015353565630532
98248,9.004028949325777
98249,7.359278509111424
98250,7.559040245508697
98251,8.1218420371549
98252,8.353827063536224
98253,4.115032100358819
98254,10.924999458500722
98255,11.130847027602737
98256,11.152191207204776
98257,11.875588241633071
98258,12.203008250235104
98259,9.384891650752586
98260,7.978584801050974
98261,9.78673126384783
98262,7.919338488363357
98263,9.605307089906821
98264,8.294260062283232
98265,8.175182153761858
98266,14.196166240323995
98267,8.370621668866765
98268,10.459427513281442
98269,6.828079615637515
98270,7.966284170007891
98271,17.173127502755992
98272,10.806047780732428
98273,11.536246949568408
98274,9.222192024964865
98275,13.363722981981576
98276,9.752282344643497
98277,7.36040949185449
98278,15.290555669200222
98279,7.511873641336517
98280,8.344354131645895
98281,9.257107137802178
98282,6.677637776732709
98283,16.216470628265107
98284,10.187700508250567
98285,9.46606654086187
98286,10.212188345186409
98287,9.745429095520292
98288,9.94637937952615
98289,7.082568980554987
98290,8.063026407826323
98291,14.050477040575526
98292,7.409228166999759
98293,7.453158568354856
98294,9.450442813661823
98295,12.322331691533886
98296,9.593536346025038
98297,15.66553451450304
98298,10.160571808079855
98299,10.936168689176409
98300,11.466270845431922
98301,8.867014159719298
98302,15.418900214046062
98303,9.250748130828734
98304,8.838879253770896
98305,5.027470811824481
98306,9.067031875595982
98307,9.597932397019928
98308,6.046549008933816
98309,14.807937663280322
98310,5.882389568819518
98311,9.294059646490496
98312,5.395090930562658
98313,8.396273894132145
98314,7.256970792734213
98315,9.92299868062716
98316,12.52146085183061
98317,6.212726557403243
98318,10.869335060400648
98319,15.2333084664068
98320,7.403249538855375
98321,6.49335358603375
98322,11.71866030744076
98323,8.51151450439562
98324,8.85987673400224
98325,6.6706388271737564
98326,6.469194597643103
98327,13.295701884548356
98328,9.271539192808422
98329,12.424796741785416
98330,9.383083699599092
98331,6.960389485072637
98332,9.264364214835485
98333,9.500321809505746
98334,8.95382982556887
98335,9.089332669106154
98336,10.632718561501287
98337,13.53961693463545
98338,7.11912279499041
98339,13.56254426056355
98340,6.857187148549497
98341,9.813524135338593
98342,14.578394873758437
98343,6.983298923303207
98344,9.767607717215077
98345,7.8932873040478
98346,10.612044388338152
98347,10.972345182944764
98348,9.026396916155843
98349,4.8320680283574955
98350,8.547250581067306
98351,6.910623532151544
98352,9.698895307833592
98353,8.130119324809664
98354,7.6398162424278215
98355,9.217311519360187
98356,9.655496123121376
98357,10.42964326753101
98358,9.868119624181755
98359,10.257955933944661
98360,9.968915822715568
98361,8.763332263023036
98362,8.65423045674232
98363,9.515489271237268
98364,8.289754265438695
98365,9.396895478646957
98366,11.554176826008185
98367,12.449910449096643
98368,9.470549290379497
98369,13.637807274494708
98370,10.947612126757146
98371,10.872343827432378
98372,10.668460423494869
98373,11.987809412420145
98374,7.201801086013217
98375,7.371828870648182
98376,9.360934287160234
98377,11.717827598734239
98378,10.288248332570152
98379,9.348964397084691
98380,5.113920923334925
98381,11.439982296772266
98382,7.0603589916895615
98383,5.480354492978497
98384,10.076389366030677
98385,10.684685157751627
98386,15.34532045255331
98387,12.542016101667823
98388,9.311856875936323
98389,15.415212621606042
98390,5.305783214946452
98391,12.568718779035954
98392,5.512283965835132
98393,7.909811235917982
98394,10.434037897657506
98395,6.208414443942147
98396,6.86339956419633
98397,7.722579107047515
98398,5.730379210969389
98399,6.247505671300436
98400,10.21652800585331
98401,4.91096712439175
98402,7.076693885789299
98403,9.716585410547882
98404,10.721633112608611
98405,9.58249634840126
98406,14.547393820033594
98407,5.718249656678416
98408,8.44782757036009
98409,9.132055020812563
98410,9.343638171165129
98411,8.505510336324253
98412,12.947877734576892
98413,9.276477227665579
98414,14.913111694880694
98415,9.77196206788355
98416,10.53644438668301
98417,13.701315879091831
98418,8.238613392268187
98419,7.863227876988255
98420,10.782841097235295
98421,7.385152920038104
98422,10.193225269644625
98423,7.658760188845813
98424,7.051917327300217
98425,10.084109637489684
98426,14.372949657752887
98427,10.957886114672498
98428,12.062468335448647
98429,10.893125928701787
98430,10.735587825675411
98431,10.70600248196269
98432,6.551342170174206
98433,12.687928033338466
98434,8.844621899110518
98435,10.746017858605866
98436,10.892351288301219
98437,9.835704657484166
98438,8.291193719630792
98439,4.282689296772342
98440,7.334527654021133
98441,8.372400407640098
98442,13.462905837970961
98443,9.110145000294988
98444,10.487544320215694
98445,13.384733719320186
98446,8.553481166246282
98447,9.67261312199921
98448,11.370743886821
98449,4.380264901576699
98450,9.894387676667838
98451,8.572561297601164
98452,6.324925624158983
98453,10.821782751260075
98454,8.668994852227083
98455,7.074855123671232
98456,8.368613049256705
98457,12.519908199595216
98458,8.36830779242501
98459,14.230192557165086
98460,11.818147737358059
98461,10.424815339873279
98462,8.270145026923013
98463,6.768104059338394
98464,13.545190387023414
98465,6.103136288996216
98466,11.111497038460334
98467,6.520446135653171
98468,9.400825659683962
98469,9.518142618718556
98470,9.383925182027989
98471,7.969484390591662
98472,5.61523971908773
98473,7.258447063541773
98474,5.46167881358087
98475,10.181887962324165
98476,11.535078635124886
98477,10.796844289112453
98478,7.487214652979243
98479,9.786665780530438
98480,9.768752922838594
98481,8.361783810806019
98482,8.618944606120115
98483,9.707400238568649
98484,11.588842809660559
98485,8.779658313590895
98486,10.585320774259191
98487,14.925478485774812
98488,9.529200147295247
98489,9.630531611126495
98490,12.830493037255717
98491,7.386510758334542
98492,10.124913742485301
98493,10.898658248698501
98494,5.7176514866607615
98495,11.310631569896191
98496,10.181498894023681
98497,9.301660860264638
98498,9.118553742035491
98499,9.006146456437031
98500,8.145692095353652
98501,6.830459987691841
98502,9.261265474889143
98503,6.140850005976036
98504,14.97829189136768
98505,4.608917491427901
98506,7.014376398240988
98507,11.896862293045592
98508,14.214571144152227
98509,9.127494404824498
98510,9.094613136287444
98511,11.667886423026022
98512,11.367021876591554
98513,7.285949963680527
98514,8.134534782688254
98515,6.183729712984425
98516,7.591937990947204
98517,10.335079768276803
98518,7.406486113159831
98519,9.513044597248463
98520,8.44417013932887
98521,7.466574228907641
98522,8.661216172760765
98523,11.136600211022287
98524,9.181955842979395
98525,11.194561275587974
98526,10.607328602769021
98527,10.377641620956165
98528,8.202857681644115
98529,8.311219323027693
98530,10.887649315199553
98531,9.35181058217705
98532,9.134534928519422
98533,11.456615449363913
98534,9.908948293174605
98535,6.881631609791488
98536,8.369949163528679
98537,5.296787565312799
98538,10.350320004318316
98539,12.795000338865687
98540,9.367833807635947
98541,13.398535182008029
98542,10.339418484685979
98543,12.886271192487254
98544,12.443881705757793
98545,9.775206285449453
98546,11.384786743258013
98547,9.22776668474599
98548,12.520002703651974
98549,9.226937168449258
98550,9.317547299350949
98551,10.715902843826806
98552,7.428091545043754
98553,5.998912970315425
98554,10.849067761088623
98555,9.635065031882407
98556,12.114069742514989
98557,9.755211622148064
98558,13.716657820446864
98559,12.181086538586886
98560,5.856143957589745
98561,11.924664364864878
98562,9.267580337915073
98563,8.936800730836984
98564,9.843545633155681
98565,9.091565640732796
98566,12.2917774991794
98567,8.034035370646924
98568,12.056302979746922
98569,15.033642011958515
98570,10.086088539886557
98571,10.274941821882571
98572,9.591867665260285
98573,3.9842504658087217
98574,13.42270973743764
98575,7.940007427683765
98576,9.65234724124377
98577,7.36720075351256
98578,7.552824218725982
98579,8.442447320946954
98580,9.27170808647703
98581,7.506701554837956
98582,9.762093106824437
98583,11.91059614787888
98584,15.088904663899092
98585,6.694339416846175
98586,13.91019988526661
98587,9.369944240627094
98588,11.276081557463007
98589,9.42257604834676
98590,8.676861421403682
98591,15.221766838629796
98592,6.226739599760118
98593,8.317501287951533
98594,4.033956073716999
98595,11.35540668746685
98596,11.833834511203259
98597,4.560771457646014
98598,12.228948041941091
98599,10.744776364233784
98600,9.663452924359014
98601,7.900314633531491
98602,11.821035390783619
98603,7.662330480356698
98604,9.994063482749231
98605,7.464072246908802
98606,8.627923473707856
98607,9.475443510849896
98608,7.057716938229265
98609,9.153468159928867
98610,11.414885080408103
98611,10.288453649592318
98612,9.370900258445914
98613,9.837636433570058
98614,11.334249707912392
98615,8.856003795761573
98616,11.010043051880903
98617,11.882272445226402
98618,11.238202093956133
98619,10.261167837850104
98620,8.690193856889636
98621,9.424068022672525
98622,7.013766833558295
98623,14.266789444535855
98624,11.084320792324695
98625,10.442969268106598
98626,11.4913440812088
98627,17.82160498587675
98628,16.017048975281266
98629,11.152080650740748
98630,8.972924247512118
98631,5.976307755847295
98632,10.435185124112905
98633,10.892756805508471
98634,8.016863604662325
98635,18.889791485069992
98636,12.033283772358638
98637,11.087317305827066
98638,10.720208928600083
98639,8.579299616928054
98640,10.413741890377946
98641,8.438678126371917
98642,10.538306666287042
98643,11.67745451637686
98644,9.82238659956363
98645,8.652944262657861
98646,6.455009037151003
98647,7.299443138042918
98648,10.507242381025453
98649,10.357371024348184
98650,5.33681378007393
98651,14.364733808769824
98652,11.291971003588646
98653,9.50255893470906
98654,10.444592809055598
98655,9.902526321288189
98656,12.61804155898665
98657,7.123293361261361
98658,12.300163659482754
98659,14.448018100955661
98660,12.851991551006677
98661,8.415030174430635
98662,15.154887352924888
98663,8.54190535268405
98664,4.901996142779295
98665,7.925457750907777
98666,7.461898422298246
98667,6.113122921523766
98668,9.769416570632982
98669,7.859949682191922
98670,12.397723434887643
98671,5.689628701287661
98672,12.281958397995076
98673,14.796794999051855
98674,7.048162428222435
98675,13.065989441358386
98676,11.265031260848362
98677,8.891029393987015
98678,9.484185630206532
98679,8.531129830918639
98680,6.283090343775024
98681,10.072261648071702
98682,8.933361135743448
98683,6.546826449494901
98684,8.925942445735942
98685,10.702683347379779
98686,12.664795846634254
98687,11.00212768820464
98688,9.934897286069438
98689,7.469563965658736
98690,9.465407929776307
98691,11.338073942791015
98692,7.2974698021841276
98693,10.031075016734215
98694,14.01168895663163
98695,7.542835034554729
98696,8.903984403218976
98697,10.257613875481185
98698,9.014598333614208
98699,9.654885660719259
98700,8.286175987546613
98701,10.38776107615124
98702,8.32276982405869
98703,12.43996678884433
98704,6.684588554856624
98705,10.030223721571932
98706,6.643534690135556
98707,8.457732920878092
98708,10.38308133501913
98709,8.469708977762915
98710,9.580014389164832
98711,9.26486252021311
98712,11.5863834591696
98713,9.362650522183149
98714,10.147945341279657
98715,10.874133052184977
98716,12.225696981575576
98717,10.069421689992293
98718,8.684574108310994
98719,6.01294806419916
98720,8.438305562224485
98721,10.289254204832321
98722,9.111695520006334
98723,12.241046983492437
98724,9.553536793696917
98725,7.1363204675158
98726,6.901848649497947
98727,8.967825058755368
98728,11.645974406272341
98729,9.22598272515405
98730,9.460818677348449
98731,10.693669793030171
98732,9.416790111201722
98733,9.844054743105175
98734,7.0513008727146556
98735,7.919345208747423
98736,11.094037719523199
98737,9.15573144086474
98738,9.07203299810238
98739,9.310700057705796
98740,7.409287803382995
98741,10.76074475165926
98742,13.5361328404463
98743,9.639624256940357
98744,7.9447196584842175
98745,4.139659665145837
98746,9.919887197206423
98747,15.010538272246128
98748,10.838987525366495
98749,7.333353802448867
98750,12.484983600940456
98751,11.82155934393162
98752,9.27613253211141
98753,9.595483846475025
98754,7.282849599124331
98755,6.668878132352679
98756,15.012475994428371
98757,9.648545100003464
98758,12.94375831734251
98759,8.974511833557802
98760,5.945118479600835
98761,9.313124809269677
98762,4.480580306353958
98763,7.097484752573152
98764,9.1826302645609
98765,7.532214975543949
98766,10.197974344008632
98767,15.848229312884346
98768,6.163873722057341
98769,12.693380481211115
98770,11.66845234276847
98771,9.551644206735066
98772,6.054930302241393
98773,6.405846265963566
98774,11.239491861142952
98775,8.683962775658834
98776,11.206622305736794
98777,11.039864417010424
98778,7.875513361236331
98779,9.423730830011952
98780,9.400956677676856
98781,16.484282622026406
98782,8.801970338844484
98783,10.679595419517486
98784,13.428612145934371
98785,7.196990979149689
98786,13.962675174573317
98787,6.3706401579586664
98788,6.647463375495462
98789,8.941363443452142
98790,11.100992782792385
98791,9.774587915182698
98792,11.3816185028347
98793,6.174363734930115
98794,8.135908694861385
98795,8.987304699425138
98796,13.984983437278776
98797,11.838969372225714
98798,10.691723064245497
98799,8.873547713378535
98800,9.100547995100966
98801,6.052112719487965
98802,12.926352290834188
98803,7.388134983773769
98804,8.359095913563007
98805,6.996493601511139
98806,7.397613466595184
98807,8.707221747079341
98808,10.834755746136196
98809,6.550764970614246
98810,11.103305253376337
98811,14.775674903739098
98812,6.193825247888976
98813,9.713037750634205
98814,10.164835404082073
98815,9.55247011013531
98816,13.621417253309597
98817,9.224511150095347
98818,13.145759179751625
98819,9.680943191080454
98820,8.278462023423248
98821,9.340132514922555
98822,9.791972238017328
98823,9.620797276970645
98824,10.490669495762447
98825,9.98193126710778
98826,7.404031801896901
98827,12.460571049894934
98828,10.546870602356583
98829,7.661752012655704
98830,10.07383056345118
98831,10.804796635037524
98832,6.79359858344297
98833,6.008975508199326
98834,11.423165614932987
98835,8.853855753805203
98836,7.413778842254311
98837,9.731527105427364
98838,8.634928631036724
98839,8.451144909632635
98840,9.231119660165035
98841,7.190072317926722
98842,11.691545388078982
98843,8.523492521604224
98844,12.201687967717415
98845,7.2270907202938535
98846,9.637177187131583
98847,14.091061512482304
98848,12.34643363214544
98849,9.475054420963664
98850,12.803978543713601
98851,9.168362741085721
98852,9.066209500826874
98853,10.436866958086622
98854,12.33376528789712
98855,10.386225541433223
98856,10.165421617957415
98857,9.651304196301194
98858,11.889265065065207
98859,10.091935701053334
98860,4.731136117991877
98861,9.92190227227248
98862,11.065701507223118
98863,11.221903441705681
98864,14.252084081036932
98865,15.142184212924978
98866,8.030945629102304
98867,11.872946257723195
98868,11.76819763480954
98869,11.053343590094007
98870,12.166065285848935
98871,7.833467767810613
98872,12.681345195729502
98873,9.156141034356427
98874,4.809780695717971
98875,9.67668587744679
98876,9.567630459918059
98877,9.266312298189938
98878,4.2730273875212115
98879,8.42961088182214
98880,8.50980522536822
98881,9.89454379172141
98882,8.70080652213095
98883,10.533247819945432
98884,6.694316396592923
98885,6.829280769106761
98886,10.186270460278559
98887,7.129486040993288
98888,10.865104839640386
98889,9.40784976590748
98890,10.273821389152914
98891,10.562679626313699
98892,9.608045391744758
98893,6.844777465157267
98894,9.080471748400464
98895,11.742953822897817
98896,6.274471549942632
98897,8.480653707197499
98898,11.835556246170412
98899,10.881326614662084
98900,9.642988049417413
98901,5.745258507689966
98902,9.66288223766489
98903,13.061576439025078
98904,9.632063548386345
98905,6.542950180219715
98906,11.458888978588728
98907,13.60217814468505
98908,7.8975917391224995
98909,13.501296155694561
98910,9.716903712190614
98911,10.542480538776038
98912,7.537676443064919
98913,11.51029873915397
98914,9.388403760068318
98915,8.436779708200257
98916,9.12856867765583
98917,12.156714139819233
98918,13.556533060616795
98919,13.01163012092429
98920,9.709631983433713
98921,10.519704433202447
98922,9.057789906306201
98923,7.387585091781736
98924,6.373400350322889
98925,8.325460026842574
98926,14.365986982621887
98927,12.225814916780655
98928,9.411206608904411
98929,9.565035822889104
98930,6.95603493332753
98931,8.712116092964536
98932,9.06751442826199
98933,12.123053779784893
98934,11.964160987183163
98935,10.093997970949744
98936,10.041279736905826
98937,11.068980370020125
98938,8.686390295853544
98939,12.182881840109665
98940,5.251284662011713
98941,10.445374969849912
98942,11.329451998709214
98943,15.839002896959125
98944,8.6581184576244
98945,8.993965229921054
98946,10.798145602041306
98947,10.237149741133155
98948,14.768124045647085
98949,10.172617496155011
98950,9.885773546709661
98951,14.703314858397798
98952,7.484213156970114
98953,7.865088114701751
98954,7.298774507814211
98955,11.010703160840853
98956,7.794292335693162
98957,5.1081433557573614
98958,11.36314352882493
98959,10.229766217555376
98960,13.359779685454066
98961,15.890686833660947
98962,9.378780940828204
98963,8.899053728658227
98964,8.740390121818157
98965,10.004586502355998
98966,9.342766298884065
98967,7.190186438614679
98968,9.402646183477767
98969,7.18180863712004
98970,6.932737567705241
98971,7.493882493369003
98972,10.299942122695876
98973,8.550367477158463
98974,6.763569739015901
98975,4.683489741509355
98976,10.594757169554718
98977,9.063108330251065
98978,7.5835304047565675
98979,11.0920691580035
98980,11.534680834878733
98981,5.591284567286516
98982,15.620495766941366
98983,14.34609805023776
98984,11.86732351193876
98985,10.981115579156745
98986,6.866837935934821
98987,6.246031536953997
98988,10.590562322934414
98989,9.992095637269477
98990,9.561664982466237
98991,7.3874968879327865
98992,7.894680477063889
98993,13.183409669769429
98994,13.531865471196431
98995,7.200237904550761
98996,5.104612051384247
98997,11.303838667400463
98998,10.108380711218501
98999,11.388600994448458
99000,6.995706953670295
99001,9.144059532025675
99002,8.700115325947195
99003,9.233359304694137
99004,12.058655825369325
99005,6.541311731968176
99006,9.5806360721042
99007,7.586326149601045
99008,10.386592317326857
99009,6.795293319035222
99010,10.160738497375107
99011,8.829284484742447
99012,6.949690785794071
99013,8.912823748616258
99014,7.167446093525578
99015,11.410262250190968
99016,9.295798604438001
99017,11.90251979785548
99018,8.11883532699526
99019,8.83037034491782
99020,8.336830208335925
99021,9.384274183905301
99022,8.093472932186161
99023,6.187162777532252
99024,10.347309043261191
99025,8.9882885739795
99026,11.125032873948076
99027,7.582970604778609
99028,11.941764211574169
99029,6.964884211235285
99030,7.193361608090505
99031,8.55278374406296
99032,15.685864613271416
99033,12.045962992793692
99034,8.297034864559103
99035,7.875868044875341
99036,7.942426506277727
99037,10.108219856786707
99038,5.444086385277277
99039,4.410932696678474
99040,9.504767840974209
99041,6.381642763755393
99042,8.773566779138832
99043,8.15685517131259
99044,13.52927229789104
99045,8.96925674314343
99046,12.962136856887309
99047,7.1648824087791825
99048,11.098037761358134
99049,7.408163200073756
99050,10.672667973199317
99051,8.70409815285683
99052,14.422327327373
99053,7.247537123826826
99054,9.748484826086194
99055,9.591872886043182
99056,10.868284525156422
99057,10.278202448481583
99058,13.479356024783467
99059,9.272441843746748
99060,12.664383357826406
99061,9.109618556087222
99062,6.861826643920686
99063,11.624026649603802
99064,7.84195719353332
99065,8.695325239050879
99066,15.100214630568633
99067,8.919215883121272
99068,11.758582730644841
99069,13.066205620711898
99070,12.281385109373446
99071,7.738566996786491
99072,10.791793715401484
99073,5.700926132499604
99074,7.2280186198946765
99075,8.176376928970905
99076,11.75889297810947
99077,10.449250523636119
99078,7.631174577548988
99079,8.294226960816506
99080,8.249255246084855
99081,8.586476710982677
99082,11.040876959307706
99083,6.527094050264236
99084,5.811851632890663
99085,8.159964019678581
99086,12.940166958752226
99087,7.066952417136768
99088,10.1637810308837
99089,9.78200075918805
99090,8.297224482587051
99091,9.091730964310075
99092,9.38783012801339
99093,9.944278689656162
99094,8.542892617728072
99095,7.266144091712446
99096,8.232504900435169
99097,10.03261208135659
99098,9.359936168936144
99099,14.6195579073555
99100,8.720053428182803
99101,11.967079076794176
99102,13.601693205068003
99103,13.866534281228585
99104,4.28783721084795
99105,10.63646929463965
99106,7.535863324876445
99107,13.960976040094739
99108,12.637990878700117
99109,11.069774079210037
99110,11.112050794128763
99111,7.4803982879618856
99112,9.274511215570577
99113,13.795626664609504
99114,12.758430916843675
99115,12.912260668496817
99116,9.068858818548593
99117,6.165981485173681
99118,11.751764263776897
99119,12.51482084781026
99120,10.36021168778567
99121,10.575579742007818
99122,6.965811937288885
99123,9.81637927746631
99124,9.976156028674128
99125,10.623134465149509
99126,14.941449104630758
99127,9.653853332492089
99128,10.383739686722834
99129,6.9960041585151584
99130,7.260396319811585
99131,4.875441706998685
99132,10.252142806345816
99133,10.263515051314469
99134,10.56606066300023
99135,9.593732762311618
99136,7.154070956660192
99137,11.118448987712814
99138,12.064556366109416
99139,6.090581048673789
99140,13.772964274824307
99141,11.810028416235895
99142,12.909124846427181
99143,8.514406325090626
99144,12.066978547156346
99145,8.979234766412523
99146,9.94311529870169
99147,9.786710973742029
99148,12.331034673877436
99149,7.519205152627487
99150,5.135165869962835
99151,10.132551741197618
99152,9.633358171501612
99153,8.142222153634957
99154,15.893256559072531
99155,15.73625692869243
99156,7.4671226383264955
99157,10.174081071562593
99158,10.218490750263104
99159,7.384316358139452
99160,8.303411825066796
99161,13.861319570582015
99162,10.842542597679833
99163,11.74316994854079
99164,9.284578605976607
99165,6.045732869464679
99166,7.241942310874397
99167,8.553981298916694
99168,9.68952893510691
99169,7.288513101575904
99170,13.430514481482557
99171,9.426223510001872
99172,10.494664432482637
99173,14.151853648772223
99174,5.063336637378727
99175,8.36375426081428
99176,6.949143629137164
99177,5.664450407157178
99178,12.706352237970211
99179,10.220746041430989
99180,10.607534157739043
99181,5.078396734642914
99182,11.37609536182237
99183,11.586085043511023
99184,4.316908336121106
99185,9.997997647750738
99186,14.882960060401079
99187,13.592372978191568
99188,10.136518280679427
99189,4.983304707008092
99190,8.274065934536436
99191,11.018727475243756
99192,5.4170487397892755
99193,9.213877309150817
99194,9.811045595978005
99195,6.634715984881636
99196,6.640672453332061
99197,10.164217213445314
99198,9.284462806738677
99199,8.88142906830926
99200,14.50461874554981
99201,8.827188239575197
99202,9.218453701744773
99203,10.3814809511648
99204,9.855218522498326
99205,12.041789689091395
99206,10.19899595372691
99207,8.491656725246049
99208,12.912892490613938
99209,13.242341168022293
99210,10.01462986341426
99211,14.818799018834394
99212,11.462798466244545
99213,4.29753248100444
99214,7.2633667529405646
99215,14.540348593644868
99216,8.529518659977692
99217,7.5230609403626705
99218,5.786024549627707
99219,11.455397759888374
99220,4.304003277329031
99221,13.813375393475383
99222,12.053876799714894
99223,8.394252536582107
99224,8.550123512108831
99225,9.904393206865077
99226,10.796964919128317
99227,7.121650254142338
99228,7.833206180988839
99229,7.823788291164862
99230,12.687701491034916
99231,8.00184777763674
99232,14.60248155343594
99233,7.221110396737409
99234,8.482152408019513
99235,11.462277785696648
99236,10.79262059505076
99237,8.93312746845246
99238,9.920011004320951
99239,10.770400838265097
99240,9.809125383166887
99241,9.763396470398707
99242,9.875719130111658
99243,7.358803430074623
99244,9.912040400011517
99245,7.405169423451485
99246,9.119392864639249
99247,6.653511050282534
99248,11.452827570240501
99249,7.605600268239678
99250,9.635627705416585
99251,13.925790329583112
99252,13.897478987129222
99253,14.559996515174191
99254,11.020291023871772
99255,8.146486103307824
99256,5.942792636316896
99257,5.556108639972179
99258,15.446549570711436
99259,5.084909614417444
99260,7.125775053742167
99261,9.58118931403381
99262,9.829074422128622
99263,10.489412731990331
99264,9.554300221564661
99265,13.06349400514311
99266,11.330662913808151
99267,4.914318584059137
99268,4.562891174106592
99269,9.10453706688116
99270,8.208822687928496
99271,5.789200553506368
99272,4.4347896347789435
99273,5.237760604085374
99274,7.912644174068811
99275,10.830641925900402
99276,8.443024400063644
99277,10.041145365482404
99278,10.662407805915729
99279,9.230560290301778
99280,11.948596757797088
99281,8.918355695324314
99282,11.317870705876082
99283,9.220942471483447
99284,9.269804980962757
99285,5.308048500426122
99286,10.503347798326871
99287,9.639434401273032
99288,11.384015853852473
99289,13.680443977499678
99290,8.002898808045627
99291,12.027653869101659
99292,10.965800810244655
99293,10.177557806309128
99294,10.644809421616111
99295,7.733515252839349
99296,9.792235299146535
99297,8.801802450500544
99298,8.184668010181586
99299,9.953850227743569
99300,8.318786707636708
99301,6.211793164113145
99302,9.055752284024614
99303,9.788145456123925
99304,16.265883567124142
99305,9.563587992527033
99306,8.19292264130553
99307,9.307968102442736
99308,7.53815864886746
99309,14.896629360615297
99310,6.508634235507958
99311,7.451359046523107
99312,9.735266349830429
99313,9.620466841280532
99314,11.107968584630168
99315,7.283260540733272
99316,7.950655098021883
99317,5.574964086001569
99318,13.21868890961606
99319,11.546461839608723
99320,9.749257391663082
99321,10.518893553872806
99322,6.396704222732003
99323,13.414604226080087
99324,10.188720739062372
99325,9.550837834669453
99326,10.041980492154089
99327,9.229447598106047
99328,10.752103221581075
99329,8.898751949372189
99330,11.278571207685404
99331,9.62382866659446
99332,6.047859879639907
99333,7.029956720729899
99334,8.695750804604666
99335,15.952081976170371
99336,9.543914897220079
99337,14.90874993558226
99338,8.165636487091493
99339,10.488227956951432
99340,11.350896030704522
99341,13.132720996659634
99342,9.150317808650811
99343,10.69640305766907
99344,9.91039759036458
99345,14.630652171894928
99346,12.068280189664202
99347,10.31311672858275
99348,10.906736399414761
99349,8.54076302552973
99350,10.992496677511605
99351,11.110702020592154
99352,7.927434348138613
99353,5.557620616325179
99354,10.807323765303503
99355,7.627207571821589
99356,12.996338365793312
99357,8.437921603167725
99358,6.915202010350486
99359,9.058161885084335
99360,11.023275671184118
99361,9.674341302991664
99362,8.104272955344687
99363,6.759757565015019
99364,9.740241719613017
99365,8.85038384513777
99366,8.30195688892219
99367,9.590073475705765
99368,10.02580030865333
99369,9.660675356899038
99370,13.223155569297012
99371,10.838707684863248
99372,7.1479518463877145
99373,5.4421836343123005
99374,10.537105763437063
99375,8.729807836573325
99376,8.164854276574555
99377,6.191429672523766
99378,5.717510584833177
99379,12.35800582988179
99380,9.991293434336242
99381,8.882814732727809
99382,8.918016883268985
99383,9.558746361315219
99384,10.300544295531983
99385,7.226455412415329
99386,10.246216114283062
99387,6.181891402969628
99388,16.165956417004317
99389,7.500888454496893
99390,8.53330133271638
99391,9.916592341281447
99392,6.76310367274588
99393,11.731936968683902
99394,9.013977931727009
99395,7.124855895162996
99396,12.753087927207968
99397,9.810670365298408
99398,8.587970959440304
99399,9.911089021572574
99400,9.571486012531967
99401,6.616372363528039
99402,7.992762774748305
99403,9.470989963793052
99404,5.62024819066921
99405,10.62469637266843
99406,7.5324315725155895
99407,8.970242893362204
99408,9.258953861594742
99409,12.154928454526935
99410,8.216423629735797
99411,7.3095426850786485
99412,8.732385483754879
99413,11.50005694025246
99414,15.736490075672819
99415,7.568678956227027
99416,8.931752046957588
99417,14.120561310425554
99418,8.318281551002576
99419,9.766678258515311
99420,6.768721423142708
99421,12.169915599137642
99422,10.322878447344692
99423,10.170303064180015
99424,9.694555666209942
99425,6.802843710695494
99426,14.680645442596987
99427,10.802256845672309
99428,12.203831564002723
99429,7.06016825087263
99430,6.920685528046041
99431,8.901845152002801
99432,9.498042534306913
99433,9.163305687385199
99434,12.16413086419908
99435,11.940665100526786
99436,13.545169253937496
99437,7.805021570981407
99438,12.985026292347365
99439,9.797542944540107
99440,7.9318598920709515
99441,9.230851834434931
99442,12.408401404187876
99443,8.983969431490149
99444,9.359793205474755
99445,9.869321744420283
99446,10.65041918787368
99447,7.314831357277406
99448,10.930343776272917
99449,10.075001108801288
99450,7.751424339432435
99451,8.121752677099844
99452,11.596041410755417
99453,10.907433877266358
99454,10.72296240457137
99455,11.759582101915322
99456,7.6788000693145815
99457,9.754204217169649
99458,10.305053201638282
99459,7.291052999097528
99460,11.961290804367156
99461,7.0885509536323665
99462,15.895536847562525
99463,8.598435287802788
99464,9.613554901025072
99465,9.02223027195115
99466,10.79095125544473
99467,10.101283883116697
99468,9.161594704527436
99469,8.931003362822448
99470,13.039313913250444
99471,13.079355790954555
99472,9.893018479655606
99473,13.239063863558295
99474,10.868947334269638
99475,10.378359418068914
99476,10.118864512191443
99477,9.377042956868712
99478,9.254853403937641
99479,11.412486121264342
99480,11.206145124527922
99481,5.8752212966167185
99482,13.218812789498168
99483,14.925499911365042
99484,10.15114363342761
99485,10.20862718441476
99486,10.76264868838434
99487,11.454425818734197
99488,8.120250891669187
99489,7.712857172683971
99490,15.739326917813987
99491,7.700566706095199
99492,9.007961975991678
99493,7.66649385747931
99494,5.6242540521670605
99495,5.122207669742254
99496,5.0027495068834895
99497,7.179289135640616
99498,11.013004795946856
99499,9.671680757432505
99500,14.65505088648959
99501,7.263711431576468
99502,9.783029658068216
99503,12.24005554056257
99504,9.15822989216534
99505,13.910470799659702
99506,8.711380531324906
99507,9.98187121473526
99508,9.356287825740939
99509,12.839465353984275
99510,10.114702421424
99511,8.481883589656901
99512,10.632673612937591
99513,7.9356768788055785
99514,10.488764914801763
99515,12.048173179423904
99516,9.399384582941531
99517,8.219049817037137
99518,4.792272512926074
99519,10.718347469557674
99520,9.368834534087991
99521,10.34990264356845
99522,8.702086780385931
99523,12.411311750985963
99524,13.956542926473237
99525,9.172047675712744
99526,14.148759077612663
99527,9.05430078496213
99528,9.365187021479858
99529,5.372205370733798
99530,9.676672034819074
99531,16.041665838174485
99532,9.273010337955323
99533,5.64328676412349
99534,7.950580376958408
99535,7.356216143917402
99536,9.468848831822015
99537,10.398512408262269
99538,8.235497320874327
99539,17.15425085340086
99540,8.741569326087774
99541,6.896059413591516
99542,10.68910127153547
99543,9.273828348898034
99544,8.594118918074551
99545,10.416395944093843
99546,9.868919176946894
99547,9.06677023923501
99548,11.58462205979686
99549,13.779143247230502
99550,11.914294898443893
99551,11.61020858282512
99552,4.475025304094708
99553,7.757681462742832
99554,7.277800481070453
99555,9.654551770498003
99556,8.865308233075996
99557,8.452787909964885
99558,11.397525823324235
99559,8.92359722531732
99560,4.386204165568623
99561,9.663313802334212
99562,7.1277259384362655
99563,12.61238735082895
99564,6.966272734995488
99565,5.679082944602285
99566,11.118599217776595
99567,10.567828342329188
99568,7.584339682348585
99569,8.965180112652519
99570,13.837562142541913
99571,8.817620249162413
99572,11.646244113320746
99573,12.901590617275948
99574,10.379759747459769
99575,11.42616327824582
99576,11.4364918998596
99577,4.726817345072651
99578,10.921540857933033
99579,9.175916209072334
99580,11.032798454873513
99581,8.038153428545634
99582,8.428457269028176
99583,5.968940812611782
99584,7.703247128939212
99585,7.475143150637463
99586,9.198473327653552
99587,13.495403427059378
99588,9.31502833265041
99589,8.467741434907875
99590,9.836228410439173
99591,4.3401063251782475
99592,6.06523901020247
99593,16.208352605928035
99594,9.99010616772579
99595,7.517803310698068
99596,13.470049067511658
99597,6.496832520645688
99598,9.901863394179632
99599,10.22384857871091
99600,6.601867155764177
99601,7.387429399943889
99602,10.42410874615565
99603,11.046229954520873
99604,10.498336110285576
99605,10.593094647621182
99606,12.800362927835213
99607,8.06176676179361
99608,8.282834599101935
99609,9.141635412135617
99610,13.405331586341669
99611,14.634584285468602
99612,9.564154807572269
99613,8.39177322268841
99614,10.008822812699105
99615,12.007783191300419
99616,12.235750457760387
99617,9.525065275116031
99618,7.4351299097870225
99619,9.474014631846158
99620,5.861713916325344
99621,14.093277779599905
99622,18.150156768390907
99623,11.073631581219393
99624,9.518253494106222
99625,6.457037827590318
99626,5.870597476662179
99627,9.37008756556364
99628,10.951417811734567
99629,9.646498767124692
99630,9.018447403058254
99631,8.016745281076535
99632,12.475256399630625
99633,7.738599639591153
99634,6.673419603223986
99635,12.001999168138514
99636,7.802691014168379
99637,8.471578041893745
99638,11.327162839610997
99639,9.91080881036566
99640,10.27344946749798
99641,7.179209226715917
99642,9.30647022973244
99643,11.85216219727852
99644,9.964761439881961
99645,5.760226884905954
99646,6.753433516400756
99647,6.354783849945883
99648,10.763907761662958
99649,10.116184793244251
99650,15.549352350882065
99651,7.648749003845397
99652,10.639061462125822
99653,17.0721928918804
99654,12.617140519417461
99655,10.045121787207451
99656,9.327926719564623
99657,13.392236503806142
99658,7.978074215139261
99659,13.792865652284599
99660,11.839628212627986
99661,11.17051951101889
99662,11.914961996911485
99663,5.276359903167866
99664,7.573434298337618
99665,7.463638470058801
99666,13.430216973549125
99667,9.154312849971829
99668,5.924343154929533
99669,14.8686327094522
99670,15.616407074610407
99671,7.82487327836026
99672,12.616164221250838
99673,6.138531761579491
99674,13.016227000591556
99675,9.58561010651152
99676,8.357971695245878
99677,9.827086529350897
99678,10.622631655069574
99679,8.791999521302131
99680,7.75694020421187
99681,10.350169051030239
99682,13.919999190255917
99683,7.444857237225638
99684,7.548144193685376
99685,9.414823918522078
99686,13.914885411476849
99687,8.493772410513708
99688,7.293880222794755
99689,10.060946209726051
99690,11.058878186090014
99691,9.309902473916486
99692,8.319598140567226
99693,12.129831215615882
99694,11.799594484508026
99695,5.748975805268838
99696,9.755503153365424
99697,10.500720233957013
99698,10.937862422907935
99699,9.333796825653161
99700,10.93309204192685
99701,9.352651191103075
99702,18.206707376973036
99703,9.26486719709093
99704,6.30716734333326
99705,5.153280194161219
99706,9.736660372246
99707,10.215542574213284
99708,10.907269352873314
99709,13.138509174940614
99710,10.27866101069278
99711,9.91882831422954
99712,9.024199499683036
99713,4.498757869212204
99714,7.4434323561684455
99715,12.445013745146058
99716,9.60034834564918
99717,7.002867157772774
99718,9.131320565540168
99719,11.954825312204767
99720,8.810902840713165
99721,10.929092209507202
99722,7.306559375051703
99723,13.096148651657732
99724,13.020922343008191
99725,8.842191002421908
99726,11.621413139277236
99727,9.470022177160052
99728,7.390026759254914
99729,10.601001880622125
99730,6.637524880712033
99731,7.67120997440185
99732,6.346491495283482
99733,9.975239635209633
99734,5.699336010662533
99735,11.372572506594501
99736,4.34280039669134
99737,8.182161145178494
99738,9.78411236068808
99739,10.81271218303426
99740,11.258467446173851
99741,10.078105336892792
99742,8.11311295015743
99743,12.142243987100844
99744,10.437945061547138
99745,6.623901861682825
99746,10.10212522062113
99747,9.08974498704362
99748,8.019461126279143
99749,9.433494042099195
99750,9.985789124221832
99751,8.796872356785261
99752,9.029124962165056
99753,8.793780113293128
99754,9.869712834779213
99755,8.401547492190172
99756,6.461330343427358
99757,13.304906042960724
99758,6.1832866835888005
99759,9.49587867106062
99760,12.330856890130612
99761,10.734169968259785
99762,7.92093692039316
99763,10.174497668728455
99764,14.519657045376993
99765,7.3810059241218555
99766,4.73985245665247
99767,5.23882458931476
99768,7.207064298904666
99769,8.438707929730237
99770,14.031878060669573
99771,11.324814699929272
99772,8.056571107869653
99773,9.418132861276886
99774,10.609441241927074
99775,12.595778582467759
99776,8.508938023739367
99777,8.516658383891146
99778,15.76641327606281
99779,11.717759522818525
99780,14.218799063203377
99781,6.982379840963766
99782,11.164904395565674
99783,7.0132491087279
99784,14.353087452273746
99785,12.162857966494332
99786,13.275526687804803
99787,7.442937133710602
99788,6.79277805037713
99789,9.35966928057673
99790,11.671218979433327
99791,8.594726137123727
99792,9.81657406364449
99793,10.712783804324927
99794,6.941746777679393
99795,11.05276390836285
99796,7.772662400210298
99797,14.138285005072031
99798,10.43223337377653
99799,7.4306446488665685
99800,10.709393115585021
99801,9.028368913760428
99802,11.759861962674341
99803,9.043780164231697
99804,10.548866008192874
99805,12.574001728931147
99806,8.8050890605499
99807,9.512086484921014
99808,8.878434776032591
99809,8.330341561601239
99810,7.33625634514338
99811,9.541796481603015
99812,17.578339029723548
99813,12.297291911431481
99814,8.232120008405692
99815,9.473849868314051
99816,10.617479524303917
99817,7.537377231680123
99818,9.022105790424266
99819,11.831082974154407
99820,10.945564334641805
99821,9.513663845580052
99822,15.963414111532284
99823,9.22496326174372
99824,7.752054398048003
99825,10.457258998360382
99826,6.801374642290051
99827,8.934116673876709
99828,9.039066647127827
99829,7.338201547099592
99830,6.682620928421852
99831,10.047184778524658
99832,9.72890157781227
99833,9.119395284676218
99834,11.084380920675631
99835,6.977169703437641
99836,9.073169843817974
99837,7.911333588592162
99838,9.756058985183747
99839,11.639754265505507
99840,10.271403457725041
99841,9.349550367355997
99842,15.453896649625625
99843,8.851791515669047
99844,7.398010636125768
99845,6.390212375113537
99846,9.43156194087048
99847,11.502479516400811
99848,8.196313506336315
99849,10.326998923848683
99850,4.974247290465639
99851,11.498468050744565
99852,12.27986931346366
99853,8.474928898736518
99854,9.34426025874443
99855,9.313515090171979
99856,7.534419536869292
99857,10.251556977295113
99858,10.016709046970758
99859,9.126528391940145
99860,7.321565821312317
99861,11.011031727811417
99862,10.014333458033255
99863,5.1266879705131005
99864,11.09544816451216
99865,8.840896092970102
99866,9.143584637316874
99867,7.536819812515764
99868,6.284729276214177
99869,7.957155291394538
99870,8.577039595917979
99871,8.571868456179427
99872,17.044198304521807
99873,13.347779805574339
99874,8.835178542512057
99875,8.515235199739681
99876,11.931252660607559
99877,8.730191765628032
99878,5.19829760811212
99879,9.79243899190813
99880,7.5291626028799525
99881,5.764575873690078
99882,9.359879377245452
99883,6.202914646013168
99884,12.046454686549685
99885,11.808397366900362
99886,7.832564688854811
99887,10.79961901254094
99888,16.422928281638956
99889,10.842706445141326
99890,15.356316308962928
99891,10.240171394301194
99892,7.102812564871999
99893,6.1747004166083705
99894,7.188646124193383
99895,12.07705860757084
99896,4.883790180192669
99897,9.32894012071203
99898,4.661156847719796
99899,5.966765606155537
99900,11.353066694546735
99901,13.704027828902529
99902,10.351281190840307
99903,6.654059228105318
99904,11.729320018193809
99905,9.688132538632482
99906,13.759648424979792
99907,6.53079339929582
99908,7.309995994389619
99909,9.79716273085597
99910,13.509895926684672
99911,7.307618095755741
99912,9.702203643919113
99913,10.421887363079692
99914,5.753962360219767
99915,9.551547130475246
99916,9.133851703091537
99917,12.13767310347453
99918,11.982421759447776
99919,4.737533606753781
99920,8.77543540033228
99921,12.777064016081685
99922,11.82018993752301
99923,10.828582208894327
99924,8.630700377872893
99925,9.221710233288702
99926,9.125428981579656
99927,6.115208279656497
99928,4.250717171592773
99929,5.465706345674559
99930,7.491400362856295
99931,11.481902829168172
99932,5.096495042638824
99933,8.605503113965742
99934,9.289687768619165
99935,9.863052431109121
99936,12.850563364438779
99937,9.79849120881353
99938,11.855885509333884
99939,10.915402860907975
99940,11.916227034821258
99941,11.306977420774851
99942,12.760041515557893
99943,10.617743772529858
99944,9.769523690511624
99945,9.571803837203767
99946,9.680362975535962
99947,10.527515807035078
99948,11.087942909688115
99949,8.422586338566314
99950,7.115145374448586
99951,10.25753119499733
99952,7.9740224359827465
99953,6.906590979026364
99954,10.590194138404115
99955,5.5236630444674635
99956,5.807286136233278
99957,14.279156957573784
99958,6.257147993736838
99959,8.937725170758052
99960,9.347350635356028
99961,9.543736166090676
99962,7.836413178835002
99963,9.918810809315332
99964,4.129014375993394
99965,9.997854022353692
99966,14.414374891831836
99967,10.154851010629372
99968,4.880236354004816
99969,7.990085754241237
99970,9.573674102256689
99971,6.919895340602006
99972,11.556724819827814
99973,10.73551366369557
99974,8.268332989945362
99975,11.161658643374716
99976,8.501537756400296
99977,12.361198284066877
99978,9.167214414959236
99979,12.261832467300632
99980,11.076605366555969
99981,9.474851575534942
99982,9.720674880040864
99983,8.665897606267697
99984,7.71732968565702
99985,9.569162742053011
99986,9.785872429689723
99987,6.77984481333213
99988,8.675713180854837
99989,9.422298668552047
99990,7.567684802196579
99991,6.878024140236429
99992,10.579005633179571
99993,9.622336445870493
99994,15.352061609280799
99995,7.555532088345243
99996,8.686997640165004
99997,4.153654059941612
99998,12.862186341604916
99999,9.529957517164407
100000,10.79071846795074
100001,11.072793519626885
100002,4.255412233207489
100003,15.431040857348005
100004,13.994616495938377
100005,9.602544098359212
100006,12.270301739515741
100007,12.589826172940043
100008,10.670611899741933
100009,7.16411928308734
100010,8.636091955334816
100011,12.847033826130575
100012,13.989840384690694
100013,9.681457994653593
100014,5.537981809420794
100015,14.674826058944513
100016,11.281409073297457
100017,11.599834123014523
100018,10.470786383680755
100019,11.039434190375456
100020,10.506520548288787
100021,7.8176848988063785
100022,8.355203469935987
100023,12.379862525805251
100024,10.671818217839224
100025,12.910976449217472
100026,5.301760368799146
100027,6.845237942904612
100028,16.28858525117245
100029,9.364921439508386
100030,9.513746233172473
100031,13.459677274848882
100032,7.890403306367117
100033,4.319375283817189
100034,8.090479579835502
100035,9.40649682330397
100036,10.18414588500378
100037,10.405972631363555
100038,9.814852441637589
100039,10.067951996461705
100040,10.77627337407525
100041,9.290095156096069
100042,6.475804078584599
100043,11.241207929270098
100044,9.170866784533514
100045,6.540693291947159
100046,5.471289757403488
100047,8.035003882718787
100048,6.729609183114734
100049,9.063752269958304
100050,9.718511730504044
100051,9.3389826517809
100052,13.911828639910567
100053,9.28054011879487
100054,9.073991914197842
100055,14.483869159914395
100056,11.187304423717853
100057,9.42927577430943
100058,8.041346712509014
100059,7.349469607990071
100060,11.221611669502119
100061,7.659818346985904
100062,10.272303994618134
100063,4.181456904089482
100064,9.709913015052075
100065,8.850493406871989
100066,6.698085517527072
100067,4.610805454777516
100068,7.402660345903558
100069,8.897939511223957
100070,10.109835572653143
100071,10.35552620076632
100072,9.321369031136047
100073,7.134432774035721
100074,8.252612207819338
100075,8.603220251450848
100076,12.980608907459196
100077,6.779927620383312
100078,7.953614921732161
100079,9.846713597842989
100080,8.208812682214665
100081,10.090054428520181
100082,9.65975256193386
100083,12.06517945260683
100084,9.456169443216561
100085,12.286621395661845
100086,10.13668972707033
100087,12.909073354106377
100088,11.928217691814327
100089,10.467388041036083
100090,10.018467749372952
100091,12.328793696140986
100092,9.990742718479021
100093,6.157396681525766
100094,9.033491268171675
100095,6.711104746562805
100096,12.232704218125328
100097,11.5763294721584
100098,10.36265650890761
100099,9.563670072459692
100100,9.306422345975989
100101,13.774393087279586
100102,11.56093050370412
100103,14.594527671955527
100104,13.596670388908768
100105,10.152957980861776
100106,6.089285821277824
100107,8.989904179325157
100108,9.352747205297606
100109,11.238565867733977
100110,9.72203308823382
100111,7.005995592268
100112,9.840595190089626
100113,6.49930130111264
100114,7.493711874338656
100115,11.423861031428576
100116,13.76432820112401
100117,9.28401186793276
100118,10.287185673804753
100119,4.916537246620382
100120,6.230785110401254
100121,12.384795223008357
100122,7.709042208896885
100123,6.552171706477689
100124,6.866490600916331
100125,9.457235999057966
100126,10.898519019092339
100127,8.59751046593344
100128,13.94282393846404
100129,8.96930510872811
100130,7.4684134035674505
100131,9.595694316916898
100132,7.56513621697258
100133,12.25655077583074
100134,8.772292774159869
100135,10.13993173637537
100136,9.111527564516754
100137,11.93351271162213
100138,13.560373840782953
100139,11.42828429925314
100140,11.54319430700004
100141,10.78602417887162
100142,15.381459895971778
100143,10.800961314082716
100144,5.158137747226325
100145,9.705274977570038
100146,6.329861654714019
100147,6.777779794161653
100148,11.026204358979843
100149,8.661923078237606
100150,11.353917294133515
100151,10.661850347346448
100152,8.843181359069394
100153,9.013981061071794
100154,11.484438172323243
100155,11.31517962616656
100156,6.280034940215876
100157,9.061914450481769
100158,13.75445441881423
100159,9.361807005813588
100160,9.887713439866854
100161,9.480544452969678
100162,10.82415057189021
100163,11.110389252172558
100164,8.887673047900122
100165,4.917046253624748
100166,9.472260252251989
100167,8.935673728598044
100168,7.993859467313291
100169,10.80366967407746
100170,10.134306335147869
100171,12.00499412884826
100172,8.921388954012588
100173,10.97589876242171
100174,10.793698149478772
100175,7.036554742038716
100176,13.177775814659446
100177,12.316959587150953
100178,9.341948184692162
100179,13.037101361356926
100180,15.03078044363404
100181,10.852934592744893
100182,8.011389335519478
100183,10.242995405537366
100184,9.475317912616111
100185,10.960105636638101
100186,7.0858543183743645
100187,10.675421068336757
100188,10.668678749408013
100189,11.495883236642385
100190,6.952217615057212
100191,7.722692460217125
100192,12.1346011225361
100193,6.647454618255051
100194,5.195442528416216
100195,8.418178222741563
100196,11.294193472625052
100197,7.576440831397446
100198,7.813500095656517
100199,15.521651982308303
100200,7.330870495442125
100201,10.620845190954489
100202,9.73505013173621
100203,13.575049045673328
100204,7.271715705879397
100205,9.593042384770012
100206,5.951358425250779
100207,11.981995574601376
100208,11.493837953302938
100209,10.551158526935652
100210,12.380233076823485
100211,9.52555565754351
100212,9.111563458860132
100213,7.1168754495386235
100214,10.149297408299246
100215,10.418461410771709
100216,9.189158944481632
100217,9.489501346525252
100218,7.120489320401643
100219,7.482774224265839
100220,10.123952207538666
100221,6.3769715384863614
100222,8.823099576958995
100223,8.683300583695353
100224,9.726303703881864
100225,8.917372851150303
100226,8.703200993867284
100227,18.10136057154592
100228,9.458709356024126
100229,12.262715294700762
100230,9.814756429312814
100231,6.559039255982827
100232,5.82520672853475
100233,10.048041216515509
100234,9.254564895255916
100235,10.279606579200207
100236,4.410014414162124
100237,7.617089145323431
100238,13.296247843277275
100239,6.166132773115782
100240,9.256529645648683
100241,10.725114967423911
100242,8.351470219912159
100243,9.781130939851511
100244,6.949974360605388
100245,9.864728489257308
100246,6.7383902489760485
100247,9.424709245384332
100248,6.305646639280709
100249,11.758970469608519
100250,7.514673620321103
100251,11.076639501695748
100252,13.961018615905298
100253,10.162781826708143
100254,10.851453207168973
100255,16.550037370766738
100256,7.431265511588438
100257,13.424374736992277
100258,10.115006250335687
100259,7.233694950146638
100260,11.041399164196756
100261,10.136344326108816
100262,9.346223763794885
100263,9.990296336409406
100264,10.466301338024204
100265,8.898971235105503
100266,12.053263380727223
100267,11.600227853771411
100268,11.967684614402213
100269,14.176387913366364
100270,11.071257635186228
100271,10.10390133722277
100272,6.2406471497575735
100273,8.322888756638736
100274,13.985216889794064
100275,9.686109417620433
100276,9.034998961976948
100277,6.633593289189898
100278,8.09736177855162
100279,10.34216459074069
100280,6.969981116469569
100281,6.523677593985829
100282,13.59661480711558
100283,9.505532126325198
100284,6.558121866052713
100285,9.696877993439404
100286,11.417659116427288
100287,8.245717857546484
100288,7.591112688875199
100289,7.419629459916782
100290,11.419787847117775
100291,9.508720504935358
100292,12.723661279584228
100293,8.582744536814342
100294,8.323560620762564
100295,10.618390941580321
100296,7.6517448739331
100297,6.904925933059917
100298,8.242074300065193
100299,10.586047630474209
100300,9.71572618971709
100301,8.810267894377004
100302,9.277910968555627
100303,11.629242467365664
100304,12.031437213957705
100305,15.416306126988303
100306,9.064683256885248
100307,7.253168539458683
100308,7.609391644421583
100309,9.206166823301228
100310,7.580589751589997
100311,11.253401331402653
100312,11.412196169547862
100313,9.696966509044291
100314,9.61300194883665
100315,14.361803028056485
100316,7.37639855323727
100317,10.42213889845654
100318,11.78693652189477
100319,4.582466065204769
100320,8.811825321205019
100321,7.546680559340641
100322,9.01285518990726
100323,10.04271491807206
100324,7.354292282435759
100325,8.833618225202311
100326,9.92002323209439
100327,8.24733505532869
100328,14.428454669913739
100329,9.00148664052732
100330,9.29620986282203
100331,14.460759206131929
100332,15.004459221056859
100333,10.492651083841938
100334,8.92612901752331
100335,12.57931310153187
100336,10.262521461377428
100337,12.706326177727636
100338,6.066811171820153
100339,6.610912285152021
100340,6.080738049917341
100341,9.10430239979918
100342,7.326153715809461
100343,6.5780741917718455
100344,10.786737585482792
100345,7.231600277289646
100346,13.313136394852483
100347,6.431511314677799
100348,9.554035553451106
100349,10.874481175162307
100350,9.650053001864439
100351,10.126470795778157
100352,10.881435607570186
100353,14.104639355817861
100354,6.4490209066882915
100355,9.311450191495506
100356,7.131161099414986
100357,7.085977247777295
100358,9.655807515193915
100359,7.1618194880149435
100360,10.53835626571254
100361,8.531885958797613
100362,7.363197111022414
100363,15.183990146141179
100364,9.952156706718608
100365,9.225764466227188
100366,8.40748240430658
100367,11.861051230448421
100368,10.793968941727906
100369,9.003551486825595
100370,12.097456601584224
100371,9.207695684511629
100372,12.775556771418454
100373,10.930339614120626
100374,8.611441227423466
100375,11.688118930337417
100376,10.343646323388452
100377,8.983465429932483
100378,10.636178360043022
100379,11.534586621579306
100380,9.099472404486182
100381,9.279494094394462
100382,10.55348358477727
100383,11.526636955894597
100384,13.58366293015871
100385,9.769336417458886
100386,9.908293590183769
100387,11.757999047949042
100388,8.097165211360899
100389,10.195912903163896
100390,12.740449949775122
100391,15.146188221607403
100392,9.029655351657933
100393,10.150887940706404
100394,11.045344450229866
100395,6.581847889063548
100396,15.611404736155155
100397,8.22712800742556
100398,4.626538431843367
100399,11.630717205996143
100400,11.02853865993804
100401,10.895670375183883
100402,8.339963855716869
100403,15.36553978407884
100404,14.736366309421584
100405,7.1083035672247945
100406,6.335049791198801
100407,9.008512964595017
100408,10.453945996312363
100409,12.11495515836641
100410,9.085074488612893
100411,6.067502105244603
100412,12.057353305830329
100413,11.329602666667617
100414,4.4499147376315875
100415,9.7095355474063
100416,9.228817803388333
100417,13.395127389362202
100418,9.916799933469244
100419,11.540078051061325
100420,13.331046426807367
100421,9.84633531353879
100422,7.612475566031449
100423,11.180076234169519
100424,9.270760425488511
100425,10.785180382596577
100426,10.271167123931813
100427,5.657194356066421
100428,9.001955162543647
100429,4.85149879830963
100430,10.263181109305084
100431,9.194651130726694
100432,13.542438603708533
100433,9.625647110588494
100434,9.24640501303946
100435,6.982538080652551
100436,9.682714678893948
100437,14.89739557584123
100438,9.54947081685665
100439,9.771158919439094
100440,8.698889914414258
100441,7.107767122115876
100442,7.056209330781293
100443,8.985259179509287
100444,12.316619481544532
100445,17.32406962851698
100446,7.457544374101673
100447,14.848789826179342
100448,13.111058174351822
100449,7.4995044882010955
100450,8.731528043379768
100451,4.737204438680466
100452,9.8088056960864
100453,9.914637016162557
100454,7.037132821340994
100455,11.362178918705201
100456,15.046273181449754
100457,9.46382577202838
100458,11.704503664930787
100459,7.243236270006518
100460,10.731340566577115
100461,9.551405138157019
100462,17.123110077797378
100463,9.315725619437293
100464,10.964188135736412
100465,11.665742110978053
100466,5.430814979330611
100467,8.435600713534502
100468,6.98168432009445
100469,11.617569767006703
100470,8.116338098133234
100471,9.806809737164338
100472,8.929587462371183
100473,10.929395841489685
100474,12.73578876853652
100475,15.669721535153721
100476,12.279615794202536
100477,8.78579557721702
100478,10.069560847476746
100479,8.99049952741768
100480,9.169628028070013
100481,10.874843816351737
100482,10.894643317114575
100483,11.55088982116201
100484,9.557686401523096
100485,14.85144124092381
100486,6.897318063726848
100487,9.430152161620095
100488,4.021950295622265
100489,11.947647476984393
100490,8.169758436589358
100491,5.241866114893776
100492,9.382990098952153
100493,11.44510983343418
100494,11.992224681793049
100495,13.149121685360239
100496,11.476420616827216
100497,16.073646166738634
100498,8.746815008526173
100499,9.456586224207037
100500,16.124588329568994
100501,12.41487854373381
100502,9.758262605091002
100503,11.170300993559765
100504,8.371702952294365
100505,15.469106853720564
100506,9.919306505734069
100507,10.185942382630339
100508,10.149039236294131
100509,10.691658631280134
100510,10.880231995179944
100511,6.992044866424509
100512,9.348460857480806
100513,5.1161524578549535
100514,9.522255230818795
100515,10.805102304426043
100516,11.841823770859481
100517,13.727720332689657
100518,10.587460774552335
100519,9.261325070457314
100520,5.080258234730833
100521,6.845260164480041
100522,10.70594170056478
100523,12.926771927424458
100524,13.502071671381447
100525,13.315683117173155
100526,7.108442183222903
100527,10.54309081627645
100528,9.53471014762756
100529,11.445917755781426
100530,7.894231541549861
100531,8.858301774212435
100532,12.776893476613793
100533,6.709337565187086
100534,9.662557478088916
100535,8.341798070172077
100536,12.056538027382427
100537,7.246085089888936
100538,13.197812201870722
100539,9.091567816399058
100540,9.664639936052666
100541,9.182022796590331
100542,10.67182181037403
100543,14.760041985364987
100544,6.4752917972195565
100545,9.7231541314701
100546,10.33777287049723
100547,7.519629798215196
100548,11.060521339509686
100549,8.57981031179872
100550,10.468987362502249
100551,11.672401626851638
100552,10.03957965000583
100553,4.862066655572192
100554,6.743292788053663
100555,6.6390938317012695
100556,8.267433732942962
100557,11.130620761809542
100558,10.812801638884446
100559,5.491844283649772
100560,8.422066204266349
100561,7.333517397129063
100562,6.753712157353169
100563,12.259802980687052
100564,7.226448248841907
100565,12.396921943101
100566,10.13840658562363
100567,12.90967642426772
100568,8.996609875327119
100569,8.6199571172844
100570,6.26644461858536
100571,7.553141245653139
100572,8.563187531193194
100573,7.583648603298135
100574,13.806318448245756
100575,10.329595506806612
100576,7.742555592380784
100577,9.932719202367599
100578,10.587318263263931
100579,10.771528376648984
100580,8.327040966259016
100581,8.601222458224436
100582,10.199728513202562
100583,11.310789720672116
100584,12.198145835389848
100585,13.064729069989244
100586,9.628308137011304
100587,9.56259230024907
100588,12.461562099254149
100589,9.346985245605465
100590,8.079694264813687
100591,11.00801102738488
100592,12.484569131388374
100593,12.515024748036087
100594,10.825282307896146
100595,14.540965321392282
100596,11.899383783206568
100597,5.51189082350041
100598,12.563010123338291
100599,9.621129305388669
100600,8.847093124115874
100601,9.175823202691173
100602,11.823459903970578
100603,8.18431369454896
100604,9.125274304191933
100605,9.421174831042993
100606,10.757257820124531
100607,11.967501488527422
100608,14.331570649055033
100609,7.187259613753042
100610,4.10722503260129
100611,9.831371402688822
100612,10.683308540035014
100613,7.549575782932206
100614,11.653572524775921
100615,9.50145900717409
100616,9.721115174645144
100617,10.555351169379993
100618,13.690270441674988
100619,11.04638323254979
100620,12.088716300332205
100621,8.39387452514159
100622,16.054312565755513
100623,10.273252915238377
100624,9.316150148690248
100625,9.755127899314484
100626,9.537102418718433
100627,11.247957177614154
100628,7.940042612731444
100629,9.844669793089677
100630,5.320327210528292
100631,5.038911399082545
100632,10.656900388829374
100633,10.937963649313085
100634,8.222335946973017
100635,11.164611770860251
100636,5.853120389600717
100637,13.047976064280823
100638,10.392721168886027
100639,8.061392000101401
100640,12.661921467051645
100641,11.039921714472348
100642,10.845239442619302
100643,12.10268458077536
100644,7.31268647142566
100645,11.408614086436542
100646,10.610629269705466
100647,6.068833584408801
100648,10.42043666280652
100649,7.441926029627915
100650,9.34638930670653
100651,5.594493026309118
100652,9.944434138336428
100653,9.856109375555327
100654,5.459976382438269
100655,9.75374643429506
100656,8.162097346532331
100657,8.0602267842936
100658,9.528823421058162
100659,7.294927468511796
100660,4.09643250695813
100661,15.183517898773138
100662,9.15356163705296
100663,10.173267130496672
100664,10.128099403121771
100665,11.379365398731212
100666,10.724336777066844
100667,10.254255732150511
100668,15.138936834490949
100669,10.235210545492299
100670,9.423810629265637
100671,8.65451119848621
100672,5.61817501648706
100673,11.51279704477641
100674,18.110933178943394
100675,13.77943712360359
100676,4.644975212780968
100677,9.914142126113722
100678,12.05324945681679
100679,13.217237980823132
100680,10.3124576397777
100681,13.6141737353353
100682,7.15597936533086
100683,11.849638691520761
100684,5.762210205199887
100685,8.585537723865972
100686,8.810794468322024
100687,10.932006960445959
100688,7.5365351657104585
100689,7.731341592628164
100690,9.13861245547714
100691,7.605839471395315
100692,5.5264069767709785
100693,10.055671356771821
100694,7.3140039762707945
100695,11.327781745142545
100696,9.854861910628859
100697,7.356981536096153
100698,8.818003880956745
100699,6.20019739728386
100700,8.94668051035303
100701,9.160326575515482
100702,9.937945450864008
100703,6.3013502482506105
100704,10.06162459888964
100705,11.38208677454887
100706,4.321749213676244
100707,9.166141236683487
100708,10.255928974469711
100709,7.067803140279487
100710,8.470913951496943
100711,9.181960142237477
100712,10.269883447268704
100713,9.810213462855069
100714,10.828911635938502
100715,12.475518962006936
100716,14.886439045717925
100717,5.108444681359226
100718,7.295561305888536
100719,7.362331985127712
100720,6.152577404366907
100721,10.820290546041274
100722,11.539480124749272
100723,6.171373756567452
100724,7.506130137458348
100725,10.173310002787325
100726,11.347589922826245
100727,7.974948829656443
100728,10.889451655575396
100729,9.034565584669915
100730,7.287503859004582
100731,15.713705042031998
100732,11.137928199999715
100733,9.333614849156953
100734,9.207033935919577
100735,9.524687315609699
100736,7.212576749631991
100737,8.032389938686709
100738,13.027300036374404
100739,9.266905727232817
100740,10.380349174927293
100741,15.616456154019549
100742,12.958181738425566
100743,10.376577918637881
100744,9.41187597206421
100745,6.598199597682066
100746,8.541895397106934
100747,6.2534471333962
100748,10.756802145653575
100749,8.010192070330548
100750,12.659920005747193
100751,7.118613379956079
100752,10.773614136618619
100753,9.250982728721553
100754,8.341636372620432
100755,11.224590662409517
100756,7.326288564753616
100757,10.271814778681673
100758,11.375051278355906
100759,13.880581615315904
100760,10.018051844346598
100761,6.417215272798808
100762,9.73218483307225
100763,8.43571654041845
100764,15.516372246908919
100765,10.245360369216518
100766,7.940324958979213
100767,6.243221839997861
100768,10.51169451249842
100769,10.248234037137882
100770,12.447770716648836
100771,9.977438698196504
100772,6.850205739743764
100773,11.4412146555105
100774,11.088887381511565
100775,11.946095278306009
100776,9.739636023429382
100777,8.990667292192894
100778,10.218863237009035
100779,9.318685713668748
100780,7.215728094383424
100781,17.60240158292058
100782,8.12987063439802
100783,6.8188944008239885
100784,10.761692981171025
100785,14.953657485437285
100786,5.898260747197396
100787,10.28386306558377
100788,10.513055756230461
100789,8.943636324508159
100790,7.213106686816222
100791,7.227700773232338
100792,5.864471533560595
100793,8.832833534295407
100794,9.151277718345035
100795,15.346296806549272
100796,10.094584282161929
100797,14.560329595038592
100798,8.337321611413893
100799,8.569861174928679
100800,6.987984078860277
100801,9.059517814077054
100802,8.422373759950414
100803,9.183656162590108
100804,16.753091949917437
100805,8.940355842561202
100806,11.346159539320805
100807,9.556748099881478
100808,6.440042755530203
100809,12.777317964970793
100810,9.058748362619443
100811,8.837917171294208
100812,11.816181639252061
100813,7.957016714725327
100814,6.235834010195695
100815,7.221349525416777
100816,10.752531341937063
100817,10.265202278453096
100818,10.955079477245983
100819,7.844316262565241
100820,9.515140633412958
100821,10.955732811330918
100822,10.360900769478103
100823,10.008513119581533
100824,10.80558022223274
100825,12.299400746285903
100826,11.646200208413656
100827,7.9296780676047955
100828,10.428758423181167
100829,12.003553295022055
100830,8.968219904172816
100831,10.764280482525427
100832,8.497893759967788
100833,7.494324387430983
100834,12.519932368233047
100835,9.393311361771428
100836,10.20943998393479
100837,6.835881450654517
100838,8.073866640077256
100839,15.9120724634496
100840,5.715243319524008
100841,5.883046626296177
100842,9.61420693300274
100843,8.400305745752316
100844,10.457301215497106
100845,10.886678241914613
100846,8.914959771818681
100847,10.262086878758042
100848,8.480206116041781
100849,7.213934095165792
100850,7.860780252051138
100851,14.327814987448903
100852,9.827165052573301
100853,8.301135145632491
100854,9.870675599714925
100855,10.400388393884507
100856,9.520723490752665
100857,9.910256817284582
100858,7.575761584601748
100859,7.1290617444651705
100860,8.589418651787344
100861,10.932669776107184
100862,13.877939407492004
100863,8.229889398864003
100864,11.341758282054045
100865,8.379879531820551
100866,6.9107013170874065
100867,10.58996580163722
100868,9.265187418337748
100869,10.58832719386597
100870,7.911348149794904
100871,11.3611446273875
100872,10.415950134095187
100873,13.207489172687763
100874,8.419308308306027
100875,8.247607534057266
100876,11.280783292217572
100877,11.378014802447646
100878,9.230655680899364
100879,13.819703924820072
100880,10.72305252760396
100881,10.958224944317802
100882,9.21284142050565
100883,9.62563477215954
100884,8.761790441093952
100885,13.672570943984175
100886,8.549817725148023
100887,6.995855133041067
100888,9.802383112943625
100889,7.7374737708127554
100890,10.177246694308675
100891,5.214433186487822
100892,12.913782641737606
100893,10.61107759557515
100894,11.223595496529038
100895,8.757861992901944
100896,10.394391051450267
100897,9.195070043952404
100898,4.9054083540076885
100899,4.776425830631885
100900,7.819291988092675
100901,7.288682728644538
100902,7.086516309035396
100903,8.003930965257101
100904,10.139414086814565
100905,11.431724440699046
100906,6.027623420779321
100907,13.712980413874519
100908,9.326892274446866
100909,8.955608705856791
100910,9.362048843405702
100911,10.987123713469657
100912,11.113694183976083
100913,8.46396305814087
100914,11.815805361509465
100915,7.445177374739437
100916,13.083565674289806
100917,7.870147411223061
100918,9.17862224752626
100919,17.773689221257087
100920,14.018879350496295
100921,6.168817645337416
100922,13.242217569996559
100923,10.707240777040251
100924,8.397835839932611
100925,10.312892388507871
100926,9.740181231126096
100927,9.471403364104956
100928,9.160002581118658
100929,8.923455537003456
100930,11.922352438437347
100931,4.593663483405076
100932,8.407227671312182
100933,10.04053375558782
100934,5.529970106042197
100935,13.781522761680787
100936,5.100489882544667
100937,8.663259074970831
100938,13.006731972040276
100939,11.047133257011518
100940,8.702799941737284
100941,7.342864781000449
100942,9.484515498989323
100943,8.901858799010585
100944,11.266792083611781
100945,9.446760516774045
100946,9.329778105281815
100947,8.94121189239948
100948,8.472073212707626
100949,4.366322129879754
100950,8.953257027031293
100951,9.40805104726049
100952,11.679646175741087
100953,10.86894459500482
100954,8.002484962378066
100955,10.634743018916271
100956,8.17875930738017
100957,11.645092956888641
100958,11.024294717996657
100959,8.8715251935263
100960,9.37063770783638
100961,9.306616768362792
100962,15.593406391978956
100963,8.311672158577016
100964,8.92529465910679
100965,9.547492660490068
100966,7.567649531195625
100967,8.036239877485492
100968,9.188197904860246
100969,4.632208949543493
100970,13.554911063436393
100971,4.471851261193578
100972,10.27030311232511
100973,6.655167141576167
100974,9.53726483987858
100975,7.019434130397988
100976,10.511579573498558
100977,11.715661280912572
100978,13.255364896249137
100979,10.647036606398192
100980,10.524754862401696
100981,9.774247363287449
100982,14.871561026719935
100983,8.726633298479783
100984,7.673462111766339
100985,9.548181366323949
100986,4.623304874794295
100987,4.452120100886745
100988,14.831489379884976
100989,11.514438884878858
100990,9.682756266837888
100991,10.09380285391746
100992,8.96126271246878
100993,7.5328629319085305
100994,6.9333207412263365
100995,8.413177053836513
100996,8.775776625994329
100997,9.88025605414477
100998,8.26044313699639
100999,10.941529107571741
101000,10.953756394163598
101001,8.473300267231178
101002,10.699520468397987
101003,5.165314281572192
101004,9.556559182094503
101005,7.7283882989684445
101006,11.779901945573176
101007,9.566898783144044
101008,9.262886476616984
101009,14.028957007733467
101010,13.761662258441655
101011,10.007418897982387
101012,10.962877586123746
101013,10.18637321834067
101014,9.406296157479517
101015,15.065313197955216
101016,7.856858706818356
101017,9.566326729816504
101018,5.136624424826058
101019,8.070821342704566
101020,10.236550045913855
101021,9.91768391990885
101022,8.95320323839226
101023,8.264439674273737
101024,8.990008037310124
101025,11.250254643722382
101026,10.960875569341889
101027,9.411506295711023
101028,10.272441315695676
101029,10.554335776458425
101030,12.92983947450623
101031,7.327345128322342
101032,4.93076782590558
101033,13.220559391218135
101034,9.028972938678631
101035,7.403670788805869
101036,7.9985296543395865
101037,7.2099646857851365
101038,8.663502006512601
101039,10.75810263500948
101040,6.977110522001354
101041,9.95485095171265
101042,9.514372196109447
101043,5.950044006162248
101044,5.940546998386678
101045,5.71607639755589
101046,10.98123555313334
101047,8.211094252173476
101048,7.31243421365061
101049,8.567771982442839
101050,9.057348562880922
101051,13.678247505112447
101052,8.828941380881929
101053,8.350104098954706
101054,9.02122426367813
101055,13.73452321459813
101056,10.855234346275001
101057,8.552676109106972
101058,4.375070463144428
101059,10.54337048089609
101060,10.425441557598761
101061,14.09399931035593
101062,7.041531872514962
101063,12.552745001695412
101064,10.557830827539174
101065,11.368484260562262
101066,5.941477195991566
101067,7.479741126712559
101068,13.144509768543367
101069,8.343477828266025
101070,9.391857201677984
101071,10.860891676629134
101072,7.079509862365948
101073,5.327405761916615
101074,10.69355501305202
101075,6.123932631004388
101076,7.461001896165579
101077,7.201801520366504
101078,9.534045382168769
101079,10.308751144367786
101080,8.862203738027405
101081,8.438651340243567
101082,9.510505960144595
101083,5.468471648899332
101084,4.71519000776952
101085,11.194757010727509
101086,7.510131325994609
101087,6.475191686058835
101088,8.37207226838785
101089,6.899159455466304
101090,9.84534660171784
101091,7.417755603009766
101092,8.13953288175726
101093,10.22728776842301
101094,8.336197744024641
101095,7.440291177252178
101096,11.36882577658307
101097,8.8368568760632
101098,11.952883104050201
101099,9.52292966408031
101100,9.461867565869229
101101,9.122187505082229
101102,10.101067369173725
101103,9.49701641793157
101104,11.246870990161524
101105,9.795018452545628
101106,14.843566550099998
101107,10.475299618196459
101108,7.501717821899291
101109,11.963227729938007
101110,10.632983669874365
101111,9.580283126586703
101112,9.446848598543994
101113,11.692641366669877
101114,12.147871979166561
101115,7.9719693817355335
101116,8.010086830940514
101117,8.704861342393922
101118,9.43241225541889
101119,7.614136323600287
101120,9.022284393006405
101121,11.172121524461875
101122,8.13156343455935
101123,11.43655389127642
101124,15.59462680353756
101125,10.13070264811346
101126,8.221491820393595
101127,8.108689121543872
101128,9.23421624499187
101129,10.000953579823136
101130,8.149766530148096
101131,6.905726187841059
101132,12.381963937641327
101133,9.689730994215774
101134,13.27572669192769
101135,11.62953388902443
101136,10.067378992311827
101137,9.601801098415848
101138,12.23097525654814
101139,4.956199115486264
101140,11.992547818622125
101141,9.65317371594923
101142,7.987044566163787
101143,10.79292138698499
101144,10.37865429075045
101145,9.522075054547141
101146,7.605670918574829
101147,11.380284226549325
101148,9.70291267341394
101149,11.750199941828152
101150,7.977971901940724
101151,10.409265211451077
101152,8.257110425800565
101153,7.867283200237966
101154,15.214911363707648
101155,9.663612627362145
101156,13.909711557899959
101157,10.819972918907954
101158,7.061148454708942
101159,11.663125718043132
101160,10.70821812413574
101161,6.8785538139428155
101162,8.95115499690593
101163,10.198468843365912
101164,15.484624363696947
101165,4.056352938479188
101166,10.258476627474565
101167,6.097899067874597
101168,11.289618801166318
101169,9.385719277165387
101170,6.84988783275441
101171,11.717232307891802
101172,12.726219580954176
101173,6.0882380335664354
101174,9.041360456278438
101175,5.711580945221029
101176,8.242812488954646
101177,8.104971975225094
101178,10.062845941191524
101179,12.93811568532055
101180,8.499349840346484
101181,9.758606558588333
101182,10.009732649805773
101183,9.759069693646335
101184,8.642598406573532
101185,9.254908279723441
101186,12.127142237898447
101187,7.555659196490277
101188,7.285650805123607
101189,11.637569758904629
101190,6.855697265895155
101191,7.866455216315558
101192,9.969928247515494
101193,6.934824239967116
101194,12.39646319761654
101195,12.782522751419963
101196,6.761305138245606
101197,6.775654496241415
101198,7.4774925078230385
101199,9.570598016387356
101200,11.6834669049022
101201,11.235220814970274
101202,11.39262434430258
101203,9.966997824993014
101204,8.866582219829684
101205,8.626843662001656
101206,6.707103926928598
101207,10.551433926953528
101208,10.757842312248105
101209,7.012156910315291
101210,11.845237490094151
101211,7.9474032105583605
101212,8.083694725593634
101213,9.944834081232354
101214,9.40011767042243
101215,4.033705399688481
101216,16.308371680002534
101217,8.70359919269343
101218,13.298458439459548
101219,9.577843657733215
101220,8.561156796160436
101221,10.043090069101611
101222,10.294904311644657
101223,10.370202642971677
101224,11.038198246141064
101225,11.778641730439794
101226,15.495617820250867
101227,10.566062872813124
101228,10.404925743042773
101229,4.5563419356015675
101230,11.791444977863083
101231,9.730219250746902
101232,10.05148521089878
101233,7.399180537096567
101234,12.729874090729131
101235,16.55891374031338
101236,10.98622236625411
101237,10.741879297007818
101238,11.243962666670537
101239,10.012720678735604
101240,7.630479255173752
101241,9.54631861835295
101242,8.904383137150228
101243,10.873488147381778
101244,13.767817831149292
101245,6.96721714641767
101246,8.410641249342103
101247,6.7310081566302715
101248,7.610684066912034
101249,6.915533905937036
101250,9.229413705086774
101251,8.724685703200686
101252,13.451077408149052
101253,8.620431784723163
101254,6.896676726247415
101255,9.575778978907318
101256,11.960197166272852
101257,11.526263319028349
101258,8.655855159897756
101259,10.490419058239365
101260,7.8124920133567795
101261,8.00204447300736
101262,13.534518656236056
101263,15.53069549303358
101264,9.536639018280715
101265,13.085743492800054
101266,7.229010757121641
101267,11.56955823178941
101268,6.5192134519504155
101269,9.133721865835636
101270,8.05336302659443
101271,8.537083295500747
101272,7.528076357864231
101273,10.458376877530673
101274,13.36778432933834
101275,12.507330094570495
101276,6.984801556871419
101277,9.938655492573194
101278,12.280602208759976
101279,11.264414568055752
101280,6.3378852418750204
101281,8.465556855991085
101282,10.837271927167695
101283,8.580517112196285
101284,12.545818010344766
101285,12.627869022828172
101286,7.419388367760751
101287,8.738170741527387
101288,10.418370196036609
101289,9.730186673807344
101290,12.392591322658951
101291,7.526491716977679
101292,13.47045288053288
101293,6.31760906886138
101294,11.208772988339863
101295,5.044025438221936
101296,10.763309585512124
101297,5.1040173625860685
101298,8.261794091480741
101299,13.401809501739237
101300,11.267969471153217
101301,9.699505083900474
101302,9.573788150111032
101303,7.079579507689554
101304,9.456405490666643
101305,4.079886018003775
101306,9.062193360734803
101307,8.32776567493964
101308,15.52160296406945
101309,10.236956520643554
101310,15.569939060728823
101311,9.578051051534057
101312,7.451687706406984
101313,15.265181946141018
101314,11.514221222511704
101315,15.387988612048554
101316,9.973810993104816
101317,9.836128268002728
101318,7.475245972414382
101319,8.132381116978172
101320,5.045443213683702
101321,10.341166492659566
101322,12.88488295933955
101323,15.25148702925274
101324,5.657534011315713
101325,9.140967376805184
101326,9.082995290358044
101327,7.546940519293007
101328,13.995915626113376
101329,12.021488966136939
101330,6.333809484762558
101331,11.6377375593475
101332,9.820718690537603
101333,9.509815966980074
101334,12.796593053991456
101335,11.041822880547922
101336,15.332293725299508
101337,9.822672036969337
101338,6.220799895301114
101339,7.822129496157291
101340,8.83676993655294
101341,4.630126935306022
101342,11.747446539082375
101343,12.353369036009306
101344,13.091064992312889
101345,11.018793656574292
101346,8.82409103376989
101347,9.833209913493208
101348,7.7542447737809
101349,8.180963049860356
101350,11.457776582164906
101351,8.44036776681062
101352,7.236686015695471
101353,12.875237188166432
101354,9.414880655502035
101355,9.797752392730867
101356,9.76791569441603
101357,7.195997804869238
101358,9.320246793054423
101359,13.86640130462423
101360,10.49001229782299
101361,13.2393710735636
101362,5.285223306646664
101363,8.302774749472116
101364,10.324503382128816
101365,9.928416095693397
101366,12.039816017402947
101367,9.306587045962312
101368,10.059923911202755
101369,7.089022049403779
101370,8.931874231884986
101371,8.085673544839091
101372,15.759539023216004
101373,9.22075521397009
101374,9.133076121735765
101375,11.894701492801593
101376,11.87007492183741
101377,5.112918469503624
101378,8.954424403472103
101379,7.7602954872987935
101380,8.108815011284658
101381,6.6205205331111525
101382,8.48316064025653
101383,11.01081151764562
101384,8.262198194286976
101385,9.02714060714326
101386,8.239057959092602
101387,8.5845890631583
101388,12.706859360619873
101389,10.070213597577526
101390,10.193697338829649
101391,10.199379048690721
101392,6.59622233595069
101393,7.728112365243843
101394,12.463473254360888
101395,12.447445182630126
101396,9.293787372264136
101397,11.10318923906875
101398,9.543441853003152
101399,8.902289219436339
101400,7.853445509152496
101401,9.709610261339815
101402,7.828263176000742
101403,11.810969333023525
101404,10.541919304032215
101405,7.257895417542416
101406,7.510315444130067
101407,8.124278854960107
101408,9.12933222985349
101409,8.094835703509435
101410,8.959451360686577
101411,14.701602255070288
101412,12.270790193027281
101413,9.918882935859006
101414,16.800896032265296
101415,9.336827849355595
101416,10.357537820584351
101417,7.519393865397913
101418,9.21598734816868
101419,14.231739413957541
101420,9.874951860357418
101421,12.952159664759511
101422,7.621545307040736
101423,9.292599215739376
101424,10.416108885007919
101425,14.576280040358688
101426,8.651313840119602
101427,12.868623851181757
101428,7.286745001162832
101429,11.252468162171027
101430,8.091928847277838
101431,9.835194039953691
101432,9.244072787576949
101433,11.973231747623803
101434,9.299502674277258
101435,9.149146721703103
101436,11.327044434597035
101437,11.94905339002736
101438,8.460590099119056
101439,12.997885501821703
101440,7.2444314894726265
101441,8.513880097174303
101442,9.559336901501155
101443,10.628849951901618
101444,9.752923380206656
101445,11.019497194803517
101446,7.101082854114344
101447,8.367489272779643
101448,8.909768962536287
101449,11.017027317899847
101450,13.016674418790718
101451,8.918286262358361
101452,8.90420399665008
101453,7.660280063098057
101454,9.253336596467927
101455,7.8089061910266935
101456,10.534869249888018
101457,11.566623280131589
101458,10.730442953428598
101459,12.838764880908721
101460,12.168392287521947
101461,7.360646164179549
101462,12.960296490158015
101463,9.121807858266356
101464,6.874399464417037
101465,8.490936677296776
101466,7.997955058850548
101467,11.30810179875325
101468,8.823825127187133
101469,8.956390979027876
101470,8.675591596472376
101471,16.488424776937766
101472,9.223445213999433
101473,6.460621245663023
101474,9.228003907675184
101475,9.005675005260084
101476,9.394269938316523
101477,10.68108868618505
101478,14.914308113136112
101479,9.194995536516597
101480,10.437699924903207
101481,10.226298537113482
101482,6.699513964716381
101483,10.93535681478686
101484,7.664464843315585
101485,11.101539089035507
101486,6.330540480010192
101487,9.110461631727679
101488,9.979868780135561
101489,9.768890776997127
101490,7.203267937246234
101491,9.765265382682715
101492,5.115707531857693
101493,8.289099252777174
101494,16.26992030542609
101495,8.701378626665186
101496,7.373760131458352
101497,9.795980865042319
101498,12.758273051251173
101499,8.20578862754912
101500,8.295005507989021
101501,13.998826127074548
101502,9.819616134513023
101503,12.115637295296299
101504,8.269050435823113
101505,11.282522478666241
101506,14.165502419990428
101507,9.504813985827164
101508,5.045835612817074
101509,7.422777837729093
101510,10.648960037709227
101511,10.72968195001096
101512,10.146480209298282
101513,8.852260627415607
101514,16.30930255352711
101515,7.541479976799835
101516,7.888814556048399
101517,7.330842389543126
101518,10.159981048887886
101519,9.644494847562799
101520,8.502202362402425
101521,10.131129232623692
101522,14.151646317850142
101523,9.015872650571298
101524,17.204646779413917
101525,11.716317531230652
101526,13.297530479704175
101527,12.465171116230568
101528,13.296507450932364
101529,8.965053066735019
101530,10.15430354675782
101531,13.071036207263528
101532,13.28666396955143
101533,11.51916298961128
101534,11.696569415916269
101535,10.20845664957994
101536,12.092736050426776
101537,10.785005459280109
101538,10.766343270568726
101539,11.161504452980655
101540,13.811144597398576
101541,8.560244606105456
101542,8.401061290839527
101543,11.583067214578133
101544,14.946393810580346
101545,7.783809645895121
101546,14.363300205264967
101547,7.529990827349731
101548,7.475469946491762
101549,8.016414144229717
101550,11.31919844837745
101551,13.348567453604423
101552,4.417090447208509
101553,9.700787325179624
101554,9.555355816023049
101555,11.532513423696685
101556,9.432376034746941
101557,5.800152792457733
101558,7.253388002791013
101559,7.582262514928686
101560,8.83465308272855
101561,9.604006276509049
101562,9.248385338096659
101563,10.46282234517316
101564,10.40536030428595
101565,10.214182187056423
101566,13.255574267537611
101567,8.484892408121151
101568,6.357628911121099
101569,11.164173675728568
101570,9.9680947159583
101571,6.787681529531703
101572,12.653233450269408
101573,10.91375929754884
101574,9.088633276782275
101575,12.151092808272278
101576,8.9293562140414
101577,17.405772349522586
101578,9.545429038869266
101579,10.831419882782733
101580,13.252963937625793
101581,9.796545459977532
101582,10.179432020003482
101583,8.999124101666421
101584,8.887624050850773
101585,14.084732707670913
101586,10.241946644132124
101587,9.628292979101143
101588,9.376993709334062
101589,8.778912065748026
101590,9.778285618108265
101591,8.034730469890908
101592,9.517817242947777
101593,11.39953563082847
101594,12.153505710851734
101595,6.958430020728367
101596,15.948594945656874
101597,14.861565682359691
101598,8.892471872535259
101599,7.222605507726127
101600,14.669592283777112
101601,11.144989907761751
101602,12.248350738575176
101603,9.80039728307614
101604,13.06672308523736
101605,11.53864565716879
101606,14.078314364645058
101607,10.473649351889161
101608,8.431521006960887
101609,9.112572799715986
101610,11.421445767827993
101611,6.576446822622479
101612,9.378136124210979
101613,12.34653495873503
101614,10.842376511098578
101615,7.148449136198417
101616,9.642039962367232
101617,9.068182736592325
101618,10.170382855052704
101619,5.696026446705419
101620,7.995630607964609
101621,7.392252313369116
101622,14.639689848129127
101623,8.70896547077533
101624,4.680219541765858
101625,7.439687364066856
101626,11.397349187474493
101627,9.39332954522815
101628,5.596062526467901
101629,12.748048433521024
101630,9.2336710224099
101631,10.29796531157671
101632,7.287006797195012
101633,15.896668502907847
101634,8.280245489427244
101635,8.369172316295383
101636,10.3121811175193
101637,9.265295311086785
101638,7.893111907361981
101639,9.336969260692527
101640,7.7472371323349964
101641,8.97406838906993
101642,9.930606758392027
101643,15.412885222123233
101644,7.890093701609399
101645,9.61287548373706
101646,7.432016774961303
101647,11.241623961140785
101648,13.505854926552772
101649,7.455486100309239
101650,6.618016014792838
101651,8.938360993596717
101652,5.680475681042557
101653,8.237095889109792
101654,9.889877944194584
101655,6.968804420630688
101656,7.573293227093072
101657,13.542046731923033
101658,14.503573797080577
101659,11.869781123064609
101660,12.427879281745152
101661,10.331171655603875
101662,9.947587386068166
101663,10.860381409311781
101664,7.899107893868168
101665,8.6833339720353
101666,5.1355465216146525
101667,8.873458499552246
101668,13.825291284678865
101669,14.354776112425137
101670,8.205761300198128
101671,11.336829173049674
101672,9.97694116814017
101673,6.812953444253732
101674,9.465357450471185
101675,9.582860733493115
101676,8.610876988131055
101677,4.214658059290034
101678,11.476989319029308
101679,6.7169897141124295
101680,9.860701150157785
101681,8.387232263322321
101682,10.697313927776884
101683,10.464412482781963
101684,8.57579941180837
101685,12.747837441830493
101686,10.592169662722945
101687,16.253556274704952
101688,7.528470375744189
101689,10.080072548701704
101690,12.988414502255074
101691,5.589187499029809
101692,7.198833012440372
101693,14.53949201691309
101694,8.523366935566381
101695,11.487305144656556
101696,12.681432187982955
101697,10.395314430342145
101698,11.750190434848411
101699,14.305446219301382
101700,11.141275022171994
101701,15.353543578380956
101702,6.287762168500082
101703,8.62269000136857
101704,10.36189286147141
101705,7.150658509358922
101706,9.90393077864815
101707,8.360981977407896
101708,6.898239553116653
101709,8.026050722332943
101710,16.626115297518083
101711,11.281213190691098
101712,8.611309263153448
101713,12.68991008117319
101714,8.852293055800589
101715,10.213246359781163
101716,9.98382946410849
101717,11.181083038564125
101718,7.539636893598906
101719,13.367547631048325
101720,6.939237265677754
101721,14.508279409813507
101722,9.588938347528531
101723,6.432553719258813
101724,9.269980508589512
101725,11.20193282930968
101726,11.364971704359387
101727,12.222756114573533
101728,6.887245188898495
101729,9.456178469091991
101730,5.500795939389186
101731,13.29595455192162
101732,5.6942200506301335
101733,9.493054294234451
101734,10.193004430281112
101735,7.13751230802864
101736,7.278633466964379
101737,11.935321156204827
101738,8.330412552048177
101739,8.768677742533908
101740,5.835964250360458
101741,8.73003044442881
101742,10.986268520993644
101743,5.771332607356589
101744,10.368769527651
101745,10.374937829966912
101746,6.365531726284412
101747,17.40339095049601
101748,7.5395165272897255
101749,8.632439618458921
101750,9.710164268258444
101751,10.81783676633913
101752,7.286964683670779
101753,10.615764455817033
101754,9.543522157339527
101755,7.028589789708446
101756,9.061042205628079
101757,10.285649103798445
101758,12.904834887222847
101759,10.842291883825004
101760,8.422469768834407
101761,10.735314189824734
101762,7.799195778553714
101763,12.00170772470733
101764,8.483857847358752
101765,9.85632900272467
101766,8.229282918598756
101767,15.287384271074
101768,10.760629791943938
101769,9.07195479182575
101770,7.610856615089905
101771,8.141409878482454
101772,7.301697541629631
101773,8.210543581026077
101774,6.499113250094661
101775,9.8930502302588
101776,10.195103957972977
101777,10.405674889671548
101778,11.744555176815503
101779,12.34426307438552
101780,5.541915563996265
101781,9.871531018206909
101782,9.451202841259377
101783,10.57337208016727
101784,6.134052465961306
101785,9.551172241943167
101786,11.147144909098872
101787,9.73020231939642
101788,6.927733740277442
101789,7.292865041696039
101790,13.559797441388701
101791,7.375082359965013
101792,11.439187276908418
101793,11.482515584653662
101794,5.427122546776277
101795,10.96078650102863
101796,7.234608358359489
101797,7.3479149595983895
101798,5.393044978923847
101799,11.423856607775381
101800,8.059195600845339
101801,10.678588212747961
101802,13.534016100134684
101803,6.235272820599013
101804,18.320827284035143
101805,16.542769930023702
101806,10.854177879457106
101807,6.800868048508235
101808,12.340981387098225
101809,4.98513255045267
101810,15.233742922297484
101811,6.286388184952156
101812,6.912376186167793
101813,9.451898036595395
101814,12.790816804257016
101815,5.129450397652514
101816,9.913787762898592
101817,10.703108662346546
101818,15.01611704186933
101819,9.291358891970768
101820,14.913175238193944
101821,13.375780769732454
101822,11.13881487364355
101823,11.464490776832589
101824,8.372116498997508
101825,5.064176522273868
101826,6.8557435479415805
101827,7.859582653898096
101828,8.697113597701307
101829,10.440206971089578
101830,5.560261846570623
101831,6.201559742747644
101832,9.42534581856053
101833,10.505530498961189
101834,9.311518653778817
101835,10.361218441063722
101836,10.161989319969184
101837,12.06788443707389
101838,9.694679090598907
101839,6.464891454082479
101840,7.475035564084517
101841,9.406522937374145
101842,9.597932397019928
101843,10.049324962366455
101844,9.597906223722608
101845,11.145195229006273
101846,6.95707747323606
101847,10.179370412473647
101848,14.207176896316943
101849,10.045230898055541
101850,6.611370974302443
101851,9.215927127209712
101852,7.072802658322933
101853,13.674675899563578
101854,9.343245328588228
101855,8.224994670934045
101856,9.259553253291028
101857,8.429210970613994
101858,6.389966479899078
101859,5.7877878848550495
101860,10.365246376590218
101861,11.946654639365965
101862,9.516391147246862
101863,9.828936253094561
101864,6.149195164438295
101865,11.692019480648554
101866,14.319344474530197
101867,7.863695596787119
101868,10.304636960680691
101869,10.058805934571534
101870,12.41792775940107
101871,10.842171667524303
101872,9.696210056507201
101873,7.45156170377349
101874,6.810480458926909
101875,7.129599476593761
101876,8.006976932526362
101877,7.5380611574605325
101878,7.693603313040645
101879,11.012917429114717
101880,8.102635598106767
101881,7.551690408378254
101882,10.028293058792935
101883,6.7373074483620625
101884,13.703171999145273
101885,8.455678786941823
101886,11.73017974937807
101887,10.575374216547756
101888,9.773049567529407
101889,11.176363812958062
101890,10.216399188678645
101891,9.430574969734003
101892,8.766042374948631
101893,9.603272911531246
101894,12.170180136843525
101895,8.967048279132984
101896,9.440267279262903
101897,7.571438960715016
101898,10.096416434986033
101899,9.338958681875841
101900,8.180930675679715
101901,12.25628566431671
101902,10.075915808925231
101903,11.55659526407435
101904,7.97280462017503
101905,11.694739900798016
101906,9.93129872955603
101907,9.813325217287385
101908,9.182942889485643
101909,9.973086437794413
101910,13.41953959455906
101911,10.726763623369454
101912,10.077673886603183
101913,9.522659290102968
101914,14.952399485427293
101915,9.508642794737082
101916,6.625695502823044
101917,9.035454528190275
101918,7.326762456372892
101919,4.727321569920957
101920,10.43493701568421
101921,9.707558671408615
101922,14.001974012870102
101923,9.770274767460783
101924,13.561768799247124
101925,9.143926570237605
101926,8.702585934198428
101927,7.974441034092948
101928,8.70807637969227
101929,9.040898823704797
101930,14.98652390620978
101931,10.93241343465726
101932,7.541776578028103
101933,8.813974164660412
101934,11.824659780959745
101935,7.480467559442957
101936,10.234511270058679
101937,8.971756784913762
101938,9.460669105861177
101939,12.849116453044719
101940,8.008975950841386
101941,7.978857378685679
101942,11.944204290506473
101943,12.951184064053223
101944,10.54061855155196
101945,11.01339674190066
101946,14.111131215128434
101947,9.59902925890465
101948,13.2735311388996
101949,10.930917717112013
101950,8.489033269554564
101951,8.769476550431838
101952,11.184015534604384
101953,7.992357559476879
101954,7.254464116567169
101955,9.368984981535851
101956,8.06873595075171
101957,9.810827138635771
101958,6.561114332464588
101959,8.543600566800093
101960,13.016153744811774
101961,10.669184732965848
101962,6.27218609264918
101963,10.42530364938787
101964,9.71337919155155
101965,11.049298938844014
101966,9.861953248965147
101967,16.39899620995451
101968,10.187501592279874
101969,9.27165437497138
101970,8.152179258005251
101971,7.027790678373014
101972,9.3791767572365
101973,9.680031189668728
101974,9.87933860459013
101975,6.520249192067624
101976,8.445712190883762
101977,9.051584207327954
101978,9.563789979393414
101979,10.903728636029703
101980,11.721407718777456
101981,13.401572792797158
101982,11.579669982057412
101983,4.9346579202862735
101984,4.8945149060944955
101985,10.107645574426948
101986,12.286409140852474
101987,12.948498711581795
101988,13.462734961004367
101989,7.260793194610137
101990,7.66660913434368
101991,10.39376127503316
101992,11.696969630381712
101993,9.3286361997215
101994,7.531144384739295
101995,9.409309315363256
101996,7.873288426632655
101997,9.848037737391866
101998,8.164472789148737
101999,8.938591032987842
102000,9.177940471930084
102001,16.830438900033315
102002,9.824143100519034
102003,9.567965719200776
102004,8.264762996927535
102005,11.963573955831839
102006,8.263937394004978
102007,6.5610352595623
102008,9.462435383621969
102009,14.54576370454107
102010,8.406493898940656
102011,4.961136290908367
102012,9.574884115699811
102013,8.986054980720553
102014,5.868417808681655
102015,8.709168481596045
102016,14.03009151376745
102017,15.237439058487903
102018,12.378192763111349
102019,15.858993214339648
102020,9.026125752276176
102021,9.583494318708869
102022,15.258563385689893
102023,7.919966291793344
102024,9.343369337541644
102025,8.381551062678847
102026,10.864668363914353
102027,6.467728661569646
102028,11.426036819495355
102029,13.003565626218897
102030,8.800883935149221
102031,10.359420762222758
102032,11.760161877239007
102033,8.182497823292934
102034,14.248929740732052
102035,9.554177426591488
102036,10.266353212082914
102037,13.609488059866948
102038,10.64941021752857
102039,10.689746425752285
102040,10.817052907599336
102041,10.235656415059037
102042,13.310825065399513
102043,11.79448605045977
102044,9.785507924641864
102045,10.487423132844976
102046,8.625422750143162
102047,7.466089147766382
102048,9.235349016716437
102049,10.499460388012356
102050,7.1667832123865525
102051,9.17385815126964
102052,10.404232123526157
102053,8.27748336757151
102054,16.06098278455675
102055,9.050539321319278
102056,5.190822239452997
102057,10.151995903722478
102058,4.620814591229562
102059,6.973567287848448
102060,6.531450314337508
102061,5.7864701024214
102062,7.948122674069074
102063,5.05015813289328
102064,10.577265091029073
102065,8.739809926913345
102066,9.00280255699278
102067,9.802680243633663
102068,9.558259985469821
102069,9.303970344339426
102070,8.778967265192886
102071,9.16196007070131
102072,9.481437099087547
102073,9.376185615616688
102074,6.5800426081622465
102075,13.18287016252955
102076,9.883863572002499
102077,6.234752130707186
102078,9.12976582397662
102079,7.069462814402593
102080,10.53413935102172
102081,11.201612845384215
102082,8.240862383329356
102083,7.174775297294469
102084,9.20044632860505
102085,11.284079248261738
102086,8.194816262066112
102087,15.28418145100503
102088,10.049776613639475
102089,17.110158129755668
102090,11.929536663069374
102091,9.940275063496225
102092,10.26154295982389
102093,11.854175819825594
102094,8.81466312281327
102095,10.316877148507237
102096,7.383059458963875
102097,12.159622446365976
102098,9.141509915458183
102099,9.730380395790323
102100,15.712713543408
102101,13.487250227800732
102102,7.226463535488423
102103,8.39098355033255
102104,4.463223774913236
102105,7.909914163949604
102106,16.94915009684644
102107,8.94664690890644
102108,9.788863878633716
102109,7.199295872775254
102110,11.663947269738177
102111,12.456996111858281
102112,7.841896631016755
102113,8.151316247634563
102114,5.639697184676254
102115,8.771709560970114
102116,9.06539540359011
102117,8.579022020617112
102118,5.125336917472013
102119,11.556712743982464
102120,13.862509765375359
102121,7.20104481159647
102122,10.312017674414765
102123,8.754714981817934
102124,8.196149012508581
102125,4.310780797249111
102126,11.451099253280637
102127,8.987161003202726
102128,6.790468487695579
102129,9.259455763394019
102130,10.494914199792081
102131,9.78039797601469
102132,6.864509643982167
102133,10.035457702579956
102134,10.07044030964615
102135,11.556666542201231
102136,7.82238960329372
102137,9.798687528652113
102138,7.6846607109096325
102139,9.82759343804212
102140,9.603009544389163
102141,7.466418929217587
102142,16.009587076764006
102143,7.5355436225261005
102144,9.04392381748835
102145,12.444614255077742
102146,9.678358517011057
102147,13.902310715735723
102148,11.118176319730331
102149,9.24360370658616
102150,7.0181714709934155
102151,9.209340421479919
102152,8.836304535540311
102153,8.882267325065294
102154,11.523042498361578
102155,12.206754328349945
102156,8.737227524103654
102157,4.195125564515651
102158,9.26836505080497
102159,7.339656418416839
102160,6.460987348193248
102161,9.94002088154721
102162,7.196832389446625
102163,10.571563358802683
102164,11.109099545151883
102165,5.715018241348808
102166,10.119736190925055
102167,12.080062264157664
102168,15.778328801928211
102169,9.01074056843807
102170,9.54442544042976
102171,6.928082035053016
102172,6.974443094303117
102173,11.103930943167418
102174,7.306620584681339
102175,11.508886166298694
102176,9.417685173758596
102177,10.671583639533086
102178,9.819743221627238
102179,9.342072449468102
102180,9.14493127196939
102181,6.823123735428728
102182,10.262457155126656
102183,8.973610262357417
102184,11.283251166641982
102185,9.704286428297433
102186,8.771756554996736
102187,11.75570387918368
102188,7.252560588041014
102189,4.553800574838756
102190,8.414750834022303
102191,12.091471255036957
102192,11.610797161644857
102193,12.331139369061365
102194,5.236526429396276
102195,12.020205368409755
102196,10.138199854775953
102197,12.461159603077089
102198,13.754194389081011
102199,9.459737468595781
102200,9.624082999429756
102201,9.279288836489686
102202,7.020492750971466
102203,7.71001651393348
102204,10.16580198846603
102205,6.170113665058386
102206,9.454176025429472
102207,10.560525980588176
102208,8.947891240567097
102209,9.420742589782924
102210,8.926360764462485
102211,13.3541606372282
102212,10.921085065520208
102213,14.154209085399435
102214,11.902854211500927
102215,14.967126444908228
102216,11.207177512110352
102217,9.211236056445447
102218,13.16727518974479
102219,9.90221813817758
102220,7.126582393089841
102221,10.873630913091102
102222,8.265104526369024
102223,4.034974233613042
102224,10.3026565132613
102225,12.197239285293879
102226,16.650894812716558
102227,16.12644039918863
102228,12.154742896505145
102229,8.995024312802865
102230,7.155347230579254
102231,8.693006817058768
102232,10.238654642798796
102233,10.830989373783732
102234,8.41075936295958
102235,8.008534791485673
102236,9.313486565241599
102237,8.418824378827281
102238,7.307848379872356
102239,7.960177350390476
102240,12.883866456806743
102241,10.612044768143463
102242,10.909919963187416
102243,12.217844926021819
102244,10.469762159320927
102245,11.492176721324048
102246,9.341238515563905
102247,10.4508034989822
102248,9.62252030407635
102249,7.0030447644092275
102250,8.987353865008128
102251,8.475882958930677
102252,8.441775274145616
102253,11.102242460524849
102254,9.05947056349618
102255,10.614548771907378
102256,12.195926179702559
102257,6.928802257309833
102258,9.441284295833794
102259,9.034765417630185
102260,6.516138550781946
102261,7.7833750163397495
102262,14.935794600421508
102263,8.587605662891232
102264,10.664440279948703
102265,7.501310666018267
102266,9.373678697898523
102267,4.33251915303532
102268,6.228339044208469
102269,9.454956371243673
102270,12.62892964278682
102271,7.239620313484165
102272,7.142828355765803
102273,10.802650180190122
102274,8.294793654576903
102275,12.979769508921601
102276,11.130791773701507
102277,8.656176121788658
102278,9.274140682450918
102279,6.815468089167669
102280,10.157267958259082
102281,6.17846961756602
102282,5.804414478893802
102283,8.710455660672443
102284,11.392527756711326
102285,5.239347545630851
102286,11.966633015111409
102287,6.214906622765303
102288,10.13613210380301
102289,10.824462754247653
102290,11.07885752405135
102291,8.44125195084539
102292,9.398011240870847
102293,10.531955358369917
102294,7.988771683712142
102295,9.50019603578291
102296,11.249758110962691
102297,9.603686774247645
102298,6.99960286285873
102299,6.487518367633006
102300,12.571991115108538
102301,10.82828025061024
102302,8.899233755370913
102303,8.118326435960558
102304,8.933565486305863
102305,7.554656710250038
102306,9.15625212060347
102307,9.43219234791167
102308,10.610514479659317
102309,9.090970997365428
102310,16.961365270643434
102311,11.716657988128258
102312,8.129311769004493
102313,14.347230523056073
102314,9.249361617279627
102315,7.399029384448577
102316,8.5604216741582
102317,10.642458096950621
102318,8.917273602999108
102319,13.894901544976795
102320,9.783377636461088
102321,10.562644873290413
102322,10.21433535338857
102323,11.049214722471511
102324,7.7850400214088085
102325,8.68893225097192
102326,9.890165199115545
102327,9.307303601381246
102328,10.478935524366005
102329,9.612854418181469
102330,9.46082129441578
102331,10.786308587017038
102332,9.048917430332354
102333,9.008852860828574
102334,7.656697033451712
102335,9.753462846302126
102336,13.215239829557046
102337,7.571032664062173
102338,7.987840768030384
102339,9.137603144380481
102340,12.63791915457837
102341,9.260944583792845
102342,11.104192468866255
102343,7.411119703721939
102344,7.9665207866545815
102345,5.808225395822572
102346,10.66362132911419
102347,11.777313826127717
102348,4.957770537177661
102349,7.054953098812595
102350,15.895388279202326
102351,7.805026401650362
102352,14.317446559979876
102353,12.822100907678864
102354,13.002875638319429
102355,13.26480017688146
102356,4.846074047150244
102357,9.397569843389594
102358,6.811929911192186
102359,10.857922950683335
102360,9.487681040536188
102361,8.251791052061185
102362,9.59098936830531
102363,11.886381543058539
102364,9.271230578689675
102365,8.723959996584606
102366,8.641310661030465
102367,11.235719687209428
102368,9.202391104694888
102369,8.946322992455977
102370,7.325557069151877
102371,8.777006125020836
102372,10.421632650468133
102373,11.137294983112517
102374,9.418641204653087
102375,9.59246247629783
102376,9.37652090117671
102377,6.551170969536169
102378,6.9860284533728745
102379,10.243640350772509
102380,14.265339322706026
102381,4.663968778255557
102382,13.79136524678346
102383,9.827599345486165
102384,13.780276091512604
102385,7.557001437726707
102386,6.901578735489879
102387,12.02358694414163
102388,9.0611018658858
102389,12.481461431150983
102390,9.355432254770921
102391,11.894750579517098
102392,11.186787562470794
102393,10.78591755589839
102394,9.62396320458177
102395,11.891379924866012
102396,6.470185930756108
102397,13.821140326023306
102398,9.197846267165108
102399,9.54378440162474
102400,7.983048879018449
102401,6.804779551660817
102402,9.910563016020777
102403,9.42784846481896
102404,4.4445538729521745
102405,6.939519731409227
102406,5.641310312829175
102407,11.614593181449344
102408,12.982419691314789
102409,15.132885681647878
102410,9.288671115275843
102411,11.489553864685847
102412,15.546315811608121
102413,5.979121148662804
102414,6.619924521657184
102415,11.37093217295161
102416,4.5592071232022615
102417,14.529848386040342
102418,8.525646022450092
102419,12.162859131783971
102420,10.275651250245588
102421,14.455880203086844
102422,8.619485768639588
102423,9.255690146599642
102424,14.644243868845768
102425,7.240611127288579
102426,16.00380163332617
102427,7.445836896803712
102428,8.21819356928955
102429,10.677412031715969
102430,9.420633592327778
102431,7.680670981153993
102432,3.9797270871406063
102433,13.170220282695533
102434,9.916433911197014
102435,7.577641325805331
102436,14.808964802356758
102437,8.945636603245147
102438,9.453927538043384
102439,9.665316873373524
102440,10.271883534136176
102441,8.742091859154927
102442,14.043161439239901
102443,11.50092324438351
102444,8.783718339364414
102445,9.786690780560155
102446,9.223915884948118
102447,10.532546807468032
102448,6.3865851040005825
102449,6.232448654063033
102450,8.798164823875876
102451,8.450024493207604
102452,9.103048986950629
102453,11.743826870273221
102454,13.618451319924244
102455,8.97418168882553
102456,8.219120048812746
102457,10.040645236703478
102458,10.91857864077233
102459,5.954762285248304
102460,18.111622601953147
102461,4.0160234007341336
102462,9.402943802460241
102463,8.007179929041865
102464,8.505443020167501
102465,13.170056631834157
102466,15.12466965374603
102467,8.971245213046661
102468,8.233552736066994
102469,4.9772051524931324
102470,11.138235292210464
102471,6.149585375260223
102472,8.262887700062667
102473,12.950317777355
102474,6.220610072769935
102475,10.556343135926848
102476,7.509707034460351
102477,10.275471702871618
102478,7.10069666297518
102479,13.896602785820486
102480,11.787362088119764
102481,8.165802646718083
102482,8.024923432092528
102483,9.509137481852067
102484,7.661565904789373
102485,14.94050058297698
102486,15.19530361835938
102487,6.716449502171303
102488,11.3266924867732
102489,10.761231830027995
102490,11.498877269273535
102491,13.492565215281763
102492,13.727764178856475
102493,7.4556055278421764
102494,11.201402435036409
102495,10.807390361548947
102496,12.448793524699418
102497,7.643041206037535
102498,4.600501475375785
102499,7.134674928611789
102500,7.1971277249456636
102501,12.053097302097104
102502,12.834013325127836
102503,8.294128514188063
102504,9.180329146274715
102505,9.71341888546393
102506,5.44173979050291
102507,7.6933928131987255
102508,9.423899713801445
102509,11.18537686473576
102510,7.185367571645119
102511,4.652926908684312
102512,7.11190555534443
102513,7.982883006532921
102514,11.680744356006361
102515,7.899041222123884
102516,5.821884974846116
102517,9.487098827056466
102518,4.764516840646995
102519,13.339721789363939
102520,10.942654315399073
102521,10.222136038227962
102522,5.071610636754888
102523,10.344137202947577
102524,13.808955896169607
102525,14.275195145500513
102526,9.051796281271558
102527,9.173401608755912
102528,8.986657763976494
102529,9.031189023315836
102530,9.459664448298465
102531,8.119027219398317
102532,8.767599934520895
102533,10.088865820340123
102534,8.096653390069426
102535,9.5522839678597
102536,7.517688241916953
102537,15.74666441241481
102538,14.493569031676609
102539,7.178885916904835
102540,11.050308931609065
102541,11.807529593254255
102542,9.519197137438297
102543,4.323446519935054
102544,15.210491482854327
102545,8.513873076442712
102546,7.155594135571573
102547,14.593986147410941
102548,5.115104599672305
102549,8.508909057533677
102550,10.66794996550795
102551,5.4491900859473485
102552,12.89611922947319
102553,8.454283616687961
102554,6.18804839613202
102555,9.988082566964867
102556,6.490503912401323
102557,8.50991931582259
102558,12.629636489752656
102559,8.536533299145411
102560,8.571219536499658
102561,8.555251124208024
102562,8.344060460432607
102563,12.45241928736672
102564,7.926790249228472
102565,8.257284235340844
102566,6.979665803514282
102567,11.798251954157525
102568,6.928401837770833
102569,8.357471369550131
102570,8.876218344740876
102571,11.342702877041736
102572,10.370561984735499
102573,8.524483154107287
102574,13.761653389777933
102575,11.509724767587468
102576,10.572590051761201
102577,15.091267995733045
102578,5.438850017966308
102579,5.8313131486742495
102580,11.114479903249753
102581,8.98396190283882
102582,5.656926438856248
102583,12.334995908018149
102584,8.17537166443886
102585,8.023593901420037
102586,9.846128274994065
102587,8.939710197592275
102588,7.282481030943055
102589,13.639471809964576
102590,8.393262741179916
102591,9.062976173588549
102592,12.270264328062655
102593,11.949391501878239
102594,8.233226684282377
102595,8.320136342833422
102596,10.039764995833588
102597,9.120603994843034
102598,12.591527891496904
102599,9.60615813576788
102600,10.106733511492857
102601,5.5069040891438
102602,10.604894508129119
102603,9.356599377921583
102604,13.659642011107076
102605,8.800288586361287
102606,7.503415355740017
102607,9.822551629999408
102608,10.252937275357697
102609,8.633691545502929
102610,16.65710605755505
102611,10.605949712112594
102612,6.417810070580423
102613,11.904377739398166
102614,5.128088020017613
102615,4.49845298900119
102616,13.279171461784719
102617,11.96199322110606
102618,7.631287384377748
102619,5.749236163824771
102620,11.910911411581036
102621,9.105638331617868
102622,6.9098253831112
102623,12.875423214722506
102624,14.58888077639325
102625,9.374513687839634
102626,9.187541939015642
102627,7.34748798513389
102628,7.58301008025132
102629,13.182970866574852
102630,10.619749893845874
102631,10.773122437633372
102632,11.391282880734588
102633,10.39420920716783
102634,9.142466170220013
102635,7.517579811497993
102636,7.484454179225404
102637,7.205329292245064
102638,10.848135243930523
102639,6.768382787792011
102640,9.745830573591954
102641,8.500827799617568
102642,11.019736140843317
102643,8.46753036260925
102644,9.546311202691353
102645,7.357556824032784
102646,13.348584106893174
102647,9.335161475748576
102648,7.346800378324263
102649,9.379385197145744
102650,9.729371754697722
102651,11.01294184358287
102652,10.360619872325476
102653,9.53040201232322
102654,15.019185093907387
102655,15.001270655149039
102656,16.486241040287904
102657,6.8062158870642095
102658,7.688001815821458
102659,16.84309408334571
102660,7.129427950823138
102661,6.3046540148282775
102662,13.257762771325185
102663,17.07968524753732
102664,12.16798047074494
102665,6.184391281043402
102666,6.007014751243661
102667,8.684123011927351
102668,4.657028010694669
102669,8.788474595214185
102670,9.86169226924352
102671,11.255716968868274
102672,9.766009581157716
102673,11.703926793197045
102674,9.631635832361368
102675,8.452416419039489
102676,7.259892200394027
102677,13.508940956705635
102678,11.043694263386508
102679,9.858313507316147
102680,8.816770271007504
102681,12.212363503628842
102682,7.32010364864215
102683,9.101383989888713
102684,15.88494672492276
102685,9.972551595206427
102686,8.57036757336994
102687,6.330408229421772
102688,10.50750481658876
102689,10.378943987533066
102690,8.471742293916597
102691,9.993956154541616
102692,11.408678959082845
102693,7.106951110292798
102694,8.010083670983011
102695,7.883319008379621
102696,9.692326500821736
102697,8.37072627470144
102698,8.146349856461232
102699,8.275673379997565
102700,9.59655674550319
102701,10.455182221024142
102702,4.761940123163601
102703,9.632049051801229
102704,7.4665102150160525
102705,17.7513233780732
102706,9.723196013409567
102707,9.183984096689537
102708,7.102060433880626
102709,10.604469720457132
102710,8.366840725874685
102711,14.892011037041076
102712,9.6287951401035
102713,14.450922710961658
102714,8.751919426291469
102715,6.4160215155833455
102716,10.187115685630486
102717,9.359087021504374
102718,12.183837605341072
102719,11.920835915971281
102720,9.707838460685062
102721,11.317660467299898
102722,7.961556341023384
102723,9.824993525810632
102724,10.494376369035908
102725,10.40042140137508
102726,9.08195704116623
102727,12.285063015282974
102728,11.575922195181185
102729,9.90735189525736
102730,8.923901261821499
102731,10.282042500856116
102732,11.057712512614701
102733,12.032095595897562
102734,7.221865396571163
102735,9.582346379025749
102736,8.948094942369483
102737,8.461333810508574
102738,6.697262733772194
102739,11.187889792010628
102740,14.552363334533092
102741,7.042325718465264
102742,11.994450346153311
102743,10.19668108752256
102744,9.118334191584019
102745,11.647975493616652
102746,14.297957114017319
102747,12.260336626392387
102748,7.485889004879057
102749,12.001517041821264
102750,11.154821004792145
102751,9.282566757553983
102752,6.786794731802655
102753,9.652279463974946
102754,7.970934898209478
102755,11.13377154050686
102756,11.297760916439628
102757,7.065722285409564
102758,10.986730589366024
102759,14.36972706096115
102760,5.029316281586462
102761,8.585819910255388
102762,4.517230955427837
102763,9.160350754899163
102764,9.182885194693444
102765,6.571745794854182
102766,12.754379666274213
102767,5.178403298465264
102768,8.618714374031828
102769,12.001660585945999
102770,10.373401223315394
102771,8.616956322612243
102772,12.405566216788602
102773,11.412697317261031
102774,11.32585505021267
102775,7.103656885267412
102776,11.251449873475371
102777,5.3475435408970196
102778,11.816374421720719
102779,10.923847008540687
102780,8.428640837168969
102781,9.33340816019072
102782,10.105298100827568
102783,8.481392445861824
102784,9.406328403120407
102785,8.324912006276273
102786,8.7674640515516
102787,6.846297816506367
102788,8.183250825710564
102789,5.252175198773434
102790,10.857454183610178
102791,8.513802600705827
102792,9.114054189736242
102793,9.422662494092242
102794,13.330584855640087
102795,8.25121726574351
102796,12.725313245580185
102797,8.156108461863251
102798,11.169234068399119
102799,8.90997182449053
102800,7.3263578472122575
102801,9.952681376407698
102802,12.445754577350145
102803,14.391354606076694
102804,10.401622088898897
102805,7.62981866856204
102806,11.387307041804354
102807,6.8050617060923795
102808,7.731413953977648
102809,10.381311607614158
102810,8.44863652671862
102811,13.190428284394907
102812,11.740471426465911
102813,12.173268345986841
102814,5.637252553380412
102815,7.6376472000203135
102816,10.738773115460965
102817,4.2948642070023055
102818,9.433961385846889
102819,9.36885013332545
102820,8.099199892901854
102821,15.485842558563576
102822,10.032790000772671
102823,9.321271824208086
102824,10.715865666254256
102825,9.247876207440694
102826,8.261717595769671
102827,5.922701999774063
102828,9.080613112669425
102829,19.9855105787222
102830,9.371480474944565
102831,4.795417841443436
102832,9.59851176986636
102833,10.125714150452701
102834,11.966144323067208
102835,12.068947398190295
102836,10.514062483047928
102837,8.074384909639363
102838,7.33710576212129
102839,9.050356268651065
102840,13.47147250441192
102841,10.470510952462757
102842,10.186961168690882
102843,10.453570728936148
102844,4.401550130238501
102845,12.370660350199586
102846,7.394604416511082
102847,9.660307743377397
102848,9.45818002527427
102849,4.507918773317758
102850,12.380372939591105
102851,8.53272747024776
102852,10.786249770018141
102853,8.141893171717347
102854,8.219766372228772
102855,7.265074573867471
102856,7.307548032947291
102857,9.361657020554262
102858,13.028735751140228
102859,11.486825764611234
102860,10.043095636014167
102861,8.502337520201376
102862,10.097283263353573
102863,15.38159393534293
102864,8.772748669421745
102865,11.468695653083548
102866,9.558422380491656
102867,5.327421868751503
102868,9.200982422272702
102869,6.372574337811651
102870,10.562699142327544
102871,8.809694392224479
102872,17.995715840438848
102873,6.608308020355733
102874,6.8329325694727405
102875,9.578361488599883
102876,12.732234798891074
102877,11.501196962433033
102878,9.103154345431104
102879,9.469770629355839
102880,14.843761193310675
102881,9.344382013618585
102882,10.412516231123263
102883,10.082502417452321
102884,9.131768006763277
102885,8.324870641687728
102886,7.339877083357848
102887,7.135641383998478
102888,14.546645329276236
102889,9.895207351107045
102890,9.838124017973687
102891,11.167246266873288
102892,9.057113348439303
102893,10.248170725164147
102894,8.463281287761706
102895,8.47162064284491
102896,15.045233172179152
102897,9.801302648446375
102898,6.726614893226035
102899,7.43819738566854
102900,9.5368039449132
102901,9.07308464755333
102902,4.9656382817426135
102903,13.976419076170762
102904,6.803350165724142
102905,9.491252709771635
102906,7.524759154886998
102907,7.4870264463989
102908,6.673133901951376
102909,7.4803731007115335
102910,10.423875559388213
102911,7.043877180799903
102912,9.505518686669987
102913,9.155655039356864
102914,12.238240981495965
102915,5.857816442369353
102916,9.104281379821584
102917,13.174110783119152
102918,11.82599006484661
102919,8.41249366077458
102920,11.251047187294528
102921,11.661342030849525
102922,9.682064219733002
102923,11.145450688364694
102924,7.338691504270048
102925,8.97426063470076
102926,9.220285532588196
102927,8.615762754995465
102928,12.08278742020905
102929,8.05225040366088
102930,8.880256595501798
102931,5.5299003742771395
102932,10.002108825636022
102933,12.627501176027149
102934,8.116790501919132
102935,12.783529849075842
102936,5.246118748710429
102937,8.485973826967836
102938,11.28653629400838
102939,9.19932179300544
102940,7.022299828963758
102941,14.718712072779505
102942,12.191457391178384
102943,7.973442990654503
102944,6.203274662243122
102945,9.799179535143816
102946,10.699187869418916
102947,10.58845949942984
102948,9.81032632893697
102949,8.574761737646911
102950,9.424446527699736
102951,15.761062014847349
102952,9.233519079658638
102953,7.485426273620703
102954,9.242758496514645
102955,8.618751334849573
102956,11.85564554276731
102957,9.732650644841561
102958,10.787732848000225
102959,8.797829731497725
102960,7.279492791613367
102961,7.42259646190332
102962,11.18166665793088
102963,10.903615856343848
102964,15.334416251646553
102965,5.577818883124043
102966,9.781279246656082
102967,11.033809963084959
102968,8.198054476562978
102969,7.897687637586243
102970,7.071720731460512
102971,11.673861956086292
102972,11.746074043475792
102973,9.658255317675161
102974,8.420150792995429
102975,15.21857491631456
102976,6.416273672031698
102977,9.328876557123401
102978,13.262880963054688
102979,12.908655194479383
102980,8.774961261338015
102981,8.566931289492384
102982,10.001339540255618
102983,9.309559087835453
102984,9.32522158566742
102985,9.907997364965714
102986,11.005255912431604
102987,9.724007756349192
102988,10.434460563615499
102989,8.57410842109453
102990,9.637951518917683
102991,5.6129625192805435
102992,8.244044653279936
102993,9.159493980667545
102994,8.391221896351308
102995,7.931829479136086
102996,6.472865056105181
102997,17.310662366272172
102998,11.182077870131256
102999,9.548322703844834
103000,11.603480904652818
103001,9.859237776063637
103002,11.912159849017735
103003,7.746087997207738
103004,8.693846498701408
103005,14.393159141540133
103006,4.879383937142224
103007,10.67189022962455
103008,10.157957178020775
103009,10.466076217514876
103010,11.227425761052565
103011,11.586741670436151
103012,11.354594731366454
103013,4.824966508962675
103014,13.002366309398374
103015,9.496902299531767
103016,10.44213748267643
103017,7.265690266917666
103018,10.844388920128367
103019,8.875274728495345
103020,9.931618422810534
103021,16.91504987006787
103022,7.302926637553883
103023,7.971448843181577
103024,10.967216290992617
103025,9.885836794679031
103026,9.413916376347666
103027,9.452733932227083
103028,10.57916438642852
103029,14.321981566515598
103030,8.811677613887758
103031,8.182006972607454
103032,6.933953839172287
103033,3.9777914608903515
103034,9.97789896941794
103035,5.046247405025946
103036,11.308831694277671
103037,14.76475108820224
103038,7.636453102906303
103039,11.125418541261922
103040,7.9139279952284465
103041,7.374723183165623
103042,11.20859588267543
103043,5.483786212253387
103044,11.545369185399771
103045,9.045292841629992
103046,7.122045807745731
103047,11.67471663892284
103048,7.371240767784738
103049,12.707251976138341
103050,9.507999368054422
103051,9.60634499318515
103052,10.403178040461258
103053,14.904531399951301
103054,6.915527608139267
103055,9.524826873565825
103056,9.846831512673234
103057,11.627810703367043
103058,7.57603756277985
103059,12.553339021858086
103060,7.436665759294589
103061,9.776727958532714
103062,9.325226649528824
103063,8.238360078154027
103064,11.17191189440628
103065,13.048878068078821
103066,7.691414787179862
103067,6.202839150955813
103068,8.776908939133437
103069,4.3638478176372555
103070,11.079993564654753
103071,9.457796625800343
103072,14.03821640906724
103073,14.264210361296913
103074,10.821217246721627
103075,10.93115247164722
103076,6.831805959126041
103077,7.304652357972934
103078,8.705614439891109
103079,10.150431980522765
103080,11.71221757723939
103081,9.415212080105713
103082,9.684948818622065
103083,6.224309550261379
103084,9.595631319397329
103085,10.026808489783178
103086,12.960683857962238
103087,5.197322352414327
103088,11.86654592756477
103089,9.539961603232827
103090,11.228227930320873
103091,9.778276167475914
103092,14.919402884668955
103093,9.27088803484634
103094,9.778813726884245
103095,9.998277214229002
103096,9.227935773360732
103097,8.488602202396887
103098,8.873256586184269
103099,14.768463313210328
103100,6.691167072082129
103101,8.64821891156647
103102,9.474236194789142
103103,11.299345043822559
103104,12.488557001784121
103105,4.226717046585078
103106,9.48553828213939
103107,9.394895758941235
103108,10.76093463484431
103109,11.516846456869889
103110,9.919578537394372
103111,4.4548936925836236
103112,16.248560442316744
103113,10.496295678378688
103114,8.613640336779216
103115,4.4899380155231405
103116,9.473981364319842
103117,5.166890521560935
103118,10.072998327294341
103119,7.929658092018369
103120,10.085469715020213
103121,7.368979651748998
103122,9.08205817498188
103123,8.96708891847739
103124,11.293818829170988
103125,8.58372559678962
103126,11.835630201305088
103127,10.083072587809841
103128,15.376348396584893
103129,16.906609807832496
103130,12.972029749173723
103131,6.156118626855984
103132,13.24309218852972
103133,9.244182310769423
103134,6.887382879584986
103135,9.618439231425445
103136,9.721649027162254
103137,9.572156300751685
103138,14.282745042219872
103139,8.021721419558785
103140,8.546553816243764
103141,7.417907843528129
103142,11.41963907908412
103143,11.226999397311818
103144,5.5318691633831865
103145,8.986087239530608
103146,7.190716532062548
103147,8.130509387603253
103148,10.40156169882329
103149,7.612299314418204
103150,10.768265921919577
103151,10.934895905447693
103152,5.303789074218808
103153,11.31754738481652
103154,9.758927502623939
103155,11.551897661940526
103156,9.47164928256701
103157,12.451214555436781
103158,11.403567491999357
103159,11.736165111224311
103160,9.804636293442853
103161,13.551343720589841
103162,9.985188780625638
103163,12.432962332349858
103164,9.720021256797782
103165,9.3740930042803
103166,14.575077514930518
103167,9.239589554573687
103168,6.848438780712847
103169,10.16576275990015
103170,6.962546005520004
103171,13.183890272623028
103172,10.881645154301555
103173,7.194446783213861
103174,10.39186251862007
103175,13.393264131917693
103176,13.441884433597844
103177,8.35806835613758
103178,9.573336697771506
103179,5.662140641498199
103180,9.989477534640102
103181,11.634732406945101
103182,6.581536754599121
103183,5.810647044561747
103184,4.420026840644274
103185,9.692427899563352
103186,7.211170977462284
103187,10.305108957020122
103188,9.50707929216961
103189,11.501643495617197
103190,9.384577805951189
103191,10.462856713540576
103192,10.612703243140416
103193,7.200606858921314
103194,10.718592053581773
103195,11.861464108345263
103196,5.230669957283823
103197,9.291197074430807
103198,9.682488500631544
103199,9.740322634416485
103200,6.781319735477145
103201,6.972578861106489
103202,10.331473488633623
103203,6.134680559661167
103204,6.67780101718517
103205,11.774076120806651
103206,14.815730762288633
103207,10.028206749828124
103208,10.747438587842689
103209,12.533192475283474
103210,12.604033298637349
103211,9.947492732044672
103212,6.711068462929295
103213,10.55586679636733
103214,7.9228261628625605
103215,9.543279704639879
103216,5.096277120642654
103217,8.620189103870375
103218,9.41552883985434
103219,12.174911247394515
103220,14.496020220168031
103221,11.820395838386721
103222,9.525192066197153
103223,13.587505764802046
103224,12.841087263698086
103225,5.532171298498538
103226,4.041634726611178
103227,8.526586653196349
103228,10.814279802433813
103229,8.174050271943262
103230,6.145143288779124
103231,6.7073808557441
103232,9.666233611242408
103233,12.321671675578818
103234,10.25965776413081
103235,11.726769838392773
103236,12.128001444527428
103237,6.640722238698307
103238,7.533098552658063
103239,8.990658133343317
103240,12.065570320183445
103241,10.09766134944839
103242,8.669061532715094
103243,9.406716145279718
103244,8.326822545238162
103245,9.516294947012621
103246,8.570604588319757
103247,11.814850097034668
103248,10.702372848200854
103249,9.987527069087177
103250,12.972012538656156
103251,7.033054948099891
103252,12.575059164152725
103253,10.81458786639015
103254,10.289732148636741
103255,14.222983151333835
103256,9.828093085128511
103257,11.316709514675775
103258,11.73155421902823
103259,8.056550293973904
103260,5.993025549360646
103261,15.193725128379782
103262,9.802064097205088
103263,10.197787794662592
103264,9.990475386841974
103265,6.791563195346576
103266,9.35415255010233
103267,9.418088581654866
103268,12.767019598671684
103269,7.202249581623626
103270,8.491440966055208
103271,7.990729779015271
103272,8.423337871838925
103273,5.837597885072474
103274,7.118613071013104
103275,9.370740965103971
103276,12.90810079837939
103277,5.859093699032945
103278,10.511366538354045
103279,7.3116483870834275
103280,7.083653008572838
103281,7.338624248328303
103282,11.342663249736765
103283,10.380762024444202
103284,7.766893497548388
103285,9.462434800065779
103286,8.642556237684984
103287,12.92047577631755
103288,9.540257740693054
103289,9.832389488286562
103290,5.628772693577512
103291,14.838072040812957
103292,13.837928153271331
103293,11.795760897494343
103294,7.182984096743958
103295,6.848974911988892
103296,7.98164564715255
103297,10.395989756205614
103298,6.971504004011675
103299,6.184335497337401
103300,6.495208602117731
103301,8.27583467075268
103302,13.053815906469433
103303,11.818722058471128
103304,7.574231502852713
103305,9.978640016131497
103306,5.915289953506724
103307,10.002038273594167
103308,12.571429144130496
103309,6.736700733985515
103310,6.643422903951316
103311,11.819241087311267
103312,9.01814149163026
103313,11.820848622705844
103314,10.875065480455296
103315,11.950184107718036
103316,6.70500094606354
103317,9.490194596400523
103318,10.091675446644228
103319,12.20381654640212
103320,6.924469951801756
103321,5.951067505129747
103322,10.808510958664622
103323,6.395765226407919
103324,11.5749243914473
103325,8.619545105099622
103326,9.517707238108025
103327,7.830317194849252
103328,8.591653597028026
103329,8.725378477328542
103330,8.243660259624352
103331,7.663687853314343
103332,8.272709847089372
103333,9.968124205469575
103334,6.726785747851944
103335,11.538997008332185
103336,9.83843355374901
103337,10.71751993371276
103338,7.236426001475006
103339,9.197862420084324
103340,15.822813612845007
103341,9.42715398128886
103342,6.767649118214297
103343,11.491283173118859
103344,9.445163405277349
103345,10.034629198534448
103346,10.631816315914207
103347,11.497864408939115
103348,9.55396629555905
103349,10.508523207704707
103350,11.705188388809315
103351,9.58380237927268
103352,9.008021627022329
103353,9.458200738611401
103354,8.343919519052523
103355,9.649980738401913
103356,11.387133803806403
103357,6.180745732249344
103358,11.0346771808563
103359,12.020539502832218
103360,4.860098116389518
103361,11.808598734447008
103362,6.925838916027348
103363,11.135529596489212
103364,11.376832825135745
103365,9.553766635184852
103366,12.821712260525036
103367,5.026210570480045
103368,13.013382995299867
103369,8.920856604017237
103370,13.851839809749828
103371,8.364041934612134
103372,4.450603119120396
103373,4.652339911584066
103374,10.562515395589886
103375,6.74066653690609
103376,9.450589496077653
103377,16.79419803886087
103378,7.516858458818993
103379,10.12392348335831
103380,9.147102102212472
103381,9.674846391799893
103382,12.484491067460791
103383,12.500812380899934
103384,9.786718024460676
103385,12.641944728461022
103386,8.510783856679776
103387,10.419422160237778
103388,7.116416556211341
103389,15.648584396797665
103390,10.964973510106372
103391,15.383591784838396
103392,9.608041730089568
103393,9.533491918710466
103394,8.745508665265998
103395,10.459846241057777
103396,10.083707232058416
103397,11.857146226683787
103398,11.199556236474056
103399,8.706689379288889
103400,8.34985892913323
103401,10.462675977683904
103402,9.49971881035776
103403,7.795905152366737
103404,7.645967040743811
103405,11.459128908992787
103406,9.572324448201835
103407,5.8440322421410755
103408,9.419328422749674
103409,9.624038454385468
103410,12.022949696529595
103411,8.204893286928822
103412,12.04223635361992
103413,8.397187159712269
103414,7.777690428112805
103415,9.468792164651969
103416,9.272356376106847
103417,9.505473321550275
103418,7.555073769546956
103419,10.135890429370196
103420,10.284854872297952
103421,11.150842561613217
103422,7.725679231275825
103423,8.044258273457597
103424,10.113828674530144
103425,10.273419089829535
103426,10.950595063538987
103427,14.754638544145076
103428,6.396707532708153
103429,6.115575867568167
103430,10.283458870901203
103431,11.354548522910216
103432,8.21571678196417
103433,12.98150282430353
103434,9.555330918008336
103435,9.434200797324058
103436,13.468964837659305
103437,8.5794829316064
103438,9.198634737554807
103439,6.369579196243656
103440,12.661479550584462
103441,9.680784516984863
103442,6.353707959855151
103443,9.50218055853951
103444,10.511278572479544
103445,9.406689940374298
103446,9.701961776122056
103447,10.895456031862176
103448,14.267810226757632
103449,10.190308200199045
103450,9.472577081882463
103451,9.081363879151278
103452,7.903344576066002
103453,10.078130717384202
103454,7.12981916888197
103455,9.47370914785331
103456,11.277224853744869
103457,6.388224131806355
103458,12.664975818173442
103459,11.390872878788352
103460,9.64789305247783
103461,10.248413994097712
103462,12.032182859416707
103463,7.3081968797004295
103464,8.950125023050221
103465,12.983503613131939
103466,9.82346602845556
103467,10.408178729986375
103468,8.681114756947593
103469,10.152042656863784
103470,9.427894072396798
103471,10.984840343349685
103472,9.46865740025646
103473,8.130929514184643
103474,9.403864332795948
103475,8.808235691460768
103476,10.157250177477717
103477,9.446408348942068
103478,10.419600602200584
103479,9.822290151010938
103480,9.529495344302585
103481,9.93016736846594
103482,10.558388096111912
103483,15.32689746041174
103484,7.705864706889156
103485,14.778251948332937
103486,13.572906535301195
103487,10.571913473271902
103488,7.564471916039169
103489,9.892423401318066
103490,9.15188749087025
103491,14.924616114198258
103492,11.238114718255783
103493,12.33928483878111
103494,7.320175617393518
103495,9.68260776462507
103496,7.86798620185292
103497,6.977365660175724
103498,11.252118162273053
103499,5.807013911887953
103500,9.680264117446583
103501,6.934224363951829
103502,7.320489016305932
103503,8.152564660618964
103504,12.037457765486298
103505,8.96296730475699
103506,11.155000529424822
103507,10.111277210679095
103508,12.640547622187707
103509,11.131191575626717
103510,11.514190582110478
103511,13.659641071168005
103512,7.664321314470466
103513,9.643529957744455
103514,5.063357040321623
103515,9.655343446176841
103516,9.539526841320216
103517,10.61942784988778
103518,8.782877046661742
103519,11.873320699665136
103520,10.618339544050155
103521,11.533013489984087
103522,11.098536911608178
103523,9.217337350978585
103524,13.054350314097656
103525,8.924200315000263
103526,12.446113932551615
103527,8.943277431713533
103528,9.69418880288272
103529,10.7390695705794
103530,8.924335909188398
103531,9.520229438617521
103532,9.65971270742239
103533,8.264110307522765
103534,9.195411079414972
103535,6.534069488954193
103536,6.017845676494355
103537,10.706145526685642
103538,9.127316393349837
103539,15.189006691426693
103540,6.727438894068318
103541,10.360537083669954
103542,11.341499100733712
103543,12.233408956135262
103544,10.674732622051414
103545,7.5918985212408145
103546,15.428449383288859
103547,12.758765914309302
103548,6.312589739877776
103549,6.998425733183477
103550,8.265178277214869
103551,9.45541263956367
103552,13.327423358047557
103553,9.110845739142295
103554,8.477355424671895
103555,9.103252361001399
103556,9.749887607714848
103557,9.416228652802541
103558,11.916274420563733
103559,7.329128992048645
103560,9.860997979645846
103561,13.073419749493592
103562,7.829316578805806
103563,15.008974034941735
103564,7.295406935714082
103565,13.117264751967841
103566,8.517433885061273
103567,10.023050056113519
103568,6.338632785315073
103569,9.882869702932695
103570,9.469165165015184
103571,11.310450981274126
103572,9.874798093649877
103573,11.150028483771358
103574,7.384180051199257
103575,10.042814693352305
103576,9.455047757338397
103577,10.437511835279732
103578,10.059810390341024
103579,11.307794529414135
103580,4.504510244450659
103581,9.442523684660383
103582,9.324602752220386
103583,14.11436070710667
103584,12.720926314689867
103585,4.909143092178132
103586,14.263244809183703
103587,13.797822673664362
103588,10.671962577801326
103589,7.743068260782057
103590,6.741182037246267
103591,7.941948437571279
103592,9.174611951706032
103593,9.222918273166751
103594,9.06390193896177
103595,7.076383786601956
103596,10.168111573718809
103597,11.139656598043157
103598,11.01843356345344
103599,12.514003727520063
103600,10.291379941118366
103601,8.350801304700754
103602,8.234321042993002
103603,9.874770746306952
103604,16.125711148726563
103605,9.033777614497719
103606,12.443630652633228
103607,14.499986482496869
103608,4.058766131296315
103609,8.848239233375347
103610,5.483251943001304
103611,10.014691698013928
103612,10.305649014068571
103613,11.212439953454027
103614,7.305912390840982
103615,7.5902403766373485
103616,13.543151341787532
103617,8.835332194956527
103618,7.29972855225036
103619,9.21871392640054
103620,11.093944655688205
103621,5.28127730486065
103622,10.559504152082127
103623,9.505707722290998
103624,9.617111152980097
103625,9.721371022616918
103626,12.119260093083032
103627,8.185472551236126
103628,8.186547740176437
103629,11.87012838424305
103630,9.084674497919758
103631,9.333000317222098
103632,9.433035606088499
103633,11.683713117925336
103634,10.647195106763602
103635,8.188327865972985
103636,7.3673137632835
103637,10.187458079408588
103638,8.131126919392093
103639,6.507348812500966
103640,5.585944549569573
103641,6.696299931480811
103642,8.771502984580437
103643,11.972575372991043
103644,9.564712709642498
103645,10.198987679605597
103646,7.283593937138892
103647,7.996047754757785
103648,9.742384904709581
103649,9.85274199875744
103650,6.372120245603124
103651,7.990333955370355
103652,9.35959388609973
103653,9.467402715391348
103654,12.588145763704055
103655,9.841866104046076
103656,9.228732096900526
103657,13.574778356008641
103658,5.089669869319462
103659,9.130754061626526
103660,8.996342977656639
103661,10.67961373855675
103662,9.10404954912367
103663,12.765780432959344
103664,7.0278275338148815
103665,12.547257106225308
103666,9.63854819379228
103667,11.361625692083688
103668,10.323962279509324
103669,10.034144565033863
103670,9.171080882558716
103671,5.442797516211919
103672,11.27192034462569
103673,4.27828173175369
103674,12.333754972074352
103675,9.82419380649124
103676,9.857043497521575
103677,8.455171175631756
103678,11.144166356841179
103679,8.19443349448689
103680,4.790862957086626
103681,6.612827928470757
103682,5.906733210770279
103683,11.331017351911353
103684,12.216160778111899
103685,11.35908750090586
103686,7.637761808472462
103687,7.18801585085032
103688,10.43999846621434
103689,10.074379820707753
103690,4.169142477913912
103691,8.897670089831868
103692,9.247762892808742
103693,9.138344816724953
103694,9.019705355299923
103695,6.457154510516714
103696,12.279190917370318
103697,6.76447595904798
103698,7.331177598685453
103699,10.456379297838492
103700,14.21835372605787
103701,7.236631253560406
103702,10.207368026177724
103703,8.120048727450353
103704,11.09522644874169
103705,17.908646578602838
103706,10.446694669149256
103707,7.832205717774602
103708,7.018143296483322
103709,7.455214291060381
103710,9.13729527269537
103711,10.476351531125527
103712,7.84654164420485
103713,7.075795086360787
103714,8.657934960219428
103715,12.195204764267705
103716,8.14406910937341
103717,8.669983306580386
103718,7.647957126772011
103719,6.280077005363728
103720,4.932227665712201
103721,8.673141395838426
103722,7.618500912896016
103723,8.238365909873128
103724,16.28107983008605
103725,4.892453468133679
103726,6.564108843146494
103727,5.616700661994282
103728,14.003673418510399
103729,6.847415872206153
103730,10.539834501297886
103731,17.879644397465324
103732,9.67756027199047
103733,10.768364082798303
103734,10.479575940683333
103735,11.170829956897775
103736,9.003896083697105
103737,11.049150514241019
103738,9.889475143052792
103739,11.765177488963129
103740,11.77815073200685
103741,13.581639144414382
103742,8.82198663299249
103743,8.470637462347657
103744,9.817186335278716
103745,10.608000932401074
103746,8.621449373393949
103747,14.172171680733394
103748,7.6429297116756185
103749,10.99210846655711
103750,14.883069610032436
103751,10.454443411060954
103752,7.155591430151404
103753,10.351693479150061
103754,7.037894871360659
103755,12.77603308905946
103756,9.31364917272281
103757,6.078227736546634
103758,6.245991104067733
103759,9.719062937881366
103760,10.379232589287009
103761,9.259450967520486
103762,15.520866934416414
103763,8.230698029787396
103764,11.036163975029172
103765,8.96530262381323
103766,5.6900135873394335
103767,8.712611848344297
103768,9.072807037128026
103769,11.521212105598575
103770,14.577139756313096
103771,14.564384676383867
103772,13.121566511250057
103773,8.72238898471537
103774,7.311296308397362
103775,14.202449622131459
103776,6.955577225348731
103777,10.59853126488932
103778,9.102524437172704
103779,6.166753774633596
103780,8.160744476401183
103781,10.984216770031566
103782,12.97566092300391
103783,7.375159249607314
103784,6.204612081123691
103785,10.589789736910063
103786,10.1418889582958
103787,6.053080770205404
103788,9.225227488407507
103789,11.081224721534522
103790,9.703039121263926
103791,8.302105501672917
103792,7.6924833643597825
103793,7.837458891016752
103794,8.684641489553437
103795,5.751973103532874
103796,12.858345662312953
103797,15.670973213783082
103798,6.882899279967175
103799,9.914764057359047
103800,7.990131720438535
103801,8.892582768259235
103802,12.107370327466572
103803,13.839334459192926
103804,14.23827863143712
103805,15.200820194807367
103806,5.9082505156627985
103807,12.521746591668702
103808,7.404369592793691
103809,7.407535644118946
103810,16.462211772278476
103811,9.43053539433993
103812,12.47072934867211
103813,9.622192325255979
103814,9.298470774050163
103815,8.711794397242569
103816,9.19190834328045
103817,4.959099170177896
103818,6.898503305577291
103819,7.610824139344908
103820,5.539230736605832
103821,8.585428798367202
103822,7.286622329039638
103823,9.369284529507608
103824,9.598645859693148
103825,9.289824295909932
103826,8.629563598336894
103827,9.82096846106041
103828,4.139410963517823
103829,10.727770625459437
103830,8.552949379390796
103831,8.750848072074827
103832,9.26239131252995
103833,9.303755534242288
103834,9.344941819768849
103835,11.01219727616758
103836,11.537109060732826
103837,6.663552234730335
103838,9.408795333871081
103839,9.950245426921713
103840,7.504247568073962
103841,9.953839730062702
103842,9.292376372531473
103843,11.913841210973223
103844,9.416484150691044
103845,10.760152148944915
103846,10.678741022203301
103847,11.075648030814452
103848,9.904686820143855
103849,9.428281173833692
103850,11.194142004215625
103851,9.960912547189436
103852,9.009685257703335
103853,10.089854648405153
103854,14.846896432945897
103855,10.505131342153529
103856,9.189779814043455
103857,6.1538401490437415
103858,7.7133989272562316
103859,9.406072466141648
103860,13.256736505796122
103861,8.859260664483523
103862,13.86596137130735
103863,5.575922867055645
103864,8.802615547959336
103865,9.865674023593916
103866,8.275522674146531
103867,11.69753398410758
103868,9.991326141054575
103869,9.49687681730521
103870,14.021702973593637
103871,18.58214769342245
103872,9.124567853907404
103873,6.708717439472842
103874,6.95873460603193
103875,10.346303442893014
103876,12.269072459403583
103877,11.705364692820197
103878,7.0684090225500125
103879,7.042547572736969
103880,7.454694481357995
103881,9.242782757513785
103882,10.597523419050699
103883,10.241094107486482
103884,5.474003439006844
103885,6.844141573190955
103886,11.445528417822818
103887,9.011689561567254
103888,10.690775209790331
103889,10.900988099183088
103890,9.7742129255455
103891,6.559117014278172
103892,7.5244642498255985
103893,8.625673770845783
103894,12.099147389270605
103895,11.539446735265447
103896,10.327170347895128
103897,9.603736884749875
103898,5.0352763972578485
103899,4.888291348552476
103900,4.491129544324644
103901,14.842476520057465
103902,9.316302561067712
103903,11.938374394841665
103904,10.694846296611647
103905,9.591437761111816
103906,6.609318041138032
103907,5.921300614998018
103908,13.689029979251965
103909,8.089916099897028
103910,4.577770805243327
103911,8.891142875040263
103912,8.75672659962423
103913,11.713483891434496
103914,10.262653002072753
103915,6.651787067553324
103916,5.037300783346365
103917,13.627524899031846
103918,10.23147283816929
103919,7.593410232354475
103920,6.673660274671043
103921,8.043070018810479
103922,9.449477282004201
103923,6.419212123793149
103924,12.883517578159324
103925,7.603252306961876
103926,9.209885154908928
103927,10.391203697460924
103928,12.116394233819301
103929,6.642846305158157
103930,5.4929438889799105
103931,10.370909397911168
103932,8.461988062030596
103933,11.342309037376886
103934,12.580897173679665
103935,13.091200244736715
103936,9.79362551399051
103937,11.877678229214716
103938,10.752859451737914
103939,12.831449985207072
103940,6.076011136739739
103941,7.289401877954336
103942,9.889928743110833
103943,15.80902986463632
103944,10.212373395967969
103945,12.025805539660253
103946,10.381357974639878
103947,10.711586446913717
103948,12.099415231636618
103949,10.161719670057646
103950,10.609327209925407
103951,10.602016936401998
103952,9.131148568292923
103953,12.021590975378047
103954,7.044860394619508
103955,12.435159370110275
103956,7.950186892068767
103957,8.814796042048556
103958,7.3948842087373325
103959,10.740929263727944
103960,11.92230051942158
103961,4.249893463246377
103962,10.443870839623603
103963,8.814529218312407
103964,8.942416858369612
103965,8.871411102680575
103966,5.098006288004734
103967,10.893581764110086
103968,8.582221912054246
103969,5.030363178591472
103970,11.569070546454167
103971,13.488643266628861
103972,8.204039219258439
103973,9.194586421366797
103974,9.281728370650422
103975,12.633764945299399
103976,10.987537644273056
103977,14.544332395123934
103978,11.658712070187018
103979,10.620519911331543
103980,8.420767713381947
103981,12.703564389723985
103982,9.93451122200384
103983,6.561058618565598
103984,10.217954517432744
103985,9.66971403529006
103986,5.708216221614012
103987,7.414403759406577
103988,7.892242061655314
103989,7.187839602665397
103990,9.832520687788946
103991,5.560855146640021
103992,6.008483593495341
103993,10.020784190798977
103994,9.091796465970459
103995,17.060242608423344
103996,11.892856589981482
103997,8.505605888553935
103998,11.172096105801671
103999,10.142925574761154
104000,6.904590012427886
104001,7.940564549260881
104002,8.972084501614727
104003,13.985310148131166
104004,7.4472754506877905
104005,12.987159514795675
104006,10.362797751709241
104007,17.45757090386984
104008,8.139326321069987
104009,9.879900288316879
104010,10.933822860642936
104011,9.110524674302248
104012,9.217918842704867
104013,7.643025843040339
104014,12.922385425328638
104015,6.6098316233044985
104016,8.856088232932638
104017,11.094088782586914
104018,6.758003609200358
104019,6.03357428076202
104020,11.253321567817162
104021,8.07745909557722
104022,8.131320978148732
104023,9.450014312710042
104024,9.396852778910748
104025,12.443366272823067
104026,9.697610461645345
104027,12.953931106105518
104028,7.214314861087132
104029,15.077714738017965
104030,12.58517023897766
104031,7.225608852209175
104032,9.873705113410727
104033,8.022795016504439
104034,7.9523881683042585
104035,6.851632784319167
104036,8.28964880366144
104037,8.586249910245945
104038,9.498821028182494
104039,7.862485192314621
104040,7.984173819258885
104041,4.900944134680366
104042,11.974910913765385
104043,7.187026736931879
104044,12.510628847489933
104045,7.245069931402314
104046,7.308918423814061
104047,5.049582097461816
104048,7.629741064722403
104049,9.51053290580992
104050,12.680061200886366
104051,12.675233669338851
104052,8.951922646050667
104053,7.125418817373911
104054,8.39712297618399
104055,8.885379236589817
104056,8.402904358886682
104057,10.901690590852251
104058,15.021083186685917
104059,7.403328612227074
104060,9.554109285170565
104061,10.960091449091108
104062,9.306272614533666
104063,10.149386930082391
104064,10.620215263819649
104065,7.364079655150751
104066,11.257450120664462
104067,10.339366498115492
104068,8.812612202232177
104069,7.386935151837973
104070,4.168420966106976
104071,9.367982979130852
104072,8.24452878736866
104073,12.355693991355533
104074,10.080439585020077
104075,9.571154531975262
104076,9.866100050916017
104077,11.110966623564005
104078,7.9753964453039545
104079,8.392457665278721
104080,9.21152607865689
104081,9.594831369848524
104082,7.546040188979552
104083,10.82777471331693
104084,9.365848295519223
104085,11.553004978568655
104086,9.318000502915291
104087,8.225021174642015
104088,7.374659798053574
104089,10.223325412670295
104090,10.317335342419373
104091,8.039445713738514
104092,6.760729240921258
104093,10.881824247645119
104094,10.807242158306376
104095,6.920412017594133
104096,6.5657060884431715
104097,12.253668552283685
104098,16.035779431607104
104099,11.875266475647958
104100,9.140349407581233
104101,6.751285423099863
104102,7.248932905870601
104103,9.12252060794885
104104,8.827933913072988
104105,12.072001640270054
104106,9.267470729220287
104107,10.789755640791512
104108,11.062362321385539
104109,14.008637532255161
104110,11.56513502441109
104111,6.8000757940926375
104112,10.258640984997903
104113,9.818437957122534
104114,16.46836656532714
104115,9.66493452411229
104116,4.98505423515863
104117,6.088309298534746
104118,9.661691402494418
104119,8.128329522103481
104120,6.624239277671601
104121,17.19206464150347
104122,5.520983136851305
104123,7.465524163462331
104124,9.57978686680688
104125,9.384689992207843
104126,8.059232475434786
104127,10.941277508991133
104128,10.967021829805061
104129,6.910659715569311
104130,9.217654682189425
104131,10.130880521488622
104132,10.893964108295418
104133,7.048641625812588
104134,10.510532418220489
104135,6.456872636971212
104136,8.856040206250961
104137,8.354188749504514
104138,9.488413134891239
104139,11.411093434359936
104140,8.01925328339162
104141,8.758244900283689
104142,4.186502639804316
104143,10.454557936896084
104144,9.387873477227334
104145,5.088119814579029
104146,9.558320682787784
104147,12.17608982588715
104148,10.122959327469193
104149,14.073962775141746
104150,9.128705024267656
104151,10.503734096563502
104152,15.308040836023915
104153,10.9676385023925
104154,8.34914821351083
104155,4.979119621872639
104156,10.017321468941631
104157,7.228799607619647
104158,9.546935289186745
104159,8.344141755825605
104160,7.997242794938029
104161,7.315208305090263
104162,10.875791089363407
104163,9.484063774904978
104164,8.928222598439797
104165,11.718502922865742
104166,7.0876388534012404
104167,11.168262190515435
104168,12.474594175974083
104169,8.867972121266899
104170,9.37906726353727
104171,13.910049060858384
104172,10.683634425808531
104173,8.339425022837606
104174,11.338462136348332
104175,5.816382931877638
104176,10.16385080015438
104177,9.823465983771955
104178,9.11071887520232
104179,10.457562874242239
104180,9.276306205048078
104181,15.390305759713751
104182,7.280610781535967
104183,4.363488987019219
104184,12.221598528530546
104185,10.007194300012888
104186,7.817733635552175
104187,7.1092604223176705
104188,8.774572272680611
104189,9.013808163561862
104190,10.7483725358621
104191,10.008997589076506
104192,9.684390715959333
104193,14.751312220089417
104194,12.932559650674188
104195,4.081326725408685
104196,9.028814684316146
104197,11.02974982968243
104198,9.481828381882144
104199,14.241570358771366
104200,9.091399370604488
104201,11.010236377790283
104202,9.866714796485748
104203,10.704396739086238
104204,7.712452763901192
104205,10.594366909663304
104206,9.687237095160754
104207,5.039001260830455
104208,9.535671684372904
104209,13.069486155161684
104210,10.282314322631441
104211,7.941621808311345
104212,9.612647304113398
104213,8.437036034569218
104214,10.38664855458014
104215,12.558150342113873
104216,11.44685542816255
104217,8.002594658869134
104218,9.87378922904243
104219,6.5543662906977245
104220,4.841580607152968
104221,11.473526510133556
104222,7.747257104946104
104223,9.950339696207164
104224,11.653281336572565
104225,11.829436334520405
104226,10.290357232118975
104227,7.134490326208106
104228,14.21501757808212
104229,9.21501366717095
104230,11.239164629879149
104231,11.102207429244183
104232,13.625063424087617
104233,5.573196744144565
104234,9.532905693451449
104235,9.402462511860156
104236,10.402761678424174
104237,10.778433911413526
104238,7.888049319627642
104239,9.701088611733162
104240,10.205107310816212
104241,8.594642677428947
104242,10.879734219665469
104243,11.764340290840053
104244,8.73687516503998
104245,10.216797662997099
104246,11.814373744172123
104247,11.798511294967701
104248,10.096009270036422
104249,8.056836560810805
104250,7.9116759288211345
104251,10.78517821582744
104252,6.462133585956091
104253,9.50605747836488
104254,8.055474303528054
104255,8.334765648895283
104256,12.522939681184711
104257,7.159986108394328
104258,7.723979165886368
104259,12.179548576523407
104260,7.537484877800589
104261,13.934903400127856
104262,8.97644422351117
104263,9.5909766438238
104264,12.06777396578995
104265,8.59738773526072
104266,11.01976697365363
104267,12.608430297844144
104268,14.136706771332536
104269,13.262740425292455
104270,9.349534680206906
104271,10.209211058201209
104272,10.57857121768296
104273,13.948626266899712
104274,11.621326312208122
104275,10.408311123562196
104276,17.42957646270003
104277,6.632752059987718
104278,11.004515725181232
104279,12.127413252277782
104280,13.563124564679594
104281,11.178643358222658
104282,16.61930026016362
104283,11.385944685868733
104284,8.456118222999887
104285,9.517148974392256
104286,10.372966163617518
104287,14.976000376806827
104288,9.721721659740505
104289,9.76412394892152
104290,10.224288296234041
104291,4.347561497691127
104292,9.462059432385198
104293,7.77409791355885
104294,6.366946673824937
104295,8.332993180528614
104296,9.66617995822022
104297,9.622035206353639
104298,7.911483334338149
104299,10.544516440180127
104300,11.943727457830903
104301,15.220862772823363
104302,8.249211271847864
104303,12.62878279038709
104304,4.083586181037393
104305,10.324148175282527
104306,8.178770234490699
104307,8.006525230092272
104308,11.59728938145695
104309,9.441951319343335
104310,6.345762567254782
104311,8.237179038349334
104312,15.999014476243582
104313,10.037127532823423
104314,7.384321671951068
104315,9.596585562636935
104316,9.084211879989306
104317,7.815748152553974
104318,15.8595637495369
104319,7.532650102755193
104320,10.12446460520306
104321,9.371146878317564
104322,16.308809326557785
104323,7.45379096355782
104324,8.539973772491157
104325,9.292386101258877
104326,10.158641053396968
104327,8.185609408386586
104328,10.004714068581205
104329,7.0010988884347345
104330,9.135184848599621
104331,10.088000531181631
104332,9.149802444433814
104333,10.491208023034549
104334,10.128757013150345
104335,10.157105241288466
104336,15.509882865018252
104337,11.180484317664568
104338,11.787697694558878
104339,10.997798200399627
104340,9.649670420998271
104341,11.61064200051722
104342,6.003071850511868
104343,8.314633117933846
104344,7.036460056444774
104345,9.680080155636183
104346,6.689730012756172
104347,7.654458823314383
104348,8.68103021451327
104349,14.805526162304298
104350,6.609710742462939
104351,4.248739460594805
104352,13.9927969369101
104353,10.072769042834363
104354,12.220126479594454
104355,9.625372302169772
104356,14.195148942700964
104357,8.929932410584119
104358,6.780456516694412
104359,6.836981311008581
104360,6.762888123666427
104361,11.892884941009614
104362,10.549168037656035
104363,8.478504378107885
104364,10.001887756986033
104365,8.670586510624513
104366,11.16067585201925
104367,12.776122979002489
104368,6.703617443626394
104369,15.06730216660659
104370,7.594425301702762
104371,4.391198053572659
104372,10.7551033032796
104373,12.422660111688026
104374,8.09275304590868
104375,9.439301899201414
104376,7.093146542396641
104377,12.414242499418638
104378,7.19275552667906
104379,6.856124772628822
104380,7.035028299640206
104381,11.97551244590666
104382,9.335575475164452
104383,11.265192631085775
104384,12.207580007906454
104385,9.665475312568708
104386,9.945084550658335
104387,15.645369383230598
104388,10.036521719080117
104389,7.393843894170009
104390,7.452906132059073
104391,15.102100193109404
104392,9.015371766404026
104393,6.850473564135145
104394,7.067054329292333
104395,12.763012602257035
104396,10.450314123268878
104397,9.368564100178876
104398,9.384177254806858
104399,9.80961720469767
104400,10.024362385378469
104401,8.671227846449481
104402,7.352083160594482
104403,12.48900003020247
104404,8.373059960360786
104405,9.83957137415146
104406,7.692091940944161
104407,9.928480480485963
104408,7.338379742008835
104409,12.610570954420803
104410,8.328305931130393
104411,7.198908500467198
104412,8.944827659451395
104413,10.323259687847859
104414,7.8885997142469915
104415,8.638307432150432
104416,12.342080452937516
104417,9.23143887113145
104418,10.011910367238306
104419,9.336667124501632
104420,7.218277935208991
104421,10.576912263647362
104422,10.49838087213828
104423,6.75831219596934
104424,10.649748947747115
104425,6.2468287451698
104426,12.748278047369002
104427,7.309508334997315
104428,10.640538799405324
104429,10.851605596315764
104430,9.829586112419491
104431,5.342554386757165
104432,8.73921118442752
104433,9.716510476489152
104434,6.092677796341034
104435,10.772506142166844
104436,7.495555268977261
104437,10.009615393513936
104438,13.477442575464144
104439,9.359187150524388
104440,8.129002923917723
104441,13.030914976006713
104442,11.41239168318477
104443,13.424625550485775
104444,10.136584095493642
104445,12.57103136665413
104446,9.673891773149071
104447,6.851810438377273
104448,9.972106423782018
104449,6.393510417161534
104450,13.887102377615435
104451,12.389569047084724
104452,12.985918063474077
104453,13.474701593927268
104454,8.046543952618308
104455,10.649429391192431
104456,10.19627658717489
104457,9.535827775470425
104458,10.850574800677881
104459,9.330312694463355
104460,18.06200296299025
104461,9.954990741598795
104462,11.175736554307159
104463,4.779013791306462
104464,9.03008828470993
104465,10.107914052287475
104466,8.945090421619453
104467,12.217776406915794
104468,4.388041615242125
104469,4.505786247676449
104470,10.350245056465688
104471,12.248200332178254
104472,7.804336144502547
104473,4.983165407513926
104474,16.929296410857354
104475,8.667867630876817
104476,6.002456585551819
104477,9.293102193765574
104478,8.931565519558124
104479,11.427562428156477
104480,10.823066708339642
104481,7.468547166487317
104482,10.435403574028928
104483,7.04571709552805
104484,8.938573668864073
104485,9.605092735633269
104486,17.342405040444167
104487,9.107193789887836
104488,11.715499268247061
104489,10.860227244759908
104490,17.123366837121164
104491,7.3125474646459905
104492,12.70830194713609
104493,7.180095537649541
104494,5.338875490324752
104495,5.6695307397617
104496,7.754933197444641
104497,9.472013229079657
104498,9.723384131777248
104499,9.569360117340697
104500,9.148870249811058
104501,9.593993427083866
104502,8.372990849705243
104503,9.0671125355697
104504,11.157097787977884
104505,13.523655065688166
104506,9.714345225279708
104507,10.452203245100714
104508,9.274370216432619
104509,9.548150926893936
104510,9.932010187455763
104511,12.584360727956874
104512,9.118058478072943
104513,11.475848986380052
104514,4.6327577461621114
104515,10.373434496973616
104516,6.825434706870851
104517,11.03250345915026
104518,18.40982097084477
104519,4.478004667454736
104520,6.782315434881693
104521,6.996060889478462
104522,11.678335940618673
104523,11.180467939513077
104524,5.168492359231363
104525,11.44713346177161
104526,12.323320793641713
104527,13.020721181618716
104528,10.26847154019226
104529,6.68549390811948
104530,11.300781264078001
104531,12.028061665581678
104532,9.584438176908302
104533,10.768876460345894
104534,9.075995839169407
104535,9.739469641243641
104536,8.900588005256626
104537,11.389235147680294
104538,14.987020431415829
104539,14.75626896787594
104540,9.229421802012872
104541,8.140288597475214
104542,14.120084983513413
104543,6.71573341587384
104544,9.474334716403694
104545,9.817035631132036
104546,5.17580782113648
104547,6.6860272409453305
104548,11.422516918243101
104549,7.072441316636393
104550,12.258810721387537
104551,10.076956514625463
104552,11.075269158481712
104553,9.707529687358688
104554,10.356239934902803
104555,6.561068583302102
104556,9.28223368813919
104557,6.176008313477945
104558,10.925792468474699
104559,7.087333882836054
104560,13.746418354020946
104561,8.606502812823903
104562,9.437189238035968
104563,10.396501229196897
104564,9.772099402810369
104565,11.604028879409553
104566,8.683014488784382
104567,7.0130887619846245
104568,9.827842826179836
104569,6.369303858553138
104570,11.700584280161847
104571,9.435768084196376
104572,9.621261313918811
104573,6.233671958163172
104574,9.992049100325811
104575,4.548241879507846
104576,13.567376335391518
104577,8.040399070911224
104578,4.305806204249719
104579,10.797537910423554
104580,15.787555464986369
104581,5.575981760601742
104582,15.804444153023232
104583,9.568892101667352
104584,13.38823519821781
104585,11.203495431455611
104586,8.496966027303566
104587,9.327915049381145
104588,13.480991612019938
104589,9.495839836101792
104590,15.75834900943938
104591,7.138550850625359
104592,7.491759032941052
104593,7.156506793338063
104594,11.381048523610145
104595,4.224840155853265
104596,11.586981962178575
104597,10.289316643538765
104598,9.694907599214824
104599,10.738621437556688
104600,6.691627041456478
104601,5.113129737955797
104602,11.452865831979118
104603,4.900675025706503
104604,11.703051359820373
104605,9.371090948747346
104606,5.553088329029908
104607,5.060314766417928
104608,6.668228970025713
104609,6.554282324663615
104610,7.0137142749718775
104611,6.819500889173819
104612,9.705552061621443
104613,11.163440356682482
104614,8.833485770653299
104615,11.475268090800474
104616,10.050578160162603
104617,12.34499570276882
104618,9.847883453095639
104619,10.228459698699021
104620,10.015102012441833
104621,8.679485381370009
104622,7.354538999885184
104623,7.91138041904514
104624,7.28360144397544
104625,6.982308210223522
104626,16.333848913665623
104627,9.271272097014926
104628,8.945885878973932
104629,10.64825131989081
104630,9.051093559246505
104631,14.232697309805394
104632,7.343250666607237
104633,8.235070627506383
104634,6.716337666145949
104635,10.046719763723917
104636,10.834053657874634
104637,13.86210605570409
104638,15.078235424391647
104639,7.356252817119294
104640,12.448082386670276
104641,8.556809290237698
104642,4.816884210108099
104643,5.757922679497907
104644,7.425846896786884
104645,7.6670274310034
104646,7.78739869075383
104647,9.387225643882323
104648,5.391050604615153
104649,7.337471029334644
104650,9.2182270387809
104651,10.92503477316353
104652,11.380237777767665
104653,7.232879794334134
104654,14.133931143469473
104655,9.397291386525099
104656,11.480502314579619
104657,6.432495345145389
104658,11.311919970077797
104659,7.662752680503391
104660,5.847956787882121
104661,8.771069846306442
104662,12.84131011707018
104663,11.509726186351072
104664,6.4587175440046565
104665,15.612772574267613
104666,9.859574795865601
104667,10.060981672507427
104668,11.18577082489119
104669,8.445335627932623
104670,12.370749772066961
104671,8.09261674305537
104672,8.298929101701589
104673,10.66280929014938
104674,10.089860519396115
104675,5.598377893310928
104676,8.99799352923397
104677,11.952728352087913
104678,8.089642962657688
104679,14.045604142883366
104680,9.565768237366651
104681,7.320219055439061
104682,6.174476766497701
104683,7.518016070966132
104684,9.58936289163837
104685,6.14219590985429
104686,12.722750039889714
104687,5.002496753600386
104688,5.109519538911857
104689,13.283454557180821
104690,10.764389597821282
104691,8.550041916406599
104692,15.954138124345402
104693,8.934688847913403
104694,11.275796988260128
104695,10.281167141713798
104696,9.39737200709572
104697,10.585465178666764
104698,12.428914167139283
104699,8.972195202166219
104700,13.80126973793151
104701,6.227711461248076
104702,9.320623019928204
104703,12.078148917184375
104704,6.939418053194795
104705,9.928338121005337
104706,12.785956701031767
104707,10.366781911492518
104708,8.890697462828914
104709,6.056746093205535
104710,17.656967701893272
104711,9.738709239642628
104712,8.836696198082068
104713,13.541210125341411
104714,5.818895510144605
104715,9.81939950731081
104716,9.908052348072584
104717,9.408030407239568
104718,8.720696618312976
104719,11.415769072808885
104720,8.82991686163794
104721,10.991247900549784
104722,11.439800860764858
104723,10.831583255853982
104724,7.376325065053955
104725,14.12115980527443
104726,9.996668992922931
104727,7.515317742502741
104728,10.988649026217846
104729,4.468686744507581
104730,11.331760197410784
104731,11.292775452675397
104732,12.0695947524063
104733,12.157427852073143
104734,11.001719129724677
104735,10.709330462798501
104736,8.997121935253663
104737,10.501118720351256
104738,6.322067029559284
104739,9.044861315829834
104740,14.27515145373378
104741,6.987166559418235
104742,12.15031629159618
104743,7.171350682575332
104744,10.403312206050913
104745,9.260186300764454
104746,8.235030192108443
104747,9.329369749351958
104748,7.827003265150881
104749,9.034163586113971
104750,9.511158398276718
104751,6.13690868901828
104752,7.54565170902747
104753,12.245108940280769
104754,5.411369465217745
104755,13.063257937077633
104756,10.566858325136003
104757,12.029679378814222
104758,11.722681847598526
104759,9.490151226431056
104760,10.589683567127889
104761,12.317494754620228
104762,12.968404131683467
104763,9.278790648481236
104764,10.05433882883946
104765,9.777024680671081
104766,7.374464288831355
104767,12.022728876726886
104768,11.871923134224387
104769,8.286891788982558
104770,12.545215977968391
104771,10.12584635442748
104772,9.982908383303707
104773,12.184903080527372
104774,9.136972419280392
104775,8.636706030491881
104776,8.687952075011705
104777,8.04880946981489
104778,9.489411220558805
104779,11.74126810943314
104780,11.772185519832547
104781,11.29948700791908
104782,6.952572421001937
104783,7.436182370600811
104784,8.458130248434127
104785,9.92482492620976
104786,10.774619617793139
104787,6.798496892688062
104788,8.499091107674406
104789,6.604643901265739
104790,11.550047891049447
104791,9.247012984909881
104792,6.362924602668596
104793,14.089605049477859
104794,6.494145016445758
104795,11.981269203593268
104796,8.599473924443721
104797,13.29423438315887
104798,11.21627481890711
104799,7.048956235444687
104800,7.4318826300320255
104801,13.754332487243508
104802,14.645061259667575
104803,7.970288429723001
104804,10.522490905608668
104805,8.167251517136474
104806,10.137639120996976
104807,9.319727989194032
104808,11.110403490786137
104809,7.185012359694467
104810,11.141518124374716
104811,11.006805214014685
104812,10.547078972361252
104813,12.561455105968575
104814,5.602088470260957
104815,9.590941076134623
104816,9.415454428657394
104817,12.929655576261123
104818,7.497028231964391
104819,12.734706329695047
104820,8.15550523227318
104821,9.546816506994995
104822,7.0369303048547565
104823,10.520692729647724
104824,13.662110533141838
104825,8.578974952606892
104826,7.475904160625133
104827,7.3698991516502845
104828,9.714292285389872
104829,12.771659251621017
104830,12.608377003621765
104831,9.265476797234879
104832,10.775312048601764
104833,10.775821546692175
104834,12.07179217747536
104835,5.100617326666591
104836,10.055117022201241
104837,9.41471245209049
104838,8.206581502406177
104839,13.016001773632727
104840,8.263230807001293
104841,10.363466863534528
104842,10.22377394656427
104843,14.388839888391242
104844,9.006919266100233
104845,7.352829901311378
104846,9.445281332132202
104847,11.758569066082336
104848,6.687998599712444
104849,11.269787908477062
104850,9.904586017230121
104851,9.457034879841363
104852,14.33787046799778
104853,8.629720078806702
104854,10.207713494720716
104855,11.085432134988496
104856,4.913424659049825
104857,9.449162130898104
104858,14.9344845321316
104859,6.500595328653181
104860,14.340290465234233
104861,8.784609854775812
104862,11.654804459807949
104863,11.627623718312389
104864,14.790262291019967
104865,9.311658116742139
104866,8.424955475203044
104867,5.687591556327505
104868,9.632098521563545
104869,13.129865742157843
104870,9.234300139563762
104871,9.611021563852836
104872,6.6099805008611625
104873,11.180166984391711
104874,11.833563716294702
104875,7.196496098260181
104876,9.297747579176042
104877,10.120067224787336
104878,15.248579470106051
104879,10.420976125610819
104880,10.966655944491938
104881,15.296443380995186
104882,10.842409682500081
104883,7.606562001147468
104884,13.07668533989914
104885,15.27171702291422
104886,15.704766603310333
104887,9.007839653479262
104888,7.816751018043074
104889,9.928045829973172
104890,13.260326195434263
104891,10.475139323870632
104892,11.12610942598168
104893,7.436971109397684
104894,8.173134855396757
104895,6.995346449139987
104896,11.757784595098261
104897,9.757472453273312
104898,8.56737547780644
104899,9.645661556001247
104900,9.483893937465279
104901,15.001945599561765
104902,7.974472818897629
104903,7.386292682780466
104904,10.784279255875818
104905,9.269617814852793
104906,10.901980136243399
104907,8.917784009335083
104908,9.45791722118572
104909,11.710586241650367
104910,9.186603070989829
104911,10.75530583578972
104912,9.978890970980828
104913,7.93653261075835
104914,9.265530535627056
104915,7.770241953033379
104916,8.815853397061739
104917,8.31497209297315
104918,6.29275711624743
104919,9.317436422939881
104920,8.40359494335652
104921,8.194671298587426
104922,11.177003275964088
104923,8.495364269720627
104924,8.383401054145233
104925,9.095947566505863
104926,12.389231197708721
104927,8.666667439468872
104928,12.043260926377284
104929,8.70095830634487
104930,9.660748726555449
104931,9.778194662385214
104932,7.991911449446242
104933,6.846095673413982
104934,16.22372549149704
104935,9.559760792411819
104936,5.788597892968136
104937,12.058137773044225
104938,8.360622080836427
104939,16.76185396956746
104940,9.994966399019955
104941,8.732354588444462
104942,11.27120620864811
104943,10.1422796534867
104944,8.99640349800344
104945,5.6625850863652465
104946,5.9525720539334515
104947,9.414882100326441
104948,9.623564582410403
104949,6.198006122958961
104950,7.387539593897837
104951,10.591286453518382
104952,14.48774955971135
104953,9.167933242750873
104954,8.975299044679687
104955,4.534676860400057
104956,12.654415775678407
104957,13.640912465638426
104958,10.17051223033874
104959,12.04143587649619
104960,11.916218315948223
104961,5.550528662017134
104962,9.27405332377431
104963,9.3665485978483
104964,8.487771257017858
104965,9.62292734070266
104966,8.234063583443408
104967,4.783212270911016
104968,9.643673377187802
104969,11.644464075330184
104970,9.15902695747287
104971,8.577995067881869
104972,5.229969260585004
104973,11.546514557704432
104974,5.747158405512191
104975,12.068441005038355
104976,5.744283552458133
104977,9.315394042757543
104978,9.871128071043351
104979,9.425687991654186
104980,9.706899578603672
104981,13.553916544643684
104982,4.7971226758958005
104983,10.30401718657664
104984,7.7341456847749726
104985,5.313506782737481
104986,11.695849538441582
104987,11.27780538629598
104988,10.161735321807331
104989,6.212213137038827
104990,5.555478754387268
104991,10.692290682858982
104992,4.047008616692123
104993,9.535721437844696
104994,10.087333099531833
104995,9.245528101888514
104996,7.918664015154283
104997,10.370801665302105
104998,8.807108028950633
104999,15.371271157530632
105000,8.085667220044332
105001,8.554477449088145
105002,5.727541142164313
105003,9.035497078754224
105004,7.516142968900394
105005,7.642957408403791
105006,9.298354458062573
105007,8.339273237183221
105008,10.669969933579425
105009,6.975464299809397
105010,8.162982335982303
105011,10.67979171935417
105012,10.330986735896147
105013,9.592490508837798
105014,9.520819551252476
105015,9.77218517000021
105016,9.446049839719404
105017,9.634669885428607
105018,10.7471092645673
105019,6.651683940314308
105020,11.204940156704833
105021,6.790501840904294
105022,10.642215767090997
105023,8.267210025100301
105024,8.101064840457656
105025,9.509760672327648
105026,10.549422850872418
105027,11.717415358961304
105028,7.180519665597444
105029,10.014326615942673
105030,6.59924947135557
105031,12.996069029120344
105032,7.870893567761989
105033,10.041365461759968
105034,7.901966341154444
105035,8.868570259225896
105036,9.51344469544848
105037,9.467767604355023
105038,8.242194349797836
105039,4.330450103249928
105040,10.760157570961002
105041,10.886115487660026
105042,15.04359270670704
105043,11.607602312357647
105044,12.4609117444265
105045,9.204824511866212
105046,11.486412193485828
105047,5.914422531898113
105048,7.509449676343789
105049,10.082333750305867
105050,8.181230432183815
105051,10.38081121833802
105052,8.96866999534151
105053,10.0406264639152
105054,8.320654637086562
105055,12.042141773896645
105056,13.671879214899912
105057,9.178585028946065
105058,11.252979363728272
105059,9.602442365222114
105060,8.382523382365715
105061,9.433747826939534
105062,11.639192329925981
105063,9.054665223249566
105064,6.371050655513702
105065,12.251231864456908
105066,10.815120300427875
105067,5.710090313350096
105068,6.414370759477739
105069,8.710840851078276
105070,4.354035920097491
105071,9.837981117657403
105072,9.003934085780992
105073,9.010076980188407
105074,9.650178749536707
105075,10.297485863097709
105076,8.05923744881484
105077,6.88538388113273
105078,9.53679166204235
105079,6.810452149729192
105080,7.884442878940632
105081,7.493143824597169
105082,10.803829046328662
105083,14.682750548729468
105084,7.90426145594205
105085,7.430755373409744
105086,13.518681891658952
105087,12.807413975877353
105088,8.524419386535495
105089,8.376324145962698
105090,9.520643321925641
105091,6.6154034509881345
105092,6.966968699655749
105093,9.09425096667494
105094,7.990499278546049
105095,9.760899085241146
105096,8.473852715553685
105097,12.574091540029537
105098,6.3906090821894574
105099,11.65285640003842
105100,9.39779827022819
105101,10.857112608230285
105102,6.1822808035914
105103,14.374802289248226
105104,13.854415319306373
105105,15.017030686299625
105106,5.626474857263451
105107,12.983607410937836
105108,10.949444378565449
105109,13.314474865117996
105110,7.915830494267011
105111,7.49278576430699
105112,9.31851367407777
105113,7.871964936896214
105114,10.330538909655974
105115,9.638441263210629
105116,8.85076772310342
105117,9.843382036450645
105118,10.716469375839916
105119,6.07635162342927
105120,7.105850850693338
105121,10.679300641845137
105122,9.567693834006588
105123,10.682270642107174
105124,8.646908053641509
105125,8.559160551685729
105126,9.294524294120752
105127,13.312911502413593
105128,11.294754047091573
105129,9.054489085076458
105130,6.92371000424554
105131,4.137169751706432
105132,6.273947840523336
105133,8.866600632376114
105134,10.176701421022042
105135,10.893239587541592
105136,10.331038375737384
105137,11.00068368057256
105138,8.369234755241513
105139,7.38207857004771
105140,7.640556593979807
105141,11.570699964485573
105142,8.278726387287739
105143,6.58705331538128
105144,9.674779990070139
105145,9.879664134595089
105146,9.140870601584693
105147,14.68172361333347
105148,9.766852153729573
105149,10.241529846167271
105150,8.485098735348501
105151,9.816628723006115
105152,11.33098342466813
105153,5.694059433264881
105154,9.053364853430576
105155,14.872538011525975
105156,9.889131542255317
105157,4.245144192291477
105158,10.303066936986928
105159,10.802386019976646
105160,9.724321543341748
105161,15.064092659374143
105162,11.246559179575698
105163,9.508231791232479
105164,9.738778896995292
105165,10.901626029641408
105166,9.928063699343442
105167,8.872513424836448
105168,9.358620415508987
105169,7.632509024297444
105170,8.895642336808056
105171,6.92759712028753
105172,10.256101499214953
105173,7.450098565527577
105174,6.494323771528511
105175,12.035592483063521
105176,9.08322242223493
105177,9.48524681186655
105178,13.458432229289503
105179,12.381979264662963
105180,10.747346037213296
105181,8.685114340099311
105182,11.47679072633297
105183,9.57979046634043
105184,11.479264570092486
105185,8.782776618685237
105186,14.145462586364127
105187,6.870204535589591
105188,15.729611810568446
105189,4.486519013349005
105190,11.805998365711098
105191,9.878231348893259
105192,11.269504676512458
105193,10.209154198661142
105194,18.351544414140452
105195,9.810878480804684
105196,8.69197786274271
105197,5.182916687082512
105198,12.65315204010966
105199,11.80930975341945
105200,12.237945480664875
105201,6.8353093944968135
105202,11.618328926531339
105203,6.396856503510392
105204,8.655330239039117
105205,15.290646503154193
105206,10.265448234733373
105207,11.54608422491095
105208,15.336903543014737
105209,7.493918521379625
105210,8.795829189629316
105211,9.533012604916854
105212,8.419807964722661
105213,10.443957170749716
105214,11.153133696943254
105215,13.082654323669482
105216,11.650848886353298
105217,9.235483300623565
105218,9.644643113769586
105219,12.811164344808386
105220,10.367690444283085
105221,8.35525103459156
105222,9.232709295180518
105223,5.6388522161909025
105224,4.059702887446413
105225,6.424284507257272
105226,7.436930915520156
105227,9.137657859934029
105228,13.704207008369872
105229,11.680560246907524
105230,8.945112502014556
105231,10.293294830822614
105232,4.443978723425077
105233,7.235307487167276
105234,12.134602599829096
105235,11.327155558960943
105236,9.820635909902142
105237,13.854616357585481
105238,12.482536730631463
105239,8.189314465935626
105240,6.665388234756428
105241,10.867553998903553
105242,7.095590366309295
105243,9.78759481069064
105244,12.49426095111256
105245,10.269183445323367
105246,11.308898041997228
105247,11.164344520648541
105248,7.897204400285323
105249,16.16116741948789
105250,8.955642349962337
105251,9.372761373315901
105252,12.56147294665558
105253,12.331265379187233
105254,10.766222593346985
105255,11.106981944666497
105256,9.238605061086023
105257,8.170423215099511
105258,12.813248414159673
105259,12.633744487320035
105260,8.464181324327765
105261,7.209636447613787
105262,9.752629795393286
105263,15.640896674904818
105264,12.679792407515944
105265,13.404815696687013
105266,8.20980755688095
105267,8.996082474388135
105268,10.893721355534476
105269,11.653724943981077
105270,8.7373628110273
105271,8.718664597893655
105272,15.327340000138713
105273,7.611660431091403
105274,12.184837573182133
105275,8.474620474521949
105276,10.935825641893832
105277,7.975372210667393
105278,14.21915966666026
105279,8.75411864572473
105280,10.657317806009393
105281,8.384388857942165
105282,8.27863567588026
105283,10.188085145283456
105284,9.545375300292198
105285,8.010480435640911
105286,11.60391981692958
105287,10.276561176242392
105288,7.083614940168377
105289,10.846768125699928
105290,9.27991411734636
105291,9.089773771021703
105292,8.278235622427768
105293,9.262849041273974
105294,4.934882871681486
105295,7.888099004049026
105296,10.917014600816483
105297,8.260584347545421
105298,9.711860650942464
105299,5.52833062491716
105300,9.546397628515631
105301,12.05080871980021
105302,9.25330267394997
105303,9.647642216022073
105304,9.44991643135398
105305,10.56922623581271
105306,15.494584382697226
105307,7.372012954829538
105308,10.00608436180906
105309,9.155362012254395
105310,9.32990045288848
105311,8.795020651551608
105312,6.39690970573046
105313,14.465962357462331
105314,9.088338155005525
105315,9.81475162400513
105316,10.214403981422388
105317,11.379183499030464
105318,5.7694323229444615
105319,9.390209559519755
105320,7.443306796882766
105321,17.260004113734098
105322,11.17091759331888
105323,11.061586493525837
105324,9.652588651537746
105325,11.915994132911814
105326,7.575003805673342
105327,9.857690705721192
105328,4.961496647168765
105329,12.011303275374209
105330,12.410808281452736
105331,8.145573146896172
105332,8.165009747266488
105333,5.471361569810082
105334,9.452987082501037
105335,10.199094132101928
105336,7.5393697476180535
105337,10.068516786477222
105338,8.87364461572496
105339,6.724845965250964
105340,6.575193792697962
105341,9.148717800758803
105342,4.4273103629607204
105343,12.720686890164618
105344,7.99434770479292
105345,9.362539799375487
105346,9.423701988371985
105347,8.827822405647803
105348,16.311657893261646
105349,8.678268049939977
105350,4.438184807192235
105351,6.1330482881752975
105352,11.824058179846707
105353,10.359035967964996
105354,9.125552060867422
105355,10.782719893505323
105356,7.87964479954981
105357,10.002377099105827
105358,8.050864576637043
105359,9.380394717664284
105360,7.54257245473656
105361,10.502303799809837
105362,10.814504326220534
105363,4.596013712916709
105364,11.552354826824844
105365,8.409777119012567
105366,10.264529866309879
105367,9.012261831703274
105368,7.211021653456967
105369,8.181082871775498
105370,7.442708453231647
105371,10.08231825259895
105372,11.091331589176225
105373,11.589268238478763
105374,7.795087995291093
105375,7.3399343951139615
105376,7.781867659565388
105377,7.831056976167057
105378,10.724618687796632
105379,10.753786414528523
105380,8.808486025610424
105381,12.235745257366172
105382,7.817731572090611
105383,9.845861438789262
105384,10.40469156908593
105385,7.637687917050679
105386,10.81795950980584
105387,9.383151041307688
105388,7.9020880881179325
105389,16.470634171216044
105390,7.906224715536183
105391,9.687574874223664
105392,8.073330787779367
105393,9.940055785250681
105394,10.51019386111174
105395,12.508290309885012
105396,9.165696084574531
105397,5.6108218889086405
105398,11.16330013955468
105399,8.750916514592664
105400,15.011307915861702
105401,8.357795492283676
105402,10.009917357248645
105403,12.563443165840473
105404,7.403185632376517
105405,8.544142806925375
105406,9.880676799919547
105407,9.92562507960026
105408,11.40538689733655
105409,9.470022459334285
105410,17.555746321886186
105411,10.120341126431896
105412,8.878183354609094
105413,14.223739171824755
105414,10.450429231094514
105415,11.484757165189311
105416,9.129226058132264
105417,11.306758497579976
105418,6.800272908222818
105419,9.302687764896215
105420,14.971326803339048
105421,9.948508366684289
105422,8.425816423174458
105423,9.96409462736521
105424,6.225847880765806
105425,8.022527238409873
105426,10.071913932293452
105427,10.058415851407378
105428,10.650369176905839
105429,10.57602295482349
105430,8.173414829753927
105431,12.033936510287157
105432,9.818308861750221
105433,7.559213193022586
105434,11.655828388116309
105435,11.986466766280623
105436,8.59748986199898
105437,17.934436283595613
105438,5.424606990459884
105439,6.507502402874254
105440,10.51506311136924
105441,11.213370617231343
105442,8.80633753554913
105443,6.960734687664855
105444,6.635278809341554
105445,7.378018473390479
105446,10.01650390467096
105447,17.029999453615247
105448,10.602138265700663
105449,6.629801466205031
105450,8.25453612202723
105451,5.595443909236676
105452,5.969123255674104
105453,7.547857427899896
105454,7.922053474074429
105455,11.839916624625662
105456,10.694307473079974
105457,8.218942440913882
105458,9.848141411685642
105459,13.96629168670162
105460,12.786345372499895
105461,10.512812873338858
105462,8.846494085315989
105463,7.506125014530468
105464,9.508595442282303
105465,8.004625888531436
105466,9.0197568377754
105467,6.275249541238642
105468,9.161776302756069
105469,10.956298997253606
105470,14.784466694505102
105471,6.572260033194342
105472,16.879397854284917
105473,10.551728865447032
105474,12.25663217598835
105475,7.478241192842367
105476,12.305139632648304
105477,7.1372077836078365
105478,9.55584810291688
105479,11.241138028369104
105480,8.714984917468295
105481,11.814696019074724
105482,10.659847240611452
105483,9.653637221019558
105484,7.489805823800763
105485,4.0414981345056935
105486,6.457347778585934
105487,8.949024431728652
105488,7.374733412062359
105489,9.079082732163597
105490,7.867777382434133
105491,13.352774620870656
105492,8.297690971384364
105493,4.01664842772974
105494,8.243095664385958
105495,9.891062112087551
105496,7.726786520130372
105497,7.835745666533792
105498,11.477632398202333
105499,12.141768249018185
105500,7.171924519042214
105501,10.308661039539832
105502,4.971400010386271
105503,11.106009425676046
105504,9.037299620457645
105505,11.093069192152933
105506,13.394851316523944
105507,9.422782855541993
105508,9.505940153967892
105509,9.243161149127808
105510,5.101320797379309
105511,4.503173781586648
105512,7.393842242709042
105513,7.272414984846003
105514,8.697864605904087
105515,9.910712403195793
105516,8.452931730603662
105517,9.789569707052694
105518,10.491106276876815
105519,14.430833231750626
105520,9.54891946909098
105521,7.6033762220254575
105522,13.329891004883729
105523,9.587621162819303
105524,8.549263128594662
105525,9.36649039881286
105526,10.335505753598659
105527,12.060581498139637
105528,8.297114031660351
105529,10.913227732341845
105530,15.751000881732597
105531,9.467361888749654
105532,12.885380123445291
105533,7.494850160283994
105534,8.890327215590046
105535,10.790637387210136
105536,9.047595424193664
105537,11.625721829445048
105538,15.874592924535865
105539,18.638074326691886
105540,6.731384105312928
105541,10.104630397602051
105542,6.63666430675327
105543,9.14072784320895
105544,5.923103227408515
105545,7.682521166531393
105546,6.304245807206798
105547,12.068002469471015
105548,7.579622167092313
105549,12.815939128325278
105550,11.376119750500964
105551,13.005793893630402
105552,16.03670826690333
105553,6.660120710173712
105554,12.113593191792777
105555,7.871646310514231
105556,9.014353873130839
105557,7.090996062396234
105558,7.305065907534335
105559,9.020102886484567
105560,9.10593015526282
105561,13.079494347511655
105562,9.80369193530618
105563,9.099326164714913
105564,9.416482080931004
105565,7.156248440007256
105566,10.024795208571447
105567,12.402341765912237
105568,14.323564943195446
105569,10.76714278548369
105570,13.020988998001616
105571,6.641042840447194
105572,7.716272376452051
105573,8.358541228481268
105574,11.716826382744122
105575,10.830628824197575
105576,6.671091340037364
105577,11.636889311913702
105578,8.963184117505199
105579,4.544573345763922
105580,7.647905164903037
105581,10.215012223328646
105582,9.76920806973923
105583,6.16974531169023
105584,9.734784569651085
105585,14.444722049560477
105586,12.532875715620682
105587,4.802420745562357
105588,14.531485679924412
105589,8.873079320711868
105590,10.861666017776548
105591,12.14200420053795
105592,6.745566126869832
105593,6.008961128187243
105594,7.4208893391466715
105595,7.885968466547728
105596,10.802004183169306
105597,7.311856679141215
105598,8.172337367616622
105599,10.275612317924956
105600,8.572977713745713
105601,9.34779307992073
105602,9.890177809159033
105603,4.104756402136008
105604,9.570409040778543
105605,9.636316462986441
105606,8.580860758337975
105607,6.786276623324201
105608,12.321028202332926
105609,7.027185612347333
105610,9.096379013782059
105611,7.557369591758004
105612,8.040630037413868
105613,12.741391770951857
105614,6.625751584721987
105615,9.993396688822354
105616,5.028984716612278
105617,10.08404283920328
105618,10.221686471551022
105619,7.4789847941230025
105620,8.528778410885582
105621,9.520809139408332
105622,8.912798143057604
105623,8.457584682707386
105624,10.517748768595407
105625,7.336211596458748
105626,11.076496228478572
105627,9.961614503862615
105628,11.118752713030222
105629,8.36650858839137
105630,6.876253175465463
105631,13.632339313591268
105632,7.879775367369956
105633,10.533777384244186
105634,8.036287305832582
105635,12.330496216782539
105636,9.305226772457733
105637,8.343113962244002
105638,12.3846973917905
105639,6.4154156997794685
105640,11.87140882569988
105641,4.897138421660544
105642,7.43376663396472
105643,9.494268154412802
105644,11.279879311473149
105645,14.286823045419151
105646,9.83549883532955
105647,9.534728738629898
105648,11.428411013378668
105649,11.532626588315654
105650,9.279820662271533
105651,11.350116800273375
105652,16.515897747488673
105653,9.0139900034418
105654,9.492681731691608
105655,6.6341913724004655
105656,9.00332847350975
105657,10.89259789159323
105658,7.286499891447728
105659,9.961709080790428
105660,8.333866824358628
105661,6.404209045148184
105662,8.514340087863307
105663,9.790685438021827
105664,12.86580387229798
105665,9.437471895914637
105666,12.183913371537294
105667,7.136695622210499
105668,11.490575749580747
105669,12.312047739043914
105670,9.991563476335307
105671,9.034950159702188
105672,9.62095900212096
105673,15.157172803357033
105674,13.419180140905928
105675,8.657834953682478
105676,5.600317916309898
105677,8.672810136456674
105678,10.044346306457843
105679,16.431257963255852
105680,5.008048879447379
105681,11.82537941245118
105682,11.10535909690347
105683,10.572283115429746
105684,6.989373885842835
105685,6.141855714399789
105686,7.561814266763156
105687,9.616438304483403
105688,17.940730780929858
105689,8.573220763875904
105690,10.405803918005756
105691,15.434064302627226
105692,8.91655829348053
105693,10.989821498340913
105694,6.696526160046109
105695,10.612709543455429
105696,6.947190155377193
105697,9.126835705656024
105698,10.610343117690142
105699,14.343499351270435
105700,12.898208110359144
105701,10.573042537052771
105702,16.523867080224914
105703,5.585008430622184
105704,8.223442583839795
105705,9.762725030020116
105706,4.705088710825775
105707,11.828272835839158
105708,9.284096432086496
105709,8.380518096683849
105710,9.007862856738827
105711,10.06703990640257
105712,16.121123017946182
105713,10.574208635088665
105714,4.264079590374594
105715,15.113323851822566
105716,9.893111202985242
105717,12.233358622952585
105718,10.50256730392262
105719,7.822312574479786
105720,7.433795452908122
105721,8.99145984613043
105722,9.845082481384345
105723,9.284083862073548
105724,8.503498810527999
105725,7.641810622166335
105726,4.846352162738766
105727,9.959912499342963
105728,11.000157500897974
105729,13.392041510064914
105730,10.426479458202682
105731,8.895937543077725
105732,12.358294202267974
105733,12.620237298771482
105734,10.233331997640041
105735,9.1845941985463
105736,12.019456411932003
105737,7.453942508183468
105738,11.62725284161313
105739,11.387786846164236
105740,14.163521295027895
105741,11.509028671838394
105742,10.844396553150329
105743,9.446094905511103
105744,5.018853542089055
105745,14.795655270604911
105746,8.996497425867606
105747,13.493016374202563
105748,11.502717717082469
105749,7.610722761682139
105750,10.576885506277991
105751,12.061381429361969
105752,13.342326582773001
105753,7.598276369619834
105754,9.46366450759773
105755,9.527593129307796
105756,6.862694584235878
105757,9.367320599791167
105758,12.542828171423505
105759,9.021308252027492
105760,10.237957896463667
105761,9.3267226350418
105762,10.179694573683445
105763,9.008101865207227
105764,8.21118726509388
105765,9.076013223682894
105766,7.238016308644577
105767,9.161414223503582
105768,7.292293961245771
105769,9.257250925681074
105770,10.090314451294034
105771,8.129829989670931
105772,7.595380087119253
105773,13.467110927999641
105774,13.856190491790608
105775,10.420313041396218
105776,5.583236392203752
105777,11.546811083492267
105778,7.001027856799098
105779,14.36941094098367
105780,10.71098029493957
105781,9.481927928665858
105782,8.027010716338422
105783,6.739458313213829
105784,8.605604508546481
105785,12.571297872759981
105786,10.000082307784488
105787,6.8666452616845195
105788,8.500326108430624
105789,12.778055840507804
105790,8.902734103193131
105791,9.678637289125453
105792,14.149585137057636
105793,8.561626758083287
105794,9.00465274590078
105795,11.753632560748594
105796,9.600208089653853
105797,10.091371993180193
105798,10.28163427199328
105799,6.628242660205468
105800,12.318988975526292
105801,10.175649990701435
105802,14.619910221308498
105803,7.4199444567097075
105804,8.644492515608034
105805,5.194272512339083
105806,10.868965837673628
105807,9.461013983798084
105808,7.171238009452074
105809,6.610382534598922
105810,10.454574607089025
105811,9.680193995917108
105812,11.747091101040485
105813,10.228880714469387
105814,11.1893920996513
105815,7.748009020744691
105816,9.918200367318068
105817,9.512120462771318
105818,9.322190236177097
105819,8.381589145395862
105820,8.33912627362503
105821,10.294353057832161
105822,10.674155508444557
105823,8.26017627697372
105824,6.498556891132374
105825,8.20377993253699
105826,14.529487662139505
105827,8.531732295508132
105828,9.477417564641101
105829,7.2454735530208705
105830,11.529051275131689
105831,10.400732675905095
105832,10.416017662237364
105833,5.915205763684155
105834,6.746164936687089
105835,9.63006281221916
105836,6.953529854772244
105837,5.5245778264529335
105838,5.967753942750093
105839,10.255464822616517
105840,9.907340100741632
105841,6.259669982267759
105842,7.368011889815321
105843,8.679092238260624
105844,9.747458685063684
105845,15.78291003203761
105846,8.317509070875895
105847,9.202860110054948
105848,8.999022329217587
105849,11.327889300757588
105850,11.021233113126879
105851,8.170374277504383
105852,6.43953134474704
105853,6.3419094752753
105854,10.439254415646015
105855,6.948822544879407
105856,6.7997543774772895
105857,5.092529774123404
105858,10.643080073333289
105859,11.31638571634207
105860,9.373430000261875
105861,11.644985657162456
105862,8.504652584254561
105863,10.696957672629768
105864,6.5845280644513
105865,14.359362564288233
105866,10.10010054649801
105867,9.11239061594181
105868,11.482599653073674
105869,7.5348808254452235
105870,8.945708673427616
105871,13.494530626621426
105872,11.171631009968717
105873,9.083795077412859
105874,12.267066799452726
105875,6.50791367899448
105876,9.574281144368864
105877,8.238310568196942
105878,9.161179712775674
105879,8.881052285606854
105880,5.832129179610366
105881,9.936336293293973
105882,14.819354120402187
105883,8.399219772953785
105884,6.868492922373413
105885,11.07144206900669
105886,5.014254163354352
105887,7.3782675961121456
105888,7.034778104051289
105889,11.641354732516897
105890,6.9523289908081125
105891,11.91958513531913
105892,9.78216752009402
105893,8.900949064101914
105894,10.218272965937345
105895,9.471313212304576
105896,10.552667823799691
105897,13.100484157899663
105898,10.54767167548869
105899,10.56808681503118
105900,7.808914757751813
105901,9.253871019560973
105902,7.544310163069774
105903,9.197636774207586
105904,5.7939880437209705
105905,11.057076146388766
105906,11.353341160810178
105907,9.635598580468917
105908,11.016326802026418
105909,8.310252971710664
105910,15.841049417125756
105911,10.294731958782734
105912,9.805279212783718
105913,8.121768340223786
105914,8.36559903134298
105915,10.234984917312405
105916,9.183761002294736
105917,7.196136320210705
105918,9.149391141042042
105919,9.945618869068728
105920,12.11256065237696
105921,5.998984679086106
105922,10.796968777559162
105923,16.167956832446567
105924,10.8868738182944
105925,9.797055939166233
105926,9.269247512749512
105927,6.291158244734339
105928,9.55519641753928
105929,11.760388692157129
105930,7.381212550786833
105931,7.228457573982922
105932,10.366250959856607
105933,6.458493028653471
105934,6.811859507615499
105935,7.943876076268117
105936,9.73759973902597
105937,11.05812408579198
105938,9.67872977801662
105939,11.046442416590535
105940,8.020735357306426
105941,9.925821443468333
105942,7.224743458490596
105943,10.922620111022576
105944,6.22603399153612
105945,6.157580847089543
105946,7.1693527302456515
105947,6.878269570644131
105948,10.728729846109001
105949,14.948121907203893
105950,14.43051894302964
105951,11.300270532960564
105952,10.016127794951926
105953,11.175335944768156
105954,11.553426507408828
105955,10.215886425444342
105956,9.699498647511458
105957,7.370527148436831
105958,8.364087521398485
105959,13.23592824539297
105960,9.121458892845713
105961,11.337323393302333
105962,9.31234755620705
105963,12.79464092904536
105964,6.823068932526665
105965,7.175941102793281
105966,10.59233094070824
105967,9.527506782103773
105968,9.352686749539458
105969,9.732347241448311
105970,12.60307447095446
105971,10.078526064104196
105972,9.43476207166649
105973,10.787641116738234
105974,8.764275357969604
105975,8.289083582457689
105976,9.717115602230162
105977,13.37555656090635
105978,6.728560280989508
105979,7.647910599996256
105980,10.20441454699623
105981,7.755286314323703
105982,11.575798419526757
105983,11.416307949564219
105984,8.538124773193314
105985,13.676261282213972
105986,6.12158439043796
105987,9.193290694677229
105988,8.214931525867053
105989,9.83177928313172
105990,9.05789165352758
105991,7.210788616925446
105992,9.572610687510636
105993,11.717483833329164
105994,9.462069038667881
105995,10.96122691250061
105996,8.92538791681975
105997,8.853216412448838
105998,6.638912964261044
105999,10.378490664359939
106000,7.4447678926617105
106001,7.031175842249825
106002,6.4102483380918045
106003,10.399871848265892
106004,16.117032411049056
106005,6.054825713484229
106006,6.525262866289023
106007,6.461738721229821
106008,9.763763655750083
106009,9.83287248634178
106010,11.761132003560757
106011,9.216046799047223
106012,8.687168621661232
106013,10.395362193302564
106014,8.855483699536775
106015,8.756844792956931
106016,17.125375484141905
106017,8.532013679749758
106018,7.928239483030734
106019,12.658746304009963
106020,8.253355534611458
106021,10.257310603833314
106022,10.220928258743768
106023,7.720454482947448
106024,7.449121348177675
106025,6.720199739055522
106026,5.98345599084129
106027,11.471327596564572
106028,10.042960112823755
106029,6.145951099239218
106030,12.180511405450428
106031,8.324880283315952
106032,7.907502267637382
106033,10.283716657261797
106034,11.533573711098231
106035,10.750942369020494
106036,9.455155582711823
106037,4.373354505102669
106038,9.331753562102158
106039,7.790910809397239
106040,13.728454281800373
106041,10.15005504201002
106042,5.577695885147167
106043,7.253805191700745
106044,5.0285997589380464
106045,13.953613825404144
106046,13.455589836573338
106047,16.718110465330497
106048,10.288194059444749
106049,9.612777383068476
106050,11.422054222950505
106051,8.411185597801863
106052,9.989167704126983
106053,8.533589952220739
106054,8.910175149696748
106055,4.943145812477631
106056,7.010406826273552
106057,8.477161293532795
106058,8.8283868284684
106059,5.484357653601287
106060,13.016798486530703
106061,5.644704315162433
106062,6.246801136676277
106063,8.423733093117287
106064,9.810288604473483
106065,12.736894125473935
106066,6.634995807936778
106067,6.454668267229612
106068,10.039799992474522
106069,9.030015432906517
106070,11.652854970140421
106071,10.348040556017438
106072,13.745243259265894
106073,7.524154502459328
106074,8.48318991243445
106075,5.207278123977331
106076,7.934923136679896
106077,9.58073005709979
106078,9.594242483474495
106079,10.02041047044266
106080,12.929591182551434
106081,7.265537533626562
106082,9.075750311075671
106083,10.590851039935
106084,4.099034676111057
106085,9.944164160182277
106086,10.272561939767714
106087,11.136011116585413
106088,5.70780672974425
106089,7.699927254345569
106090,9.859908690712846
106091,10.124966305849657
106092,9.707718875530649
106093,6.652360128998457
106094,13.03293254604775
106095,7.110851755217344
106096,10.042014323073735
106097,9.60524319692831
106098,8.03443980329293
106099,9.271544191542556
106100,9.3944052074005
106101,12.433703477684597
106102,12.924454729541935
106103,10.995146025782649
106104,8.05624213767771
106105,9.643287488933694
106106,10.260284389646964
106107,11.328976743024054
106108,10.947990982062318
106109,5.764288546400795
106110,9.09985232594373
106111,9.107629684449
106112,3.9635028829929304
106113,7.041238100615182
106114,10.505697125062664
106115,10.9469274815137
106116,9.495847807220267
106117,11.284092764836533
106118,7.964620701043425
106119,7.002204478736336
106120,10.286222500548373
106121,8.81082624687161
106122,11.873456415117602
106123,8.728424845308124
106124,12.79967916927453
106125,7.543189832440926
106126,8.604216351569525
106127,10.563774300318048
106128,13.532259891531202
106129,7.282251976764873
106130,10.47795036817162
106131,14.392299833707222
106132,11.255306609870255
106133,10.65539597762025
106134,11.389309266693592
106135,5.624349889138072
106136,13.519093579875872
106137,10.650584596534657
106138,10.108294503984947
106139,11.839217548547841
106140,4.229560098077322
106141,7.184095744494033
106142,10.838608033445984
106143,8.279523203379114
106144,6.522276064416334
106145,9.325206604816394
106146,9.423813929782535
106147,10.479784047101225
106148,11.331375405602191
106149,9.08111834785199
106150,11.48852191494507
106151,8.324367364524928
106152,12.634874544235746
106153,7.272698470793148
106154,9.580220656694651
106155,4.869551137293744
106156,10.231468741192934
106157,7.898146672137638
106158,7.744295991917639
106159,9.971405344230469
106160,9.582234106135553
106161,12.230927416486024
106162,8.625045759901926
106163,9.60128843104376
106164,8.677471811959865
106165,6.363154960050141
106166,9.897126273330755
106167,10.910097649664333
106168,7.948980870865074
106169,10.113337797738996
106170,10.042465136534627
106171,7.906247869664502
106172,11.317199784896669
106173,5.54305481107729
106174,11.928923914831756
106175,9.391942324438805
106176,9.018928952992296
106177,16.397352042706185
106178,5.6320168856635435
106179,9.821547667890664
106180,7.2741575337077276
106181,9.315809755051195
106182,11.083123552946073
106183,4.3266584256016225
106184,10.039803976746125
106185,7.472568208598237
106186,10.569861462834023
106187,9.39401550697597
106188,11.61205663522081
106189,7.850266073971073
106190,9.408598122614166
106191,5.436238771065978
106192,5.620023654766965
106193,9.129902150593857
106194,13.174444855270455
106195,12.585098490909495
106196,15.523472836581163
106197,11.651077722408008
106198,8.201772817948456
106199,9.783110727792568
106200,8.235689625624214
106201,7.077296258826354
106202,9.974963274779816
106203,10.866310471057034
106204,7.02648229493593
106205,10.833869799030865
106206,6.035846958925056
106207,9.493286391209256
106208,8.238348389090842
106209,9.585158305370335
106210,9.77093150755783
106211,18.13010749783719
106212,9.803685776174298
106213,9.328671604814819
106214,9.71268368957046
106215,8.856378927595262
106216,9.154271869062132
106217,9.425452327897206
106218,6.742724730551546
106219,9.07381647585937
106220,6.670010693196238
106221,8.373999516709892
106222,8.286700790301031
106223,8.08558635716101
106224,6.240157625949908
106225,9.972042551866187
106226,4.313145778051025
106227,10.668099892103715
106228,7.174412691882836
106229,6.813421206894921
106230,16.48163679890415
106231,7.583622340124199
106232,10.166909448799979
106233,6.76421045678476
106234,9.695941480682484
106235,11.44480834416225
106236,11.060800551067752
106237,12.443155492592659
106238,9.285880719145183
106239,14.894073051154951
106240,4.553235991531188
106241,7.342514910902153
106242,9.766650096207503
106243,7.468018173937847
106244,7.452652494850976
106245,11.192452892660405
106246,9.79079969241393
106247,9.553710278294309
106248,9.349856162235119
106249,9.48664319275954
106250,11.967762848497689
106251,7.368314477127162
106252,8.823716530245912
106253,12.865762933073672
106254,11.610902122958953
106255,9.738992888212499
106256,12.241763300332781
106257,9.384219840924478
106258,11.044278404337874
106259,12.585214578213913
106260,6.707025811722661
106261,11.02952104820298
106262,6.5566653256743095
106263,6.809337148256245
106264,11.294752684511703
106265,10.438744359622667
106266,4.398642973537937
106267,12.328112641351606
106268,11.717471219453447
106269,8.266037734005952
106270,12.263376836343353
106271,6.134634691210542
106272,7.371801090995083
106273,9.364614543789095
106274,8.908992860077763
106275,7.3620672778390075
106276,9.446059086274794
106277,11.074067606569917
106278,4.4176971502661875
106279,9.917695294287709
106280,9.415579577589316
106281,8.974174762348163
106282,9.112656834858216
106283,9.511156832145197
106284,10.086754910861018
106285,10.553078792613043
106286,7.159486014474682
106287,12.224198689049354
106288,11.812785282145095
106289,5.863759077534364
106290,14.755766758269184
106291,16.35648334684139
106292,9.400751086185231
106293,11.529760177735772
106294,9.132761179839083
106295,10.183108100898028
106296,6.552482601018927
106297,11.958471206356558
106298,6.996435515212613
106299,6.96414205385903
106300,7.905645900833595
106301,4.581706363019032
106302,13.724432860763875
106303,8.27588819947169
106304,8.229906621961408
106305,9.982316088881436
106306,10.350523469203221
106307,6.043844448133942
106308,11.193481961365567
106309,11.670398757525259
106310,9.637262937578251
106311,8.537729523806176
106312,13.285434180094109
106313,14.66784859411801
106314,5.147997444308389
106315,6.319129541368258
106316,13.789056257054389
106317,9.814681548588643
106318,12.331188605339694
106319,12.31679964555744
106320,8.279148002735779
106321,17.251449848331585
106322,7.436050643109171
106323,10.34342666145266
106324,13.255424428639895
106325,11.599776857929086
106326,10.36622113254491
106327,11.530108897470802
106328,9.039196203555983
106329,14.392241684621348
106330,7.552820031333068
106331,9.703917175959559
106332,4.963404736968024
106333,9.095553737934006
106334,12.807915957962782
106335,8.175011720831044
106336,15.334910642516084
106337,10.354652738186227
106338,11.628423731360611
106339,9.23592285422978
106340,8.827894974748345
106341,10.13106709528306
106342,10.62198862598344
106343,11.917041245691438
106344,11.364250161667613
106345,11.495542919544173
106346,12.915410374950207
106347,7.589022964820581
106348,12.263738320166748
106349,18.311217670919092
106350,12.334704926498272
106351,8.213309328944835
106352,7.4073127048265235
106353,7.227920479308629
106354,9.116728771631522
106355,7.00689399934501
106356,6.889659911362931
106357,9.146677924610858
106358,12.808000000270038
106359,6.870003487775833
106360,13.045488527743753
106361,9.239188745297984
106362,11.515112210527784
106363,13.867572062965996
106364,9.8409742197228
106365,9.267291779946806
106366,5.120498010724243
106367,12.611913171249855
106368,7.27568092871334
106369,8.693276235633178
106370,7.096001169093476
106371,13.228937101718031
106372,7.464262144404577
106373,13.232671308099674
106374,12.89969387236718
106375,7.546182124213303
106376,15.861892489393824
106377,10.630389305409306
106378,9.560584564538484
106379,9.39084467035579
106380,7.0513855134550525
106381,13.652463138414964
106382,8.825943671448123
106383,10.965714097848688
106384,12.216679764635172
106385,12.467138976452452
106386,9.932569055660021
106387,8.811924987694615
106388,9.619911629423893
106389,9.553103418882142
106390,13.836797952928299
106391,15.108398568960563
106392,5.7373409803010755
106393,5.517519977490754
106394,9.946674049231301
106395,14.207700516702236
106396,6.336276415205328
106397,7.423400026676246
106398,13.774889705913385
106399,12.487634123806556
106400,12.503278297045856
106401,8.287297629583936
106402,8.234319729944223
106403,10.73469283654023
106404,6.955556333657237
106405,9.473234523413199
106406,10.12959126472489
106407,10.459777376479007
106408,7.742743736393639
106409,8.331411263282815
106410,6.549338974621098
106411,9.220856586428322
106412,10.846211055686759
106413,11.042024705991544
106414,10.015752634573285
106415,8.969480325681653
106416,11.484263615857849
106417,8.98189817752882
106418,10.764850386126318
106419,11.875098200236964
106420,5.035652981997584
106421,11.538680736152639
106422,8.90643107061422
106423,8.998770436815448
106424,7.187444156206546
106425,7.742196767628343
106426,8.353621181662275
106427,14.189906587789945
106428,10.032252341140529
106429,8.558809010864259
106430,7.529773202928993
106431,4.324724820954275
106432,15.171702962779932
106433,5.101036763438374
106434,6.461317102546246
106435,10.935143417705895
106436,8.477440972914376
106437,9.775554940135992
106438,9.47551643566561
106439,7.294915950010517
106440,7.078780361097655
106441,8.668177139118262
106442,7.090993456062814
106443,8.990560081042947
106444,11.966401084138834
106445,8.271821437353607
106446,10.950631558954147
106447,11.431584431723515
106448,9.686519907705122
106449,10.325793885105272
106450,14.137884953173232
106451,8.338351073252525
106452,7.462446421345936
106453,9.35690667346731
106454,5.576412513118322
106455,11.41762236009254
106456,9.563046768276093
106457,9.560550495520413
106458,5.051750491434946
106459,8.763475866367347
106460,11.00097811976208
106461,11.354177935011439
106462,8.15852909220187
106463,12.208669920013659
106464,5.50030602386692
106465,14.965595890016015
106466,12.26028533140494
106467,10.528666665182786
106468,11.767161144399251
106469,9.724069858722922
106470,11.276153512105665
106471,9.405825550296276
106472,4.336087114949658
106473,6.697559640683593
106474,11.105718676247658
106475,11.46169928276133
106476,9.201709058833888
106477,10.087668297022537
106478,7.0086349936349945
106479,7.366886424026855
106480,9.587273988245254
106481,8.376141343455789
106482,9.814516293847328
106483,8.897171480308057
106484,9.064533075005833
106485,5.503696967261382
106486,7.597291134066731
106487,11.204573197992165
106488,12.3848172962897
106489,8.271036919079963
106490,9.427750579357923
106491,10.270085273446409
106492,9.89228974957957
106493,9.964859989059196
106494,8.276036825535636
106495,8.341284281629243
106496,8.390263965691805
106497,9.441964588729103
106498,8.81869954269403
106499,6.411108813263269
106500,13.42069730510767
106501,9.453112034094612
106502,16.005854175098754
106503,9.625605130834083
106504,10.770055150038088
106505,6.508594984543815
106506,9.346864159521946
106507,9.378522010987474
106508,16.35325489086128
106509,12.095543371230626
106510,5.695468583075652
106511,9.143148981977287
106512,7.758677618749841
106513,9.709023918443535
106514,8.955979378625466
106515,9.356322223564408
106516,8.49722003159265
106517,12.945855351023045
106518,14.032333208360843
106519,9.909141848040395
106520,9.144825830184022
106521,10.705307840688558
106522,15.104402313723142
106523,7.475669404410915
106524,6.1883730345684835
106525,6.272817927915036
106526,9.63382541087444
106527,4.401207472439475
106528,10.010313375017523
106529,9.612197652899656
106530,10.460220250193345
106531,7.364981140397866
106532,7.626970106255041
106533,9.869386567408686
106534,8.896079624504264
106535,9.963333185928217
106536,7.542751944706088
106537,8.892058899160006
106538,10.142799943196945
106539,10.595835202619785
106540,4.2004560037723815
106541,10.983805803160426
106542,11.61490879872709
106543,10.811207848389428
106544,10.42879256020159
106545,9.469900760910136
106546,7.018580342549242
106547,10.336863082773862
106548,9.515094014374554
106549,14.11012317166367
106550,10.229777680068633
106551,8.205914855561023
106552,8.194318046752311
106553,11.96666839517338
106554,9.671158664708404
106555,11.369750120475123
106556,7.644655895353091
106557,9.673624175303068
106558,8.331479858119241
106559,5.675045229354726
106560,9.736311367656505
106561,6.905773427372658
106562,9.03677100346243
106563,7.995082732355016
106564,8.412314417614292
106565,11.933053340165722
106566,8.675680413053744
106567,9.482599909091743
106568,8.456981169971039
106569,7.9536036559246215
106570,7.10972435843496
106571,8.889723506063593
106572,11.876408713000535
106573,10.968998845040664
106574,7.736579819661438
106575,8.996891726479193
106576,15.286285045736864
106577,4.978499989245988
106578,9.77980764569108
106579,5.373810320577454
106580,13.169120883020643
106581,8.760342937748444
106582,7.845001817317121
106583,12.524561411620816
106584,8.685931239614193
106585,10.026211809259056
106586,11.213647563213167
106587,6.745405338810886
106588,4.999120213448176
106589,9.1998215532011
106590,8.24730636938746
106591,6.937600245040356
106592,9.483467571640187
106593,9.664990788613872
106594,8.014166072648013
106595,8.327713007552033
106596,10.206343755536107
106597,9.543898049241886
106598,9.974728680884192
106599,9.841710122999094
106600,9.960451911386127
106601,4.104097622287173
106602,9.560209831789146
106603,10.089552362021868
106604,11.51484014440636
106605,9.710370891428656
106606,11.337600767974747
106607,13.45942472913183
106608,10.447239085841918
106609,8.201719907312464
106610,12.598363413779023
106611,10.758143335886109
106612,5.2411327700270816
106613,7.14731072423748
106614,13.738795563649955
106615,11.037281347701219
106616,15.743325440108686
106617,7.158109316652857
106618,4.620120061525062
106619,13.206219058031717
106620,12.506387642949054
106621,7.31992682856841
106622,12.975206344813497
106623,8.922883308192697
106624,10.528463665327996
106625,9.937748365203937
106626,8.22066674998521
106627,11.516529151825644
106628,15.778980888967117
106629,11.159814439564055
106630,11.462076491912763
106631,9.654812027593945
106632,8.934260515029683
106633,9.467950396516946
106634,10.17663928514001
106635,10.577092952866966
106636,8.324566726905697
106637,7.996286371246387
106638,8.0480464599846
106639,12.312192948115534
106640,8.396902133990832
106641,7.015188797510613
106642,5.054371806759628
106643,7.891827425938237
106644,10.11659009434226
106645,7.052713560395931
106646,8.41128744504455
106647,6.583236978257197
106648,16.70818390793396
106649,7.698522198853885
106650,10.909724731572641
106651,11.605935702958948
106652,8.073761073831935
106653,6.464234588825816
106654,13.605611917709274
106655,9.58093042147885
106656,11.610679311689328
106657,11.169462502174781
106658,10.747187398871281
106659,8.872470351635046
106660,13.929719610760207
106661,10.460598096895364
106662,8.616908519004681
106663,11.614731036092625
106664,11.493223070727687
106665,7.207741749329019
106666,7.790666729380955
106667,14.482513400883459
106668,9.755077419119738
106669,5.165636361786632
106670,6.564591386620021
106671,11.594308599058262
106672,8.639786465058771
106673,8.0636303058268
106674,6.614582619230696
106675,9.616072413349034
106676,6.582804026536797
106677,11.035881690626237
106678,10.349189775189721
106679,9.749091951726621
106680,7.4699376885689235
106681,13.17345409142967
106682,7.010108528538067
106683,11.795436673753914
106684,9.920494560421993
106685,9.393827691396728
106686,9.851495272066225
106687,5.124395667688477
106688,8.695155106117202
106689,10.31194273602016
106690,9.553719606742238
106691,7.965131597688393
106692,9.778919594678277
106693,6.689804497956007
106694,10.662601250337882
106695,8.514029875461208
106696,7.405791521076329
106697,8.53471231921519
106698,8.940602837287
106699,9.34091903709334
106700,9.56306282113589
106701,6.4890157754840105
106702,8.541982360110813
106703,7.667189477210724
106704,10.85901351905248
106705,9.892136451383436
106706,11.145552123983395
106707,9.792571136127188
106708,7.141741874986886
106709,14.039902114008962
106710,8.014817642059338
106711,10.548572765237068
106712,9.595848703303009
106713,11.828280223613385
106714,4.836448346120298
106715,9.642715343731865
106716,9.128151496837166
106717,6.73157622439579
106718,13.37615160241451
106719,8.460905113083896
106720,7.958240808020721
106721,13.239376786912464
106722,10.558715803031228
106723,14.202980379099369
106724,10.454257321732559
106725,8.63414311243668
106726,9.649695751820195
106727,8.457126223353958
106728,7.572225553597176
106729,10.304455892469447
106730,12.92453616441721
106731,7.712282998607757
106732,10.010960151074743
106733,10.53466119348271
106734,11.203116323847476
106735,9.266717103957616
106736,9.208389157279333
106737,8.032357921098383
106738,13.956881583946602
106739,4.426794479048308
106740,12.022503865145266
106741,16.09126133941035
106742,7.302150079074766
106743,12.938307044301089
106744,9.87574627758173
106745,8.822403827786475
106746,7.5964156534911185
106747,8.798692893112252
106748,5.989122133380993
106749,8.320005777624406
106750,10.594428570787665
106751,10.361825887249482
106752,13.730322735832663
106753,9.764263123905348
106754,11.20749817945926
106755,12.193652002966251
106756,8.372946876919505
106757,9.544277883939065
106758,7.408896580001278
106759,11.182490380004694
106760,10.4047941886578
106761,8.792776557200181
106762,4.155086765376091
106763,12.791198849443816
106764,9.583300180435106
106765,8.44901314233839
106766,7.74469234856559
106767,10.896587208795335
106768,11.235077158372391
106769,9.649075438346255
106770,11.264654870466154
106771,11.358339152198967
106772,9.742298609181015
106773,4.563137895097644
106774,7.446328167533061
106775,6.935560353254526
106776,7.889377616964529
106777,8.358719872030743
106778,13.034928323287648
106779,8.723384992772079
106780,11.626078973296872
106781,16.68562855800078
106782,9.270041478113619
106783,8.43926409629444
106784,9.141886526358693
106785,7.53770981572597
106786,10.766471304594848
106787,12.175441652625063
106788,10.041552570246095
106789,14.40372382858509
106790,12.439804032468524
106791,10.617198143069377
106792,11.161455833815586
106793,8.431517429238758
106794,9.424754966589067
106795,9.16292415660612
106796,8.5080520848304
106797,4.924512632066549
106798,12.784264028923147
106799,8.122804466868175
106800,9.357655070605123
106801,11.817951575164338
106802,13.163024420202731
106803,10.81604451574314
106804,8.187239829447948
106805,10.39446538943751
106806,8.87965509118635
106807,15.006137477402072
106808,6.889906380069517
106809,12.391066150183818
106810,10.095026326077475
106811,12.25193006843695
106812,9.694422531011481
106813,11.595555097393085
106814,9.016681878052863
106815,7.7180123564293455
106816,10.20286973727521
106817,9.398639464499828
106818,11.161608139869168
106819,9.505641997633116
106820,8.532709954278634
106821,4.361120404851402
106822,13.934224137397667
106823,12.626084731344474
106824,5.253077775743317
106825,6.335649923559293
106826,4.64722649794845
106827,8.967116667968156
106828,9.95236667251579
106829,14.114086211603436
106830,11.711344282740665
106831,9.929964473174948
106832,7.8339407139563635
106833,6.518864441206487
106834,7.898410843570227
106835,11.994842109594071
106836,6.339729835777848
106837,10.354183242646922
106838,9.258936693978999
106839,9.481858889027986
106840,9.253280934046742
106841,8.83861557411174
106842,9.374930189643212
106843,4.127184459356845
106844,13.993090172563726
106845,6.8194726439001006
106846,15.681258873567543
106847,10.788031093837844
106848,7.898312720920006
106849,16.92641760203893
106850,7.974641024415789
106851,9.155452001982818
106852,6.598849698267718
106853,9.085801626612517
106854,10.167877566493342
106855,7.879137770021215
106856,10.375337409757112
106857,12.701970146344902
106858,5.60603076015755
106859,9.813105705903705
106860,7.635924604618218
106861,8.3421719682273
106862,13.655263470395477
106863,9.302880820620025
106864,10.538883465373624
106865,9.765868227998983
106866,13.390607946120246
106867,5.832743662421754
106868,5.81156900451538
106869,13.534450973196215
106870,13.024493213747434
106871,7.2903282983140345
106872,10.573562491652705
106873,16.28029290849038
106874,11.67820863576044
106875,12.148753969980715
106876,9.584276201157468
106877,9.773650971275941
106878,8.381639612679084
106879,10.889686138014834
106880,10.050223125389351
106881,11.61113331129334
106882,8.587253675135315
106883,6.653369989402847
106884,13.314942159727138
106885,9.287716079210876
106886,9.63796356401389
106887,11.073355969764336
106888,7.736318843268014
106889,10.103357941229106
106890,10.248886249878641
106891,11.189124524534218
106892,8.777689149823454
106893,9.456882496980926
106894,11.426940146066809
106895,6.115121398862142
106896,8.6993598096375
106897,15.96552154081524
106898,9.940819993897389
106899,10.113236251392483
106900,4.426505245001885
106901,7.333530287798665
106902,11.950189396842154
106903,9.467130640922871
106904,8.702774539992587
106905,8.981292486853828
106906,10.51504837419588
106907,9.619256692896204
106908,11.295608977863242
106909,10.003062737027683
106910,8.548454235595209
106911,5.634616931759991
106912,10.63098253342053
106913,12.08599867767007
106914,9.512226078692974
106915,9.852165460690468
106916,8.44574167103564
106917,9.517870529306219
106918,9.4955524879002
106919,10.178378289760923
106920,17.144817374311778
106921,9.992388104616884
106922,13.214020601198964
106923,8.806936179480989
106924,4.308213256911868
106925,9.055227167833335
106926,9.962389538625434
106927,10.27510877863825
106928,10.983745757164858
106929,7.725826633200841
106930,11.912504500065145
106931,11.985399861880817
106932,8.416312171972844
106933,10.56810400539313
106934,9.412514981021081
106935,8.127612369627812
106936,12.38813088423628
106937,7.727044506621587
106938,16.710191614764668
106939,9.081812944421593
106940,9.471980574779277
106941,10.763143330940647
106942,9.757662129190306
106943,8.295586749266315
106944,12.791224894337189
106945,7.535628521975299
106946,10.914174039902205
106947,12.657514083238036
106948,10.035579301737751
106949,7.403034120590765
106950,13.538273446517033
106951,13.954747831998228
106952,9.23221610938821
106953,5.457160647644101
106954,7.232114126694765
106955,13.676094513994022
106956,16.343535615623995
106957,9.55826370292421
106958,11.583059526920382
106959,9.431350077635335
106960,14.019674228672798
106961,10.354100579685653
106962,10.816666533967062
106963,11.4081999972116
106964,10.361519297110975
106965,7.289899813064871
106966,11.568361035165449
106967,9.866475308597117
106968,12.606475380790213
106969,10.837174913320643
106970,8.863113938776612
106971,9.698650869253035
106972,10.087629040927578
106973,8.682107224229629
106974,9.450537634995337
106975,12.963192860190148
106976,8.45252965381291
106977,10.725757376529135
106978,9.278371353300859
106979,6.376223674900773
106980,8.24373216149743
106981,8.341861230212563
106982,11.007235413126475
106983,13.805364970910437
106984,9.227578753703943
106985,11.326206398461593
106986,7.322003733718451
106987,6.505512654215158
106988,4.959710853509401
106989,12.737433502112115
106990,7.620700656103257
106991,11.629451597823651
106992,14.448564494359957
106993,5.533295787163468
106994,12.769393889137772
106995,10.653134350810129
106996,12.41055750522105
106997,10.094593882149598
106998,5.375035028731216
106999,6.886191666794515
107000,10.044490714553781
107001,6.928483874486051
107002,10.47267825404476
107003,11.090353203966155
107004,8.035153758178723
107005,8.396893076099138
107006,8.388398290463133
107007,10.16001027383154
107008,11.313017622778313
107009,11.55674159841892
107010,7.32443999136744
107011,8.697761587272321
107012,6.759044961740878
107013,10.654697018933735
107014,6.9070648618912855
107015,13.937946694713057
107016,9.066905995641907
107017,12.406514399244813
107018,5.879761544259889
107019,10.092378523834547
107020,8.405367433458405
107021,11.95185711624642
107022,4.89144250798004
107023,10.574354174635161
107024,11.291352930121402
107025,7.403371658970545
107026,9.031021628897657
107027,10.742084127555062
107028,7.734145054170502
107029,11.605997665734781
107030,13.814766009050889
107031,11.70519861284031
107032,12.757121104648622
107033,11.058899459195944
107034,5.654123283475464
107035,7.321363777768352
107036,9.064137923264019
107037,9.567162395033787
107038,11.756740543562186
107039,8.915607164669606
107040,10.42722905517478
107041,13.720452108172694
107042,11.392283803087768
107043,9.873539622368813
107044,12.018580040308956
107045,8.963614565303724
107046,12.836778296889813
107047,9.323184151679461
107048,9.415746733244623
107049,9.3708358249607
107050,9.2307271590747
107051,10.726985676257167
107052,14.361239700965317
107053,5.513644511229835
107054,10.842029932018429
107055,7.537737448167286
107056,8.38858916629393
107057,14.756974458908449
107058,9.232557471566349
107059,8.979718657887615
107060,14.054156406977171
107061,10.1368889481103
107062,4.941128453741479
107063,5.778328766767254
107064,12.237999933017424
107065,12.276153343997946
107066,6.10662005574327
107067,8.341904631560812
107068,5.407371690858032
107069,7.656971055726169
107070,10.263863935376655
107071,10.782170714610519
107072,10.873738375522796
107073,10.170359219802778
107074,8.543015668904182
107075,8.086419061478512
107076,10.188851433070578
107077,13.292548667616108
107078,8.020558478719149
107079,10.468752883506735
107080,9.062220597585995
107081,10.223261489332767
107082,11.384343675108024
107083,11.599987109864184
107084,6.317925897261999
107085,13.157987012056102
107086,6.915027207809227
107087,9.205688402553713
107088,7.354608783535892
107089,8.81988041983422
107090,11.593685976058577
107091,14.056845957034062
107092,8.791281497011417
107093,10.925995864613244
107094,12.322318159698135
107095,15.969156448204842
107096,7.315118870259049
107097,11.996019770276673
107098,11.241715505131863
107099,7.818171559583616
107100,8.820845632826543
107101,11.40018619832108
107102,4.795265718498875
107103,11.321189994495588
107104,5.0736021462693275
107105,5.806519203754443
107106,6.909456516044083
107107,7.834563614685922
107108,9.416574387146055
107109,10.78084022865945
107110,8.609795092386133
107111,11.34688080018241
107112,9.019761961069644
107113,12.117425644978491
107114,10.440527447006627
107115,8.805910104178967
107116,6.935750812914447
107117,6.565326723907876
107118,10.509688930062904
107119,8.274878212978148
107120,9.506594729019586
107121,9.715109542270971
107122,8.645949915991817
107123,10.849223069829142
107124,7.074109689390371
107125,9.447862307450215
107126,9.251425729429508
107127,12.016706374313014
107128,8.9325227244103
107129,10.091952805069626
107130,9.702062850031231
107131,10.74954692792476
107132,13.23189119900097
107133,13.802537904873153
107134,10.644060679211995
107135,11.33853920684726
107136,11.02952272209592
107137,9.46075516611143
107138,8.89191528974363
107139,7.664883121567873
107140,11.219223901649643
107141,7.941540651605644
107142,8.569883681045383
107143,9.306648820100165
107144,5.611506076041247
107145,7.6385169315624895
107146,9.706984861422503
107147,7.20252183486337
107148,15.443168183358788
107149,9.909906778911203
107150,17.018691713601235
107151,6.85593003285683
107152,8.693099480395482
107153,8.386349041649135
107154,15.53596171161475
107155,14.731177041184065
107156,7.88925804595946
107157,8.336589330450915
107158,6.137561811054536
107159,4.759527827016055
107160,8.379919750072139
107161,7.090645059064785
107162,7.5004056283601725
107163,15.114177989223842
107164,12.523044122430374
107165,9.321116559100535
107166,10.804843548352157
107167,12.872891461486066
107168,11.453766931010142
107169,7.468500574483596
107170,6.392666670764331
107171,10.036234044804157
107172,14.725835484118198
107173,9.58960858328653
107174,11.13949534104829
107175,8.470657244351463
107176,8.13065116495448
107177,9.828958456532476
107178,11.30093697678307
107179,11.089066645308245
107180,14.91392986285112
107181,12.035268295804483
107182,5.941607696543066
107183,9.522637309019512
107184,4.998498923157969
107185,10.356482069004823
107186,12.108275581861632
107187,8.833718997334037
107188,7.437517660908793
107189,9.460653491115867
107190,8.572766103286558
107191,9.76286146545558
107192,6.482527893373404
107193,6.728041984450137
107194,10.25233434188779
107195,11.331675066486397
107196,11.549939260803374
107197,11.530611232860503
107198,9.04190215887372
107199,10.98059608875245
107200,7.65984508303543
107201,10.727560505007029
107202,9.245377015666907
107203,7.052106928361164
107204,9.195057047947765
107205,10.329370110789693
107206,8.440867329363778
107207,6.87554669471452
107208,12.573692155702458
107209,14.446914516245087
107210,9.12557355313427
107211,11.807134157068882
107212,8.818091961795655
107213,5.562146879816496
107214,8.00951090076703
107215,9.708571077144844
107216,13.735315385378593
107217,13.071110585619072
107218,8.57740496754187
107219,12.04962587977947
107220,10.507747839127207
107221,7.949937108921053
107222,8.225405432735013
107223,7.461854717798287
107224,12.911548499317623
107225,4.39311047796532
107226,7.950027106403693
107227,14.393300328628072
107228,9.064524133057475
107229,9.673423528749874
107230,7.4698714155266845
107231,9.651763258227701
107232,14.670520267478604
107233,9.264034859923372
107234,6.654787987208644
107235,14.962116398307142
107236,17.19062556295507
107237,9.090347983369442
107238,6.396369416477889
107239,8.427672855150664
107240,5.575699515004919
107241,11.734278766047176
107242,11.400181028479842
107243,9.002860489968008
107244,11.232468121171717
107245,8.683255358018574
107246,10.50564881684529
107247,9.025395875627224
107248,9.641594151647848
107249,11.908519823419756
107250,9.418402351821884
107251,8.31369430804691
107252,13.545857470755815
107253,8.505042109976525
107254,11.66207653047661
107255,5.051297959956002
107256,11.241659140147902
107257,9.798981860213132
107258,12.146645627591544
107259,6.617091539918721
107260,10.12944893341157
107261,10.522906712410009
107262,10.093934461557165
107263,8.849918097809105
107264,9.383752580186288
107265,8.506249048300116
107266,13.67816094685052
107267,4.5316845546302815
107268,6.241074793345964
107269,9.86417593870836
107270,9.373931763343574
107271,9.890099505646866
107272,10.527249613786823
107273,7.999672595655072
107274,11.476408290151847
107275,9.137557779199103
107276,11.841856057983412
107277,9.555180793285984
107278,6.855925160289351
107279,7.479232137794026
107280,12.583479028713013
107281,8.019875610377202
107282,7.375097926514341
107283,7.976285455979249
107284,8.204185824373337
107285,12.033462411798274
107286,8.67955345364106
107287,13.609264392668582
107288,6.119701566216953
107289,9.914016424463053
107290,9.627085848099242
107291,8.297799622425512
107292,8.346953573458396
107293,10.801762604284534
107294,9.678115458994984
107295,12.791132700026756
107296,9.151986328952118
107297,9.401418754620538
107298,9.136418290632156
107299,12.205884309093125
107300,12.643543276356018
107301,8.453599940890294
107302,13.924515768591732
107303,11.498061320958021
107304,11.848437684493673
107305,10.409785749168293
107306,7.678208888834547
107307,6.94435262508015
107308,10.080018104628815
107309,14.089956829767392
107310,12.187260260229516
107311,16.00108985351932
107312,9.755032340463746
107313,4.879775334546143
107314,4.994175692762189
107315,9.827649847821789
107316,11.331551576514823
107317,7.625188797393582
107318,11.847366096766455
107319,11.468794326461174
107320,6.236392231793069
107321,8.17393430559596
107322,8.780447338525859
107323,11.626985711592647
107324,10.686804535032461
107325,7.373092809683404
107326,4.2189517233987015
107327,8.213264928195393
107328,8.619328112262915
107329,12.345546998627507
107330,7.2678771427111215
107331,15.291559997149525
107332,9.526290822034664
107333,7.076014064729696
107334,9.331012817463693
107335,16.823126554719245
107336,10.082809986722662
107337,9.112966747685324
107338,9.095115240792211
107339,14.317350204099403
107340,8.644290904430196
107341,6.5929811103282345
107342,10.990275494677059
107343,8.943549536966888
107344,10.941313150639482
107345,6.837614569513886
107346,9.117610437355477
107347,9.444817355352884
107348,5.436259256226525
107349,14.182137753746696
107350,4.679824174112536
107351,8.976926555826306
107352,12.891793902790235
107353,7.38260804920573
107354,11.16859979183612
107355,6.780992306462163
107356,8.804629872399822
107357,7.896684211663784
107358,14.114868726106081
107359,9.771906571049508
107360,13.316113373254685
107361,8.745552775831937
107362,9.228386510417199
107363,14.730889183928895
107364,10.068923175701103
107365,9.744230490638206
107366,8.86566106699474
107367,11.12389745024487
107368,11.297657978457101
107369,11.704352046977842
107370,10.819004324513127
107371,9.917298345852057
107372,11.322171078915508
107373,9.35966754086255
107374,8.397652580067072
107375,14.129547269527398
107376,9.213422234818307
107377,6.129313752335939
107378,8.717290616710116
107379,7.705723079540883
107380,10.760953926691787
107381,4.521566544246548
107382,9.892665322555597
107383,13.082795337853847
107384,10.777642810412097
107385,10.949188365159664
107386,7.5891915469722475
107387,9.604676600342552
107388,11.482566268121442
107389,8.662342149468166
107390,10.277802268841013
107391,12.828732455285001
107392,10.076935373268284
107393,8.61696323949175
107394,10.057063141645429
107395,13.609238278406954
107396,7.4388728826990285
107397,9.082263398863583
107398,12.173330704138937
107399,6.459638259928575
107400,9.759989275287566
107401,13.074085424457556
107402,9.72404013122212
107403,9.026192749234157
107404,9.79435866537611
107405,10.464067545613403
107406,8.341956800335101
107407,13.04228182382
107408,9.893018178833628
107409,11.301621678825956
107410,11.624073898660564
107411,8.370962264821202
107412,8.344700849305363
107413,12.116706912700035
107414,11.700990474130398
107415,8.940852723286335
107416,7.132184907491729
107417,10.39504475604888
107418,7.177479476132591
107419,10.120552690116408
107420,10.107667406618344
107421,6.952708006280896
107422,8.377384351968846
107423,9.689992064528024
107424,13.692390348396279
107425,7.478447717862378
107426,10.158854114616037
107427,16.489630742039953
107428,13.546469261673561
107429,9.213296525590883
107430,15.489411263635688
107431,9.360295358100267
107432,7.24558813394368
107433,10.359741910181398
107434,9.494996664475423
107435,9.95560811907067
107436,5.199871842681446
107437,8.458971638412509
107438,8.893932609868369
107439,5.8159194690657054
107440,4.697048233075523
107441,8.81983159005338
107442,10.582042549451547
107443,12.311389425716051
107444,9.623846607318242
107445,9.963881595781197
107446,9.323989404243843
107447,6.868527896387194
107448,13.31714866047551
107449,4.516865631212571
107450,8.5389001073859
107451,14.490825527564576
107452,4.598012455629982
107453,6.484322832249271
107454,6.488470986619198
107455,4.140028171446839
107456,10.453759028465848
107457,10.503607169019219
107458,11.604936203416832
107459,7.000273287131639
107460,8.88360366684317
107461,5.349662165483353
107462,10.504094865695262
107463,8.383720204615795
107464,7.994794315029113
107465,10.557190546648267
107466,14.56989283134187
107467,6.1321945972818
107468,14.94569624009424
107469,10.666895082876696
107470,7.642437009838065
107471,7.397964221763995
107472,8.914743054120118
107473,10.803707704717041
107474,10.264721375842651
107475,13.147280550225409
107476,9.792406770790594
107477,6.4585147922137
107478,12.325322081313852
107479,13.172091460558557
107480,14.94514168937285
107481,11.754011471127004
107482,11.107594902209026
107483,13.61718253235092
107484,10.651363882727543
107485,9.695172757750639
107486,4.4990017261933435
107487,6.346845915789343
107488,16.70055913239075
107489,6.142089714451782
107490,9.849942496717585
107491,9.583679729162876
107492,9.289920920219183
107493,15.749037556270741
107494,9.057874692809275
107495,10.144069700922756
107496,6.442065978586207
107497,11.999265726264365
107498,9.559560392560249
107499,13.822885982465163
107500,9.797642499706772
107501,12.560083336013891
107502,10.971574793367946
107503,9.636803799596816
107504,14.225278330629857
107505,6.4848808841560865
107506,11.841474934593114
107507,15.616453677933603
107508,8.952075000133517
107509,8.244672806042903
107510,9.628933547017681
107511,9.374136993484504
107512,10.16424322118608
107513,5.693019305970337
107514,10.213127992664843
107515,9.955436146407767
107516,4.954024969984891
107517,9.915750843904595
107518,9.481559484474332
107519,11.716615153200989
107520,14.999289920982596
107521,9.280978653914492
107522,9.62959619539826
107523,5.627170587790668
107524,9.972874028254186
107525,9.302268703188115
107526,8.826352695613688
107527,10.190786755486176
107528,6.271316083177043
107529,11.717117210620653
107530,11.634724957766233
107531,7.298855342436662
107532,9.835181864815544
107533,7.719854685380135
107534,6.123668804071313
107535,7.314735005349695
107536,10.48222270628625
107537,9.266760158962095
107538,9.844805037882693
107539,13.26424839209557
107540,17.27132370762382
107541,9.049009973147292
107542,13.764264802223298
107543,9.985662550279216
107544,9.212634702460308
107545,11.02461573159622
107546,14.598190732896432
107547,8.743646894995397
107548,15.624533972618016
107549,9.319920449889405
107550,10.103167645580662
107551,10.28592677682538
107552,5.25004950713666
107553,12.30315598897272
107554,4.829796852661496
107555,7.192919480918869
107556,12.837386832012537
107557,11.767824904902687
107558,10.896945218136235
107559,9.872098049665466
107560,12.605775438579915
107561,11.268026886368995
107562,6.694594407145035
107563,8.29607219988842
107564,5.871586388627269
107565,12.874146417282114
107566,5.520308281207043
107567,11.8596247666677
107568,14.89211870081085
107569,12.552563857176834
107570,8.591877499387575
107571,6.4648064521411275
107572,9.977672199018228
107573,8.262007917108384
107574,9.598401724050396
107575,12.29438447511445
107576,7.829189121583222
107577,10.138216661607979
107578,9.283523905117375
107579,4.482848796358205
107580,7.3313054363166925
107581,7.2560304692056645
107582,13.211348037513233
107583,11.83809463307347
107584,7.782061793076648
107585,4.914675268590402
107586,9.646161808331726
107587,14.687294414626113
107588,9.716362464946041
107589,9.72664781163285
107590,5.956130736275435
107591,10.542034316084326
107592,9.56638081433402
107593,13.33897570812967
107594,9.518954714717589
107595,9.660659378091612
107596,8.940437044549721
107597,9.785619209081457
107598,12.753010015469584
107599,4.136885408530285
107600,8.966529566358195
107601,11.471851065478411
107602,7.245051931260283
107603,6.909314406157515
107604,7.9168651753332995
107605,7.004596844572324
107606,6.699124841449705
107607,5.8438940790653895
107608,7.013102028831743
107609,8.673079341032608
107610,9.884251018893899
107611,9.543845856976876
107612,9.211180410128406
107613,8.487173228328768
107614,9.402158430092312
107615,12.495065005541306
107616,5.318723272881593
107617,9.584439334831231
107618,14.347878715921969
107619,6.852752081247461
107620,11.440180694625614
107621,14.218946443384917
107622,9.303724397718419
107623,8.369799367073405
107624,8.340253191130637
107625,10.455892735238338
107626,10.039788030542665
107627,8.950590626058148
107628,10.653521679703653
107629,10.249513241408772
107630,7.630251151877573
107631,7.023189948546992
107632,5.0979317551742
107633,10.774670666138535
107634,8.621402798613756
107635,6.922697493515855
107636,7.329226495980808
107637,9.375113630469404
107638,9.97231391310542
107639,9.978035735693979
107640,7.047714194180285
107641,9.569755666012762
107642,10.76463302225893
107643,7.9278246219465816
107644,10.66654193867681
107645,15.326768373682555
107646,12.597626976283243
107647,8.699758636471959
107648,11.332833791305152
107649,12.444976777747513
107650,10.219614135832755
107651,10.597429460959232
107652,10.101648213822084
107653,15.141909208421424
107654,8.796366156427585
107655,9.640738393450789
107656,13.056650561263837
107657,6.062038411089064
107658,8.477711998240505
107659,5.7726516157163505
107660,10.133900641458983
107661,11.922642837019906
107662,6.989841237675584
107663,13.77725365627912
107664,9.459533041536588
107665,11.566761688352196
107666,16.689107280863407
107667,11.67623943693543
107668,9.740711653896106
107669,9.026458453580068
107670,11.706047965616445
107671,10.33957053497753
107672,9.463930141390732
107673,8.056113188392516
107674,10.674543505667838
107675,11.194819037738847
107676,9.434806243784568
107677,10.141344800757292
107678,9.435155887755817
107679,10.87853181942214
107680,10.207555615349628
107681,12.389980347981991
107682,8.415550434248965
107683,10.662109946835226
107684,5.892705344641868
107685,10.668876071817767
107686,4.3848658333932375
107687,9.5092201999094
107688,11.738213991327704
107689,10.244854359985643
107690,7.287358413237428
107691,11.218137766050317
107692,8.485271933106986
107693,7.578261547913888
107694,11.1821090618301
107695,12.656456858369616
107696,10.528792096329767
107697,5.675472120717936
107698,9.044358427535432
107699,14.059376296465256
107700,9.566544479115898
107701,11.096440969069068
107702,11.766352478927118
107703,13.210188745826207
107704,10.45076828253768
107705,9.383187213077155
107706,12.37106615991901
107707,7.678185727850784
107708,7.69554970101652
107709,7.172435406183313
107710,7.059191190459778
107711,10.593470996387364
107712,13.716059558808244
107713,11.068017528826559
107714,12.141264379956768
107715,11.019097577749083
107716,7.287911130443814
107717,10.848693678245633
107718,7.1102511419919425
107719,9.926008306035053
107720,10.912243407739199
107721,8.933105182490895
107722,7.279048698163659
107723,8.265642827888225
107724,13.66556781428714
107725,14.050127944687906
107726,15.402522761011511
107727,11.792351674461717
107728,9.399806911286491
107729,7.734694926736273
107730,7.494336270628568
107731,9.104421340742345
107732,8.565662790113857
107733,4.685254230482465
107734,8.960755882325703
107735,8.527906479801052
107736,17.680142484121614
107737,7.582443954816131
107738,9.26430303519129
107739,5.288368079583111
107740,8.571037599322029
107741,8.67873245944492
107742,12.992580999450293
107743,8.25943678987546
107744,4.924639849427701
107745,17.068371795060596
107746,7.1425000093726965
107747,9.239017702922865
107748,9.412010021898249
107749,7.019187497589634
107750,15.61831594677164
107751,9.444147858346406
107752,9.516187824475384
107753,15.612263288946275
107754,6.874676675308942
107755,6.515211361698195
107756,10.256136245097249
107757,13.919290927348706
107758,10.46460813341532
107759,6.764186343579757
107760,7.2614940782132065
107761,9.111908688885979
107762,9.753984087245065
107763,8.519970120216575
107764,6.047205485516663
107765,10.067387396968492
107766,7.982106738870736
107767,9.414172050933612
107768,5.207742776402454
107769,11.28850657552883
107770,9.840455839250305
107771,9.430972768593174
107772,10.782746793206115
107773,11.060569253640649
107774,9.888242071692911
107775,15.182058809878948
107776,9.003827982335679
107777,9.122453656628458
107778,9.249842708358322
107779,7.678758865833304
107780,11.368287295484803
107781,12.635770752475675
107782,10.330263272900472
107783,7.019639775795365
107784,6.188839643955979
107785,11.101853580115474
107786,8.38172344344581
107787,9.29354264830344
107788,4.417378013199498
107789,9.576018103216963
107790,10.524252544571018
107791,8.229048023989396
107792,10.49885917684883
107793,10.107615014017988
107794,5.638018969787036
107795,13.873728395571495
107796,7.691573022475038
107797,7.884089694799179
107798,6.837316456866323
107799,10.983192934213829
107800,12.264126640350575
107801,7.960083624712489
107802,9.86436097530978
107803,13.417888728989743
107804,7.01972147622588
107805,12.165304365286584
107806,8.628050462387797
107807,11.14964826296619
107808,10.63185329943362
107809,11.5747053436634
107810,6.170587954116476
107811,8.388925005995361
107812,5.726144922406683
107813,16.77342901990996
107814,7.425954243588497
107815,11.708921163304561
107816,8.807208325291771
107817,11.080215752555175
107818,14.937864618594944
107819,9.462095697996494
107820,8.888825836593366
107821,4.73206244671775
107822,9.818859245588293
107823,5.555058780567359
107824,10.56077576636939
107825,7.488503562308042
107826,10.046320943879058
107827,14.191884588454792
107828,10.852082167888145
107829,10.03482799573784
107830,6.55945470834237
107831,13.115296793035634
107832,9.478146222106231
107833,9.10864199649084
107834,12.626850207133451
107835,9.081270634375725
107836,10.707850728829689
107837,9.433206536078378
107838,13.139343943712012
107839,8.937919296341011
107840,12.601566566327591
107841,6.884348283355182
107842,9.619117793553903
107843,8.802541996738885
107844,9.786318519276378
107845,7.041590941148056
107846,7.845016591154317
107847,8.251616705908166
107848,8.535959524969744
107849,9.1791539235629
107850,9.928446636292017
107851,8.89435422749374
107852,11.97707170513887
107853,12.342479114640938
107854,9.419952036299135
107855,11.0402244816386
107856,7.996261225144363
107857,10.687357894865695
107858,9.116756153956795
107859,6.612286777741803
107860,7.216840465327351
107861,8.941913251005758
107862,9.583814975238823
107863,11.290257545456145
107864,9.259057566972118
107865,9.381101073828388
107866,8.037379028927472
107867,8.21775084467738
107868,13.579487726467624
107869,17.758599078672358
107870,5.417151773818842
107871,6.90590983596388
107872,10.238831118419755
107873,10.54124817033085
107874,11.316852043566287
107875,9.39361018456261
107876,15.938466067479942
107877,4.953756601033726
107878,4.638976358909141
107879,12.165015838039965
107880,10.72519182997973
107881,8.915431129432841
107882,9.5900670928284
107883,11.888982499681113
107884,11.050971863591245
107885,8.407382554778124
107886,15.74601107118944
107887,9.607359424942025
107888,10.018871603623634
107889,6.919560807496514
107890,12.07555266383594
107891,9.917937653162056
107892,13.268037748898143
107893,11.852949933564577
107894,9.147680221978371
107895,13.950246856422893
107896,9.427377206385367
107897,10.6384949609272
107898,11.490151819711771
107899,9.567691331615634
107900,9.469211339561717
107901,12.649723849716427
107902,13.456228647860836
107903,9.260190258303394
107904,9.279480839144274
107905,7.689463518168756
107906,9.640843264146019
107907,13.061240159787596
107908,9.186262216472763
107909,10.35780522246986
107910,13.010053324925062
107911,8.03430474891177
107912,6.26776332714189
107913,9.177900359961642
107914,7.637318395852145
107915,12.658307407379525
107916,9.699164651620213
107917,8.028604787515283
107918,11.183033348816968
107919,5.0440862367060655
107920,9.623281785207784
107921,7.8618617049777
107922,11.584220150116463
107923,13.305758912381368
107924,10.809669635859256
107925,11.889051661762677
107926,9.78212694632931
107927,7.174086265581705
107928,14.426238479621862
107929,7.550994349931597
107930,13.820225490371783
107931,7.298483822774072
107932,11.754062200243158
107933,9.95164593474073
107934,14.080424260557285
107935,7.9291589138363765
107936,8.030900197764515
107937,8.728851808710228
107938,7.149761287633096
107939,14.63918243175199
107940,6.825271606775774
107941,10.280342896139482
107942,9.53443457005
107943,8.228212735969583
107944,7.859672084143419
107945,11.65337652372045
107946,8.22608101025144
107947,10.641593806900355
107948,9.11286604972922
107949,9.826507097895512
107950,7.722407972474564
107951,9.878085366036014
107952,9.289313580069534
107953,10.413235163442058
107954,13.458795173056904
107955,9.223192603020397
107956,11.961182826308375
107957,9.99767391489533
107958,6.90725779936948
107959,10.697207251478954
107960,17.37170479090568
107961,9.53934976337765
107962,5.744821220928882
107963,4.076620566570265
107964,10.88253028936489
107965,9.046984869688885
107966,14.840293168143404
107967,12.93759175081217
107968,7.223674088572918
107969,7.8648063557445465
107970,15.267481607091412
107971,11.348922990929761
107972,15.54267044807762
107973,8.703659484808053
107974,12.220381640865284
107975,9.80451489544177
107976,9.618983229596585
107977,10.37473840591333
107978,11.545808547099458
107979,12.746623941986751
107980,7.715577096686334
107981,11.504563108113786
107982,12.058394731463654
107983,6.963410360966513
107984,11.542865376145036
107985,10.951444666382525
107986,12.519945775298254
107987,13.862103797869276
107988,9.494878279092799
107989,7.004915748495788
107990,9.426156943297741
107991,9.445464763674526
107992,11.536783421723735
107993,10.270993850931125
107994,10.30899452583979
107995,9.606737269579911
107996,8.406250919919401
107997,8.292459504077588
107998,5.116859597563596
107999,11.88355776235906
108000,15.39474584104506
108001,10.535856107998084
108002,13.1417720443356
108003,7.837446814912407
108004,14.44787993786682
108005,10.667092487316516
108006,10.268801236377367
108007,12.675551151173991
108008,9.704229610006909
108009,14.443059265665136
108010,9.038654288387919
108011,7.281167607468285
108012,11.142252249811204
108013,8.423558191400712
108014,11.179157093570513
108015,9.466908226341818
108016,10.906102427924093
108017,10.258431551623769
108018,11.031875076922812
108019,7.7813079943104055
108020,7.880843447870127
108021,8.620198834159222
108022,10.467955568777134
108023,7.2555952504953
108024,8.429918960430456
108025,7.136350138930412
108026,9.71158558901666
108027,10.71512676319375
108028,7.225989275137532
108029,11.304428845316561
108030,10.771356332530848
108031,7.520478332683185
108032,8.513713285164474
108033,9.316990254786845
108034,10.975231801737234
108035,8.290914906930666
108036,11.835275270708868
108037,8.714281802284424
108038,9.664356129944194
108039,10.49284762088107
108040,8.928577034711472
108041,11.377694493842615
108042,9.175451012140492
108043,11.564716230483747
108044,9.682453812237874
108045,9.885357819449613
108046,9.916512894041928
108047,9.476846826342886
108048,7.331393519756796
108049,9.735384841586816
108050,6.850715280487681
108051,9.497400147543138
108052,7.775520641793693
108053,10.258916183377028
108054,6.568595618971924
108055,10.554744616141553
108056,10.493714021499295
108057,10.07184332500513
108058,8.3282512704617
108059,7.478136865476896
108060,8.485031060936166
108061,12.270135941731393
108062,4.4121337268680385
108063,7.165393564275023
108064,10.78331731942006
108065,8.051658805613476
108066,12.614975343466515
108067,10.370712394066524
108068,5.692533054473983
108069,14.594837637895779
108070,5.798916149087499
108071,12.739493596346694
108072,9.913549332125944
108073,14.904599343455033
108074,14.597862647035702
108075,9.3495301745127
108076,8.244649185095492
108077,6.994847995776469
108078,4.346741032335565
108079,12.91491201866629
108080,7.802077538734844
108081,6.164955056611809
108082,10.512030152231699
108083,10.45737105837203
108084,8.336992148215835
108085,11.701210352437572
108086,14.646063865227976
108087,9.38746188190908
108088,6.607017563586022
108089,6.980654739964237
108090,8.855752039660329
108091,4.516701971571228
108092,9.009765268319612
108093,11.734725956978245
108094,9.213489319301909
108095,9.17158663064909
108096,10.639712504404645
108097,10.360126796448268
108098,9.394488860900982
108099,10.542886420927191
108100,15.699019005878142
108101,9.653634034750763
108102,8.068332264355591
108103,6.760139636627348
108104,11.788887011872793
108105,6.8944756239725065
108106,10.561147799048339
108107,8.832987055955915
108108,11.979470125247179
108109,9.624349630411777
108110,10.177442292417211
108111,5.859679412176186
108112,8.74825806080533
108113,4.426014453170662
108114,11.421520272255162
108115,9.362581922617517
108116,8.919543419855655
108117,9.280182693956418
108118,9.854052674871145
108119,8.993514401817874
108120,15.785008103384905
108121,8.642872036459336
108122,8.580837756474725
108123,14.700784232580258
108124,12.387598317343052
108125,9.56740603161673
108126,8.130184679357097
108127,7.838784490589961
108128,8.830142464632758
108129,12.488519156859825
108130,7.535484474613179
108131,8.823689174578805
108132,10.77349388865283
108133,10.097502980369212
108134,9.465041173365837
108135,9.83760608522681
108136,11.255986808759705
108137,8.564128687309742
108138,5.962937036245397
108139,9.054066999881687
108140,4.369593461140006
108141,9.996158284438987
108142,12.267613120184858
108143,6.332796258539228
108144,13.143488800637181
108145,6.690688646721844
108146,7.198660784636772
108147,7.370939058613606
108148,12.74021688509952
108149,8.00726495560205
108150,10.907651520680538
108151,11.7100896913359
108152,7.906632624754556
108153,8.209541820929925
108154,11.645201142570016
108155,4.383950872714504
108156,8.309375637550568
108157,9.832716644155214
108158,8.15381407713521
108159,10.5007479251211
108160,13.938287206304645
108161,9.328223471592622
108162,8.941774411837706
108163,9.082246714914707
108164,9.717136414641786
108165,9.71841663854604
108166,4.418491905263744
108167,6.083882583818126
108168,7.468029796487281
108169,9.117973935733271
108170,10.963984791700659
108171,12.160363115100054
108172,9.439355047192759
108173,10.687789635607462
108174,13.184682059156751
108175,9.466429889312804
108176,9.088872650138125
108177,6.65645817518637
108178,9.434534371039664
108179,12.31254656258209
108180,9.510731704015646
108181,10.839071625668335
108182,8.680269035234232
108183,5.173152532456738
108184,6.478033027603047
108185,9.957488684138083
108186,5.999019743917482
108187,9.615635653352184
108188,11.113337877453855
108189,11.524500311024962
108190,7.68837609329257
108191,10.49452247483173
108192,7.881919708874454
108193,8.146708393499457
108194,6.99681137967696
108195,8.494412433839296
108196,9.839046054200043
108197,14.598863182689751
108198,8.382212297084008
108199,12.488031184885546
108200,11.85847709790754
108201,7.64075400893756
108202,9.56599695685755
108203,12.927367096387405
108204,9.694699300750809
108205,13.268183573516069
108206,7.610264513440276
108207,6.795311615567423
108208,10.158149230538204
108209,11.889807129826234
108210,7.095536269633993
108211,10.040819529092742
108212,7.221161874345109
108213,10.419491269125086
108214,8.007521775075706
108215,7.173153163785004
108216,5.7225657588428644
108217,9.380901858827011
108218,9.766714784870764
108219,11.364112961249093
108220,12.514111766327286
108221,10.570900539642201
108222,14.365381293765978
108223,9.94507601074282
108224,12.360962827710917
108225,5.012809329023305
108226,5.288921290139324
108227,8.477724311371972
108228,6.8563764892579915
108229,6.660718973464094
108230,10.606666236827792
108231,9.718688288511611
108232,15.000937457896772
108233,8.539648259547295
108234,10.762042106405884
108235,8.773181663796052
108236,11.66009991169797
108237,12.298204435843006
108238,8.514463540899616
108239,7.590455811237634
108240,8.37636424577621
108241,9.735490259481626
108242,10.010584382449789
108243,12.554449588489186
108244,16.0874219046432
108245,9.124226691917773
108246,6.945537614889811
108247,11.342833596515776
108248,15.01199437859361
108249,8.185307111937684
108250,8.89075300859201
108251,10.100630626443984
108252,7.002513522079352
108253,8.785461415493588
108254,12.384974094973554
108255,13.581506157330589
108256,14.748526907681224
108257,9.627561782421484
108258,9.667896781192942
108259,8.826202791183302
108260,7.392603247502175
108261,8.069480111083312
108262,10.943234742297795
108263,13.243223466511873
108264,9.949522214888944
108265,9.442639778823624
108266,8.769782384970178
108267,12.327504792123992
108268,10.089582118487074
108269,11.000789182211793
108270,5.845599529413654
108271,11.252807927208305
108272,8.718528665155933
108273,12.68373693002893
108274,11.129167861065609
108275,7.441163865061933
108276,7.6715027808175735
108277,10.45162897880551
108278,6.139828587481584
108279,11.786645597500108
108280,6.924599454184554
108281,12.865213372902002
108282,9.238040317740952
108283,9.643715533737993
108284,10.19325095657637
108285,8.614122274130331
108286,13.512079348913696
108287,11.625171165157784
108288,11.175468877995062
108289,8.404119616289531
108290,6.581954798406042
108291,12.201224916733578
108292,9.300558431614105
108293,8.761969726832795
108294,8.595069086105891
108295,9.262268848417762
108296,11.515254844891714
108297,15.486197142774198
108298,8.070763887423322
108299,14.584769230668432
108300,7.199652961765928
108301,5.612379435918219
108302,7.162109986747689
108303,7.222819817500285
108304,4.265604243438366
108305,8.971798011758512
108306,6.761162081149633
108307,8.668535115165465
108308,7.022508398595889
108309,7.175898610446639
108310,12.737374951101621
108311,13.904317321582877
108312,12.021333014530182
108313,6.711412356163878
108314,4.804601065343067
108315,10.113537864413832
108316,6.2564937920193255
108317,11.98366616338245
108318,10.721117774558035
108319,11.79737100227291
108320,7.303314218260996
108321,12.481172383908385
108322,8.496460216661665
108323,6.285782414489445
108324,11.395973971330122
108325,10.259910065618215
108326,7.299003847601267
108327,4.6581150533109055
108328,8.160344127786802
108329,6.06394101413804
108330,10.684452403870566
108331,9.611440105945134
108332,9.852602788748232
108333,8.6324245371334
108334,11.499884080847002
108335,13.361992176912826
108336,7.18724644390767
108337,14.6387688797039
108338,5.095897001778679
108339,13.732303410785144
108340,13.452443165139247
108341,10.64510454365544
108342,13.453252717377518
108343,4.988274607597624
108344,10.111442812062354
108345,8.005182324662965
108346,12.400517545180628
108347,11.359074112613683
108348,8.03023370723135
108349,9.564272638857924
108350,13.016999598819988
108351,9.709139516479972
108352,9.200602902369688
108353,7.364440928552325
108354,7.575376603305105
108355,7.764778714478754
108356,14.65560021279382
108357,10.017826245741542
108358,10.191518770749294
108359,13.21557036892067
108360,10.545948785889163
108361,10.094927802951643
108362,10.500692303071222
108363,8.337482098992083
108364,7.476807111212905
108365,10.4070938076412
108366,5.667821175751007
108367,7.961994247208945
108368,9.406078100857457
108369,11.07185771599583
108370,8.723630965370727
108371,15.381157143422394
108372,7.098490165814515
108373,6.0335792915387
108374,7.417607072198466
108375,8.822674250059588
108376,11.877894761907005
108377,11.717185268977511
108378,9.793724082400397
108379,7.567676884403416
108380,9.726264514893924
108381,10.066325709575963
108382,11.007264190762601
108383,11.50583075667566
108384,11.895689270391092
108385,9.840845773354582
108386,10.179862462184172
108387,9.242867363555684
108388,10.181392702724674
108389,9.79112845049006
108390,14.338815712737267
108391,9.901771993053032
108392,4.723561509447076
108393,8.232949881587484
108394,10.749200730942555
108395,11.07946979021111
108396,10.970324089718087
108397,8.219505809601523
108398,9.049651726730797
108399,8.987185956460198
108400,7.709526894141762
108401,11.813728185642521
108402,8.873636259923044
108403,12.887126861856398
108404,8.76046544846791
108405,10.68858925613872
108406,9.12198826078996
108407,8.36644138114038
108408,10.677558316146522
108409,11.572179746475703
108410,11.0776687971936
108411,8.554843140818503
108412,4.792952230421544
108413,15.586993843594296
108414,8.389511900309156
108415,10.384608053328586
108416,4.96772132271055
108417,11.148386592753804
108418,16.88158413919688
108419,8.001490186792559
108420,7.1251737861324855
108421,9.204330879191941
108422,10.01983819705864
108423,7.401197161327834
108424,7.89447082805958
108425,10.006720326304166
108426,8.298979696083334
108427,15.551489275805986
108428,9.352741220788458
108429,10.96978818424234
108430,11.158725581896329
108431,7.319518818519464
108432,9.909901030601485
108433,10.552989681718657
108434,12.703708471471387
108435,10.95819877439211
108436,10.624126194674378
108437,5.389986399939005
108438,9.088732342617332
108439,17.825843409321415
108440,11.432107836780862
108441,9.813575572999195
108442,11.113227735461924
108443,10.645864443118805
108444,10.184778047702418
108445,7.955904240474017
108446,9.711344279526939
108447,12.127115731810965
108448,10.97118363760347
108449,8.593470871279928
108450,6.907939918690849
108451,15.07592026151111
108452,9.276493858954218
108453,11.299117029331414
108454,9.29994893933148
108455,6.535226583699156
108456,9.700275353745354
108457,10.689978365599336
108458,10.746877463879795
108459,10.60264773180828
108460,9.14325444742722
108461,9.455242993148838
108462,4.4825060724437
108463,6.052345200432726
108464,9.738392354291857
108465,14.988705356376713
108466,7.335834017817629
108467,10.042757450703899
108468,8.871539196816723
108469,12.333383851003159
108470,5.637130643548035
108471,8.88412450608348
108472,15.488939486561174
108473,12.097515640901594
108474,7.811641333664409
108475,5.714382451149216
108476,13.40977305015952
108477,11.426735868553397
108478,9.135417561641965
108479,8.862392506705978
108480,13.06240219046683
108481,8.029789028121748
108482,9.399858197821843
108483,10.665669976800713
108484,13.723788633887063
108485,12.01474137507265
108486,11.909858439110092
108487,15.786125785567316
108488,8.743341879431364
108489,12.290630094306977
108490,8.357257657976557
108491,9.741099294145116
108492,9.295481911508864
108493,10.074409711824487
108494,17.443536094633934
108495,11.504494881029327
108496,10.408679992034042
108497,14.479803710385289
108498,10.528212106640039
108499,9.72606120706443
108500,9.553409270510574
108501,15.36528062243263
108502,14.288671049177973
108503,5.8447540867410215
108504,9.81779301005643
108505,10.693308793832609
108506,12.54199472680279
108507,9.750578949704856
108508,12.349951439271381
108509,8.505820853606892
108510,9.197171268284919
108511,9.221803962188483
108512,11.816564331066862
108513,10.254182813318371
108514,10.41065591181792
108515,11.595405296601315
108516,11.962008801630946
108517,8.969801948033505
108518,9.538392668218654
108519,11.652655000599362
108520,9.771301716045556
108521,14.60294605079486
108522,12.571115396430821
108523,11.678042599164977
108524,4.497780768155958
108525,10.805642140729068
108526,9.556153773158208
108527,7.414163015448966
108528,9.461415935606153
108529,11.984368547256391
108530,8.122007498777117
108531,8.34919801678466
108532,10.709762371676314
108533,4.731680266480342
108534,11.17127176377441
108535,7.041672385104926
108536,8.31484719243048
108537,9.394846665442751
108538,10.395940454206784
108539,7.871000898816073
108540,4.079863446771258
108541,14.213644176147508
108542,9.390472702689461
108543,9.486341137121135
108544,9.023934728132678
108545,16.521117147733793
108546,11.675404422778964
108547,8.625889815950583
108548,7.930454732954127
108549,10.746591668924665
108550,9.35897103012913
108551,6.999602742811315
108552,11.523038985253567
108553,8.485225700374441
108554,15.833031233317048
108555,12.126981943915172
108556,4.646170567024919
108557,10.727311096640014
108558,7.600897782308529
108559,7.607738072514481
108560,12.153826222874171
108561,11.610618468876057
108562,15.02583547159728
108563,9.268515093332837
108564,15.464572460384261
108565,8.992402020376355
108566,8.283898927221491
108567,9.982676219254655
108568,8.438852746625319
108569,9.309015803451583
108570,10.89011096774841
108571,14.645311317033507
108572,13.364482119206164
108573,11.060789893453032
108574,14.633225174115726
108575,12.516803667261234
108576,10.102616516498522
108577,10.11226713640737
108578,10.064318084448576
108579,8.402979486460733
108580,10.911679423543863
108581,8.845457487507728
108582,8.372194108068905
108583,10.961832996636684
108584,4.341555517071818
108585,6.9601921910499245
108586,10.664059403977742
108587,11.23360807525997
108588,10.548744175033235
108589,10.596816083118282
108590,9.412845190152341
108591,11.699624143250608
108592,8.435256976381028
108593,14.88912312436699
108594,9.5642729343046
108595,14.043729460743823
108596,7.8443518908449885
108597,9.839301183068857
108598,7.328134092947053
108599,7.403565800115243
108600,16.065667512639862
108601,4.818555779153508
108602,4.2385034953836485
108603,11.541115397443836
108604,8.366342520975381
108605,8.849707599393332
108606,9.429433641860339
108607,7.0300874527484805
108608,10.232177720729911
108609,12.596019597423826
108610,5.168403638179662
108611,4.392033513624687
108612,8.938981629504264
108613,8.217484987176432
108614,16.367659040875427
108615,7.180058752652103
108616,9.72671381840135
108617,9.850932198460061
108618,8.553559409617865
108619,6.9681492455828336
108620,14.755804819192704
108621,10.420810541239106
108622,11.712589998358771
108623,7.028838059020427
108624,14.34537866696445
108625,10.797260835806958
108626,18.033941749948195
108627,9.310653867638464
108628,10.72392904936746
108629,11.154909995012176
108630,10.13472385267317
108631,8.25476719998402
108632,8.357588707361947
108633,10.582948682940913
108634,10.925688502253857
108635,9.556247410319184
108636,12.222611499811512
108637,10.490252118065381
108638,11.928737968598675
108639,12.209498956100594
108640,7.060374354905721
108641,4.090062126642776
108642,14.258922182564586
108643,7.104319235395158
108644,13.550733126700402
108645,9.146601213676693
108646,9.553405663127624
108647,7.664290592187757
108648,11.005972342536404
108649,6.874439031608499
108650,7.635845505870745
108651,7.136873747696557
108652,5.833953247267309
108653,9.694836070437912
108654,8.087640552939428
108655,9.602960265530541
108656,10.561476682619144
108657,6.958784937353298
108658,6.149166767708982
108659,10.402179821721166
108660,11.15137248521467
108661,5.881926404724735
108662,12.610468553866761
108663,10.068663972019888
108664,9.759617906994709
108665,5.015405790849418
108666,9.13740295320262
108667,7.474607937642037
108668,5.892719030056043
108669,11.426844516096786
108670,4.089728920317748
108671,7.495019813412709
108672,8.24050980571391
108673,10.103101882658532
108674,7.3212780182937705
108675,9.568464977217733
108676,9.93154374358086
108677,9.591106382790626
108678,10.66619076523109
108679,5.615316043252335
108680,10.185315165955272
108681,11.22963914993013
108682,7.609977449264013
108683,8.033220873176933
108684,7.438414673783275
108685,10.059856473603544
108686,11.968796082713064
108687,8.164027546879357
108688,9.358490270087051
108689,7.2384562888624675
108690,14.780101942965896
108691,7.963345741293068
108692,7.445480058281601
108693,13.17597233537719
108694,11.522060164798162
108695,8.383031381036146
108696,13.22484921722413
108697,8.313351319384601
108698,7.157442454103956
108699,9.832525693866696
108700,7.92025053876362
108701,9.029379487265452
108702,14.938161587587185
108703,13.134557186249603
108704,10.22406581301696
108705,7.672995210415245
108706,10.881738627414709
108707,5.576519895199158
108708,11.019922543903807
108709,7.637093043913578
108710,8.961023308973555
108711,9.03376779362593
108712,7.8973110302706715
108713,6.9321675106590135
108714,14.669662831457757
108715,9.328152569015543
108716,10.454438052716734
108717,7.930714156774182
108718,6.044416247511772
108719,8.501358123803666
108720,9.789482301979506
108721,7.121532699659538
108722,5.597747212552365
108723,11.499777098963841
108724,8.690337378252384
108725,7.779849549558698
108726,9.190798357976737
108727,6.683138066046437
108728,10.352594821878165
108729,12.172287348527906
108730,4.453258180682924
108731,10.170267145330651
108732,12.898960452494517
108733,9.095392484666386
108734,10.993564413559419
108735,11.639883561737042
108736,8.071370030505825
108737,7.377280569640526
108738,6.261003051014606
108739,9.868270853325614
108740,8.606149818059574
108741,10.507646004974601
108742,10.426711227023453
108743,8.3241428742827
108744,9.551814561862935
108745,10.64847427461286
108746,9.332848556487697
108747,14.377544384848624
108748,4.969453940840493
108749,11.18307396082693
108750,6.028157790486849
108751,6.645211834287082
108752,11.033087217026619
108753,7.794197014710822
108754,11.413924477332511
108755,10.243109411784598
108756,7.202627803182475
108757,9.769042800583621
108758,7.960808493733536
108759,9.214023947409823
108760,9.986871404503901
108761,13.670031353634394
108762,11.554410498196251
108763,10.264701175127652
108764,7.470476553274514
108765,8.29670448964166
108766,16.68706014111405
108767,6.049167036718357
108768,5.598356987800477
108769,6.184770873547588
108770,13.094495296949159
108771,4.5588643339884936
108772,11.752584259241484
108773,11.974153175901488
108774,6.912414172590397
108775,9.125565629258698
108776,9.809678825719507
108777,14.542316766333977
108778,9.379544695405645
108779,9.112761707821088
108780,11.864462587636137
108781,8.166421863260233
108782,9.551655336562911
108783,9.248347381724715
108784,9.350378675074882
108785,8.335203572948684
108786,12.5957746971571
108787,12.609993673535003
108788,15.02464612406519
108789,9.437536763969124
108790,12.656479199043442
108791,11.749287548636559
108792,7.318585039324148
108793,11.324394455048356
108794,8.131795821929627
108795,9.268574485334826
108796,10.317078516619196
108797,9.206112313581366
108798,10.181262932718116
108799,9.904700657038934
108800,12.686971015643024
108801,14.128793201864827
108802,8.26824951767809
108803,11.681282708344131
108804,9.559952117166201
108805,9.71885848646026
108806,11.954565347482694
108807,13.07028067615507
108808,14.216333797743019
108809,12.931797686307807
108810,9.49129616246598
108811,10.87395898082408
108812,9.846522259915508
108813,14.864269604750731
108814,5.145377575047003
108815,11.073852850766638
108816,7.577144602350924
108817,9.404516719005807
108818,13.014690484313272
108819,9.51271289729621
108820,11.735920542315034
108821,13.911546638571826
108822,7.402135693055067
108823,13.97335668672775
108824,6.909577987067939
108825,7.668652616497722
108826,9.928953814313903
108827,9.271042767156453
108828,13.261315442265508
108829,10.446453020492568
108830,10.879855226472385
108831,9.899089758367271
108832,10.449750674918276
108833,13.788570212468716
108834,10.421678594920662
108835,6.887398953449642
108836,11.77361266270631
108837,10.56354171238149
108838,7.48466044076047
108839,9.572080573770878
108840,5.0667560466548816
108841,11.763886273724086
108842,8.89499227466328
108843,7.676532727387003
108844,13.123315513577868
108845,4.983483589273506
108846,9.84839309592717
108847,10.009605404444164
108848,10.694567780674825
108849,11.187154518856204
108850,9.605368420514742
108851,8.329140004403735
108852,10.182351502953498
108853,10.861523779394492
108854,9.627298839460783
108855,11.432853146694587
108856,9.898827808524118
108857,9.485375138548054
108858,6.388763036143708
108859,11.48436922116951
108860,11.83919056531071
108861,11.285173997028071
108862,11.321663162084633
108863,8.10804312534752
108864,5.019035493589467
108865,8.85251920368935
108866,7.0335591612955
108867,9.468115395531543
108868,9.470522237880878
108869,8.132172995724417
108870,10.257711589825465
108871,9.747453312363842
108872,11.633453175222353
108873,6.761649439190515
108874,8.884178177784035
108875,9.818817305730533
108876,13.789083387732385
108877,8.178996692548193
108878,13.56200405027142
108879,8.215174312732648
108880,7.361338140717987
108881,7.244586451224824
108882,8.977235289064941
108883,9.375879309809834
108884,10.769429799742372
108885,8.380870784255896
108886,8.601733235490205
108887,7.55625771063775
108888,12.225755670760822
108889,9.720338796548248
108890,4.820012032193211
108891,16.50550460767776
108892,6.22949999617852
108893,15.126928081320287
108894,8.60017553558316
108895,5.551115807796875
108896,9.348133865905787
108897,9.872956559906818
108898,9.01070262684814
108899,11.223523856602172
108900,8.621102084874455
108901,11.917227796131197
108902,11.178877986199968
108903,11.671453005169045
108904,11.62284568262681
108905,9.286647215526939
108906,9.961395924151017
108907,10.68193032335439
108908,7.448407027045751
108909,10.376934558775352
108910,9.317509033879428
108911,9.23042264699776
108912,7.352619668380235
108913,8.456268931571739
108914,7.109002406601604
108915,14.204627972159155
108916,7.330824124012745
108917,12.737867040108863
108918,8.366580242171135
108919,6.9138001819541755
108920,9.100280892332005
108921,6.919545875841604
108922,10.85455467593491
108923,10.335415530411927
108924,6.198440882633692
108925,10.781700248602881
108926,7.324768599514381
108927,9.61371709966603
108928,7.5993094482780466
108929,10.79264787120456
108930,10.874811548247
108931,10.286478342188364
108932,7.302065735616795
108933,12.298964139218718
108934,9.87938436998398
108935,10.183112271705223
108936,16.66999330145328
108937,12.043132779472556
108938,11.416169147617586
108939,9.777094770529194
108940,9.73238947025915
108941,10.987990474963201
108942,10.100942512855353
108943,11.988596168706689
108944,9.328200010059472
108945,10.895008209183349
108946,14.548860172696532
108947,8.292513809692021
108948,10.289297183795384
108949,8.199357933769111
108950,13.311568727329208
108951,7.589283498333181
108952,10.288266104012587
108953,9.232708833279167
108954,9.955541966804269
108955,10.082119486074122
108956,5.691082432689646
108957,7.05648206690867
108958,9.899153447808649
108959,9.303581663858463
108960,8.614084446982028
108961,9.449504841924966
108962,7.902725675918985
108963,6.035785194042968
108964,7.441555179243167
108965,8.23193589048778
108966,7.672995226823254
108967,10.037469819490912
108968,8.856106371874565
108969,18.79082996409941
108970,11.782224152959277
108971,7.401982299307866
108972,10.333209721001374
108973,9.488093244485658
108974,7.986517714770838
108975,11.239883089818985
108976,10.100655556282463
108977,9.507792656374725
108978,9.950528264163228
108979,7.75368002349064
108980,14.796030715810312
108981,9.563924216370571
108982,10.954339499778367
108983,13.100086562065247
108984,12.020734597002242
108985,11.783834842730315
108986,15.697467131079879
108987,8.033265227944034
108988,9.066550519766249
108989,9.115292322566765
108990,5.861182709097988
108991,8.450334611074942
108992,7.454183524457635
108993,11.160054348804469
108994,6.964263894546851
108995,4.843023234573305
108996,13.371368663373953
108997,6.657354056902749
108998,8.85588691997101
108999,7.518275944799275
109000,10.79485481335108
109001,11.606582582337584
109002,12.15361889734437
109003,8.044043462703218
109004,6.825916932541266
109005,9.252372044150723
109006,9.49578129842339
109007,9.138664779829849
109008,6.8897534394622735
109009,6.6881390699007195
109010,8.381691077077525
109011,8.101386996124306
109012,4.3564584242740185
109013,8.845138947219569
109014,8.624896306901817
109015,10.006731266681413
109016,8.853992083936989
109017,9.748544632329263
109018,7.493100755728973
109019,5.9545792861087845
109020,6.442356807763782
109021,12.951294263111098
109022,8.08620410812253
109023,9.242613660841135
109024,12.93275164979814
109025,8.677569439852842
109026,8.138622620757753
109027,9.772292108404386
109028,14.714800160898047
109029,10.363091747664999
109030,8.276597020366136
109031,5.7576682831796555
109032,10.477263256115133
109033,11.098690022169212
109034,13.400396216796477
109035,5.868862778546321
109036,8.388251556428287
109037,10.367666678309487
109038,9.722572064068585
109039,11.62490858827665
109040,6.666133497943447
109041,6.175037498693684
109042,10.020605549418246
109043,10.790685455379574
109044,9.951620808763485
109045,7.516338797443706
109046,14.982015511386948
109047,9.45045767129715
109048,9.076490066662114
109049,6.74932401020051
109050,5.765367696156833
109051,13.51128891909714
109052,12.29981910784753
109053,6.666924905359624
109054,9.771603546030246
109055,8.745416544143861
109056,7.691507265632703
109057,7.5114180428136335
109058,7.911707694081206
109059,8.73932831979749
109060,5.556433882334781
109061,4.837304889763702
109062,6.886827203795822
109063,6.955699939079102
109064,9.532861743679227
109065,5.120647565101824
109066,10.834167233518937
109067,11.807692251908945
109068,11.311773210521789
109069,13.13027621519997
109070,10.124241662085959
109071,7.705356803892516
109072,6.600688737535117
109073,6.99799951897557
109074,10.363965148594804
109075,8.18575529365194
109076,9.576173768783201
109077,5.888833890284582
109078,11.17493420529306
109079,5.144825826704348
109080,11.520425765747193
109081,7.625731029659738
109082,7.5447742866489635
109083,7.690729239318799
109084,7.859952305216575
109085,11.783031906651146
109086,9.506875610444158
109087,7.973886661245888
109088,8.309991416987598
109089,10.716914914919759
109090,6.0856661071509555
109091,7.045486358500017
109092,10.85166062774728
109093,8.11638525588416
109094,10.754231999909768
109095,7.855279991511961
109096,9.75360194437811
109097,15.729838240089105
109098,9.16241659036761
109099,8.404400938892225
109100,9.89103268489984
109101,7.428473011816324
109102,14.611219859581237
109103,4.369842807739878
109104,10.003455331153507
109105,14.769927350717973
109106,9.252003389073995
109107,11.836738452858441
109108,9.338430391936523
109109,9.692470705537875
109110,10.546228501536133
109111,9.145142711424018
109112,9.214653486362016
109113,9.808069987229455
109114,6.887626823034499
109115,11.39153415758041
109116,7.949280917109436
109117,9.709290261999701
109118,16.511614161154977
109119,7.094034404231148
109120,8.611622407591025
109121,9.517344068294317
109122,13.719465466529067
109123,11.241397015670618
109124,7.363684083112409
109125,8.03284989855923
109126,10.738280857595953
109127,11.223682614363156
109128,8.06409993826858
109129,7.729943271792666
109130,6.940241063427804
109131,6.1411548100577855
109132,11.680950909659801
109133,9.607900407062806
109134,12.633221161124592
109135,8.21453629305298
109136,7.019115166707546
109137,9.785687483458148
109138,7.592695973805414
109139,11.613039915954937
109140,9.233483584614728
109141,8.4013430354963
109142,8.8660142245342
109143,13.135675794338614
109144,11.5888031687276
109145,14.943580877805228
109146,10.588743103160098
109147,10.366859979404568
109148,7.602307609120681
109149,11.173209296376399
109150,14.35943998979393
109151,10.518165455279718
109152,9.37354164018253
109153,9.470520673977898
109154,11.729308951818094
109155,9.502773265609624
109156,7.060817150693525
109157,4.564903591341919
109158,9.818979121231223
109159,5.680457375619239
109160,12.529228974441498
109161,13.934460637112682
109162,13.492485626483926
109163,8.89750875374671
109164,8.892312677950212
109165,13.037003175400722
109166,9.894018712685826
109167,13.069547377695432
109168,7.885107801164862
109169,11.588818572645215
109170,4.007399098007276
109171,8.458320904690709
109172,9.040610544556621
109173,10.461245406049699
109174,7.377260648608181
109175,6.964412086294294
109176,6.157829343243237
109177,8.896117913691045
109178,6.467919730424453
109179,6.868732981124836
109180,8.040117794193227
109181,8.003290268846404
109182,10.055778302025526
109183,6.433817749932639
109184,9.497844793209321
109185,8.494656770610607
109186,9.791541684077197
109187,10.946872848733346
109188,12.412405233295818
109189,9.616960030061044
109190,10.898739166668435
109191,14.853355077587187
109192,7.143198936376214
109193,8.9850681158868
109194,5.394058791421651
109195,6.861360427179681
109196,9.636573448712591
109197,14.861385047685939
109198,9.881885425256112
109199,9.220661534946759
109200,7.377828088606146
109201,16.0462636077704
109202,8.513486058362169
109203,9.411516172786769
109204,11.493583702555101
109205,9.876670116507807
109206,7.5468174984541125
109207,10.785498120249358
109208,13.091335585073656
109209,11.355045248134024
109210,9.768642572807607
109211,12.992325415210644
109212,14.313845292016472
109213,9.47354640707449
109214,8.420732908681305
109215,12.38059651875828
109216,7.5452192848649675
109217,8.440934391431007
109218,6.769435442697696
109219,6.520552901469445
109220,7.376752425096922
109221,9.663952462929043
109222,13.234897555090319
109223,13.93609023384758
109224,7.2943749395826885
109225,7.509786376792329
109226,7.298046639648652
109227,10.769834986101714
109228,11.693091195082825
109229,11.74854872126194
109230,12.454833310859021
109231,10.994403380803403
109232,9.79803083921542
109233,9.424778847186754
109234,11.380236012205804
109235,9.166716070585618
109236,10.901855043537777
109237,9.990320863140347
109238,11.772677343078081
109239,10.348406173434629
109240,12.674226541238822
109241,14.726598498205428
109242,8.43986897488883
109243,7.835678438782152
109244,5.952463174829928
109245,8.811660185020617
109246,17.790557137417935
109247,8.32214101006988
109248,9.635287528699823
109249,12.392051857795938
109250,7.688304252112445
109251,9.416929114645416
109252,6.804925486385683
109253,9.702262899428673
109254,12.021578802985141
109255,8.687874831643038
109256,10.370237877408082
109257,4.926829209473491
109258,8.913192043388026
109259,9.009944111120893
109260,12.812293115275754
109261,9.077841366854265
109262,9.382076619057523
109263,5.808085035000612
109264,5.897241934254818
109265,6.064624471635845
109266,11.867760889430096
109267,9.996024391427778
109268,10.32227810883117
109269,7.4391633381821265
109270,8.73746741244212
109271,8.894529956258365
109272,8.327096080080372
109273,8.073142052068423
109274,5.280242936330745
109275,6.154834417872012
109276,9.747361582583425
109277,7.481450405697504
109278,4.813783576776633
109279,9.080323225621411
109280,11.979179748382098
109281,4.863393592758125
109282,12.396797322590768
109283,9.95020783414447
109284,9.948463372039326
109285,11.529940368993678
109286,13.198573210657605
109287,8.493872294375489
109288,8.307701895591595
109289,13.765939845930713
109290,6.967509516783592
109291,7.365963016184932
109292,8.245469537663308
109293,9.195378803228595
109294,12.523382434533326
109295,10.835868854208039
109296,7.358553287143484
109297,9.232358612411897
109298,7.38615845090424
109299,11.89865159894876
109300,10.33253302578456
109301,10.322764045954703
109302,11.477176360197415
109303,8.9634991295789
109304,8.33909251249008
109305,8.613917178515027
109306,8.281087956273765
109307,10.487605387443619
109308,4.253374536400811
109309,6.080809827280373
109310,8.268909691342444
109311,7.224398618584128
109312,8.793192642651908
109313,11.365657950714176
109314,9.784522155681596
109315,9.488537314630241
109316,10.5037560430944
109317,7.211036487052422
109318,12.145766870596646
109319,12.409840939458011
109320,10.044800632210805
109321,11.642539680878468
109322,10.479287166720884
109323,7.124572252037534
109324,12.242894937195555
109325,9.176074184278587
109326,8.854646948293135
109327,9.486771215174588
109328,10.719392443082523
109329,8.709097281216081
109330,8.81339283089834
109331,7.951951732234479
109332,5.1194847936288586
109333,9.824973704247661
109334,8.180088141869815
109335,14.695863380684884
109336,6.954539298814481
109337,11.293468885531379
109338,9.478935739357098
109339,11.0789786261453
109340,9.811473008725953
109341,8.780511966065916
109342,5.635134176140586
109343,14.63608026157944
109344,7.157638420922457
109345,12.336815227045246
109346,4.387817934602763
109347,11.711907026912279
109348,8.79125313952236
109349,7.235125919575926
109350,4.887702341851297
109351,8.174637365131453
109352,9.314828683335467
109353,10.396768842156202
109354,8.94354868900746
109355,6.025832782774452
109356,10.755586274887024
109357,11.620557276844652
109358,11.466468444864077
109359,8.058408053248684
109360,7.4167532380390115
109361,4.185851004477156
109362,12.892553497047976
109363,14.884228563424472
109364,11.036025673648728
109365,11.475214325388853
109366,6.9356580202861355
109367,8.100093552087525
109368,5.748294856211045
109369,13.394965989369345
109370,4.420495939798471
109371,7.962677613044685
109372,9.581509708834568
109373,9.64693253118456
109374,11.077625575787373
109375,9.579656250154292
109376,9.2847791363459
109377,8.261745692614152
109378,11.990065177726079
109379,10.75233475321968
109380,9.886948547541238
109381,7.544486725059619
109382,6.480050445267688
109383,8.122831276564423
109384,8.779163800410695
109385,14.272810466171169
109386,5.289704883804339
109387,10.524922535945826
109388,11.357218901308991
109389,16.52034938628684
109390,8.641064252110528
109391,11.684950804077676
109392,9.299401851084507
109393,8.402065717621786
109394,9.361745264883698
109395,10.801705834017211
109396,7.632856304931337
109397,7.3202000661617905
109398,15.200877356126691
109399,7.60253112278649
109400,8.88645156509633
109401,7.736670485905336
109402,7.024179080521674
109403,12.385517454972419
109404,12.246617957073672
109405,8.940682330604247
109406,7.222190351966648
109407,10.516958816293174
109408,13.73862666394325
109409,15.074972932093388
109410,9.559577329512733
109411,11.092894414799584
109412,12.599675696648564
109413,9.859327983795641
109414,10.642451742657697
109415,7.363305813838503
109416,11.201374105518559
109417,11.505194504277242
109418,10.739387352357147
109419,11.305469665505075
109420,9.463190910116404
109421,12.427483555434492
109422,8.834743911541615
109423,11.913529110521708
109424,8.47579744765709
109425,10.98615788988404
109426,7.100766118573195
109427,16.50507659068279
109428,10.138793526930204
109429,10.373600630858197
109430,11.462319465000572
109431,11.680873781980766
109432,12.025520004415196
109433,6.9993588818471935
109434,11.016819332720878
109435,6.666071753848415
109436,9.154067165680136
109437,9.068490846914155
109438,8.691559746180882
109439,10.589277045269275
109440,13.941236085481787
109441,11.493885859259912
109442,12.56290528151808
109443,4.373311231500757
109444,6.506007858405004
109445,9.21580242919384
109446,9.459598440826596
109447,9.65380717502753
109448,12.000672650341897
109449,10.022688937125615
109450,8.114873034699121
109451,10.96998691014143
109452,4.716094516229116
109453,9.87487212091832
109454,10.78811174655748
109455,8.379956659068753
109456,8.250603698144015
109457,6.691454640822281
109458,9.495637764337587
109459,10.407717427848146
109460,7.413950729199655
109461,6.471001616550131
109462,8.065275943396605
109463,10.232664599619362
109464,8.340548753905622
109465,9.883486512425455
109466,8.86870856023146
109467,8.334798976165331
109468,6.479946721390171
109469,9.377671422280695
109470,10.627274177831561
109471,10.19060228520375
109472,7.166928321299852
109473,9.61120299713491
109474,10.198000898620997
109475,9.400102150293748
109476,12.871675880282563
109477,9.525464432889814
109478,9.122681298426777
109479,12.419908266002018
109480,8.651725390606519
109481,11.0533534602233
109482,7.813565688053802
109483,10.306116696781118
109484,9.645605621258962
109485,10.726080597607268
109486,14.270106952264584
109487,9.300092983436468
109488,8.612196048373672
109489,10.62745827262081
109490,7.409354503270789
109491,9.702277148058249
109492,9.502357654567088
109493,15.335823248235215
109494,7.323592876674813
109495,13.509513152820242
109496,12.998246651637235
109497,5.686491397837921
109498,8.301850653835988
109499,15.15559247564627
109500,9.8133801366031
109501,11.271423456677539
109502,13.775562119273294
109503,9.383438475924773
109504,7.689417309927724
109505,8.620279357527362
109506,11.568517645163245
109507,6.715653206617139
109508,12.067260577802887
109509,11.686775406877135
109510,13.009699494887505
109511,8.613323293204605
109512,14.72226785048532
109513,9.433731527874379
109514,11.988078516535944
109515,10.389508594913917
109516,5.606098359657145
109517,10.589954742295184
109518,9.544030199519462
109519,7.973628860224157
109520,14.057688663905726
109521,12.800638097141846
109522,11.110537472561237
109523,7.103514933346029
109524,9.814352583928066
109525,5.822849141388939
109526,8.760838795425176
109527,5.961320584447926
109528,8.947912894027192
109529,7.623601178546993
109530,11.57143575889812
109531,8.458094307778989
109532,9.820837013334666
109533,9.556889734389895
109534,9.683822573197023
109535,10.1288852365685
109536,9.699560929133531
109537,12.352062758782406
109538,10.756996591703436
109539,10.555681691072113
109540,9.102877463879272
109541,15.327234399933758
109542,9.831746443694225
109543,9.90438594176093
109544,8.697257832847258
109545,6.792034474034034
109546,6.325683473794063
109547,7.1912928078498215
109548,10.892795789635107
109549,6.889072363193731
109550,6.278596121385858
109551,9.554035606269913
109552,10.061881843625066
109553,8.579598513053616
109554,14.822267392015897
109555,4.087222068392138
109556,8.729453777728827
109557,9.115885913088892
109558,4.708355064523663
109559,9.150701936809252
109560,8.846121528813043
109561,8.916276472808923
109562,11.55620155144765
109563,11.85947969524572
109564,9.021523080693777
109565,11.0403964926094
109566,9.47120521452418
109567,6.707865545457423
109568,8.970266418423721
109569,9.41391461244192
109570,12.30746930057218
109571,7.475965912996062
109572,10.58876833063174
109573,11.615420030031446
109574,9.166218334213292
109575,12.773584859429793
109576,9.065364492654007
109577,11.630940740923576
109578,13.385854774289669
109579,12.571280054305733
109580,12.385665611387502
109581,10.19240875073953
109582,8.85179900275476
109583,13.048625234085037
109584,9.368060421448828
109585,9.155219311550441
109586,11.69054029911576
109587,15.820139773788739
109588,10.659988788265633
109589,9.293201738785687
109590,12.920068777027186
109591,8.879811148740208
109592,9.33868283429934
109593,6.333794556147951
109594,9.437076376488948
109595,10.406803357392914
109596,9.451072616203978
109597,9.199581692807053
109598,7.214448643075599
109599,7.795199797584995
109600,11.773950888843421
109601,9.880419023681402
109602,6.969640546128543
109603,12.947911398558414
109604,8.38224625993859
109605,10.42335158530457
109606,12.30042457109396
109607,11.595477434098902
109608,9.17343686248169
109609,10.644713279352423
109610,11.324384715056059
109611,10.570820975460649
109612,9.44852594388318
109613,7.498211029816528
109614,5.500447134579792
109615,7.479997273555614
109616,8.460904291930124
109617,6.199769179429287
109618,6.457945657308599
109619,12.082585782204305
109620,8.750679321228125
109621,7.439386851891731
109622,9.534041311564106
109623,7.939383623443351
109624,9.241391769492557
109625,9.370968223933453
109626,7.818788589074286
109627,10.664182039353992
109628,14.214661331685736
109629,9.553769075187173
109630,13.39348292669489
109631,9.873997697832898
109632,10.210900232124557
109633,8.743501894761133
109634,9.773425378543802
109635,9.346286534162436
109636,15.207191724334773
109637,11.069551358919407
109638,7.507474361969403
109639,7.88940266116276
109640,10.205183746881069
109641,9.31131875287491
109642,8.110956972455387
109643,8.142273239229798
109644,8.138923318789269
109645,11.50176224086265
109646,11.775925484311921
109647,9.038028816944788
109648,9.95800403547427
109649,7.589163998211667
109650,9.980889156163684
109651,7.93086796536393
109652,11.176095967187944
109653,4.509044927659699
109654,13.28412212526745
109655,8.734333726164603
109656,9.052225148777001
109657,10.15941801496225
109658,11.498459212340086
109659,11.25889094234414
109660,14.50794063452471
109661,14.927527043657907
109662,11.051390380219582
109663,11.77770047527651
109664,6.5681061279908
109665,9.301521514899523
109666,6.996435925315211
109667,14.929134415370012
109668,7.233744106356241
109669,9.889998890697111
109670,15.288902727306683
109671,7.869555211105265
109672,10.969074545973648
109673,9.610078579347004
109674,13.2761328613739
109675,9.412303817292676
109676,9.766780799309746
109677,8.195220161632557
109678,9.522265787750785
109679,10.62602443013183
109680,10.999248552392366
109681,6.293483865843183
109682,8.826285165017465
109683,14.257748569240547
109684,11.234852312011535
109685,9.151316762456636
109686,11.874695104139429
109687,4.739676399868706
109688,8.550658533582645
109689,11.056736947201115
109690,4.534648427714568
109691,8.962228874267382
109692,9.990317856227104
109693,9.415740581820215
109694,10.34955874501243
109695,8.864952982765516
109696,9.714316843940905
109697,13.834223524872991
109698,9.480845656273056
109699,9.299289019133388
109700,8.634623181539789
109701,10.323148583153154
109702,9.663073532118165
109703,17.039722116208747
109704,11.681355783792318
109705,13.012948238049372
109706,10.835779760010855
109707,8.555310007690505
109708,9.437915937473377
109709,9.130066477694458
109710,13.062589503002167
109711,12.241773246501316
109712,9.733288575059133
109713,6.554688949383786
109714,7.585628240407752
109715,8.557638748841761
109716,9.981385665428709
109717,9.399412385166357
109718,10.499808751195642
109719,10.436578598291206
109720,6.707331026709819
109721,15.369232111853844
109722,10.58945664871489
109723,10.548412112777633
109724,10.164209177383636
109725,5.427712116130141
109726,5.350707672614119
109727,8.32306093687931
109728,14.142602662785103
109729,10.516005355509451
109730,12.09207208259356
109731,6.7183126282681105
109732,8.494607386939098
109733,8.251213745362145
109734,9.747061784202348
109735,7.260799168606562
109736,11.990762034316749
109737,9.097965187754909
109738,11.825411954166416
109739,7.092877258166707
109740,10.313578553295399
109741,14.519937186830655
109742,8.492517995437215
109743,10.401039968704678
109744,9.641769850076985
109745,9.52414590875943
109746,13.61005894634348
109747,9.377961422816364
109748,10.059028960553954
109749,10.30362811264934
109750,7.40663247179028
109751,8.574896458209807
109752,10.675689305703447
109753,8.530447137153939
109754,11.460951275235042
109755,12.150474871675573
109756,10.23309807040809
109757,9.47491030453962
109758,4.9118789427734875
109759,8.029734187328284
109760,8.845887408589267
109761,11.285653117611417
109762,8.906466820993073
109763,9.818088716725008
109764,15.701200099827503
109765,13.712867733536509
109766,7.232428761188207
109767,9.358825291833309
109768,8.222725000654645
109769,11.516769990661524
109770,10.642773369754007
109771,12.330973608578379
109772,7.843773646533535
109773,6.3096675658547685
109774,14.113408298752727
109775,10.98715771341078
109776,6.623835656296395
109777,9.355021380457023
109778,9.708548871928778
109779,6.751716687161972
109780,8.461223306640218
109781,11.95280661326411
109782,10.716589902513626
109783,17.31085584017855
109784,15.51726957989087
109785,12.832808156568955
109786,11.303880269741104
109787,11.438239546995899
109788,9.76898202696059
109789,9.535129818878957
109790,7.568316657322835
109791,8.408803400780016
109792,10.187617664981577
109793,10.159405513658466
109794,12.581411395186228
109795,6.496111187665678
109796,6.550906952324633
109797,4.097140297741207
109798,10.580422212995089
109799,9.15470056062996
109800,9.590395833959057
109801,11.368884705701168
109802,5.383528203232025
109803,10.842056819228972
109804,9.291651751952433
109805,11.66276878236803
109806,11.328759083129702
109807,7.455610610683523
109808,10.74739989207763
109809,12.647663258569482
109810,7.311857620705707
109811,6.9530029345879285
109812,6.636833671705444
109813,7.995954900432937
109814,14.755714691805812
109815,9.036487474552718
109816,5.04437735253924
109817,6.762567783223348
109818,8.308550968193883
109819,9.768007667147192
109820,6.565951530164954
109821,16.880313304734322
109822,8.932662079078995
109823,9.364021455441769
109824,10.2364050667621
109825,11.537346918397603
109826,11.48571522609926
109827,9.577719418799765
109828,9.689405751132586
109829,11.758082288845742
109830,12.326507190211295
109831,10.611619266420103
109832,8.53955614983464
109833,7.566560828854176
109834,7.74236956453331
109835,8.767392998801661
109836,11.927537009009523
109837,6.67503500198205
109838,8.478707517302285
109839,8.599308468387765
109840,7.036397022958907
109841,6.890948255624892
109842,17.846967408072043
109843,6.887967277632775
109844,9.183951353170738
109845,9.894326266904676
109846,8.194563869905007
109847,6.899791792590825
109848,9.354146539533035
109849,7.413915631994975
109850,9.411473120444075
109851,9.869238156682986
109852,6.339807368504488
109853,11.989266428671556
109854,11.877697522488152
109855,13.520341139701788
109856,8.775799144834929
109857,12.457282616578093
109858,11.745532376567285
109859,13.690910309330244
109860,9.751680215360683
109861,10.275689266671355
109862,4.589449057520142
109863,8.965188950372154
109864,9.36220460728176
109865,8.317482269934724
109866,7.0311860494872676
109867,12.301257807770764
109868,7.983997859092737
109869,5.688178544224149
109870,9.72719482626878
109871,7.901647628299614
109872,11.658078031788403
109873,12.20562244124501
109874,6.56827597469776
109875,8.586449570573565
109876,9.296190942979726
109877,13.694457533873447
109878,8.874241784047204
109879,10.521462021863751
109880,8.344428409173116
109881,9.914405147408214
109882,9.187089978621342
109883,8.138917095884906
109884,8.449677826823496
109885,10.26136505929331
109886,12.32093748469779
109887,9.850169537271132
109888,14.344848517875018
109889,9.47587199302181
109890,10.403345003021311
109891,11.68678407953951
109892,9.380766754581106
109893,8.696865031833408
109894,6.729278312645292
109895,9.138702793613282
109896,6.7293165757998965
109897,11.643132275245895
109898,11.981142358521861
109899,7.221502060975915
109900,9.842346610587445
109901,8.115256871851797
109902,6.7158241247736425
109903,8.352999164820996
109904,8.56471606617087
109905,10.122104179258283
109906,8.916117817781123
109907,9.759496531981426
109908,12.401240106984323
109909,9.236304854940448
109910,12.92715887191624
109911,6.74358864364469
109912,14.284877874611377
109913,10.513210443674561
109914,10.23707954283645
109915,7.895683649550989
109916,9.577978688640382
109917,11.467014149630792
109918,9.474186917726849
109919,5.70438667755492
109920,7.306148712586906
109921,7.417498852412065
109922,13.849642588582872
109923,9.14140903540414
109924,9.249880768184692
109925,9.5079382107802
109926,11.605880036433225
109927,7.919362543795048
109928,9.901587984957155
109929,8.501171283426409
109930,8.48819842191518
109931,6.322585330127116
109932,10.81106541986377
109933,7.215913381864762
109934,8.817098724281841
109935,10.290606909786177
109936,8.165447511257302
109937,10.327855122055729
109938,10.90421445837921
109939,7.9812706792103425
109940,8.355145922083503
109941,11.93340041771637
109942,8.310733538658317
109943,12.379155731770933
109944,14.755446110430503
109945,10.793774324567798
109946,8.238688842215131
109947,10.946928693192467
109948,7.471950195416528
109949,10.462920742142177
109950,8.088698004551617
109951,8.974962085958454
109952,9.68075202316726
109953,9.493621171310817
109954,9.016472062221823
109955,9.24236375232873
109956,11.776355015235762
109957,12.455281099056563
109958,12.06449909797884
109959,9.454001830898527
109960,12.199723128649719
109961,13.405251940479165
109962,9.285123266939234
109963,6.62384181770763
109964,11.016033391191336
109965,8.013782385426277
109966,4.281843491600769
109967,10.097298601395076
109968,11.316117017818067
109969,5.3278626989386115
109970,14.807345703998376
109971,9.655421133350043
109972,11.260952387191512
109973,10.814030530388655
109974,11.067340224800901
109975,9.90832615238462
109976,7.107781665506214
109977,9.44970108782782
109978,8.368263815414867
109979,11.791393302147053
109980,9.67085644441941
109981,6.299366609243636
109982,13.722218584770127
109983,10.379831127091254
109984,12.81822253131603
109985,7.420407538990332
109986,10.259380257306642
109987,13.572423374122513
109988,8.615887899880098
109989,7.62879970343806
109990,10.238165868219294
109991,7.094215601826837
109992,8.176561708904277
109993,7.110462215050839
109994,11.538781736970055
109995,11.108075802379856
109996,10.291969408867367
109997,9.880927785282484
109998,9.426147143357017
109999,12.656285712859441
110000,7.223697548336385
110001,8.228551905015786
110002,11.147280361275943
110003,7.295661549425219
110004,8.508637281798936
110005,11.195901772541783
110006,7.25455997317425
110007,9.216504148253593
110008,9.86752440253119
110009,5.038117825019404
110010,16.804374417471706
110011,12.527854626194621
110012,11.027896791903077
110013,9.567935955797838
110014,7.156167462040019
110015,5.2929713381747225
110016,11.612897806676111
110017,8.246080302893706
110018,9.137663791003217
110019,7.769678133235618
110020,7.906876123880837
110021,12.068415725916214
110022,13.57824205502916
110023,6.406272313177746
110024,12.59063049179078
110025,9.074624508834367
110026,7.347438798267058
110027,6.733025480814282
110028,10.792899598622206
110029,12.630538873879768
110030,9.783826551272403
110031,14.393149007482943
110032,11.294982926765657
110033,14.473864238931165
110034,11.05357697056974
110035,6.8553330987528724
110036,10.159527790044494
110037,10.524198249562307
110038,9.641470230596017
110039,6.657016647759258
110040,9.68815975885443
110041,7.1246860397917136
110042,6.155532744123161
110043,12.049615439386079
110044,7.4378496743566345
110045,5.117026350188148
110046,6.796879737232315
110047,5.235415635194447
110048,10.570668678811238
110049,10.533246295873306
110050,10.134102596514392
110051,8.38640396927646
110052,14.49751518619966
110053,4.974151566729467
110054,10.229908614853372
110055,7.7974272302868455
110056,10.894610007423212
110057,13.121352382116347
110058,10.995024787882105
110059,7.537905648013148
110060,7.004958007432018
110061,9.762646542794055
110062,11.339274337396333
110063,4.959471082093687
110064,9.05819588928077
110065,7.564837804589819
110066,9.399866821576797
110067,10.55550102721754
110068,12.270333816243518
110069,8.540609822922558
110070,4.346454983294965
110071,5.9871609828291525
110072,12.979297670052834
110073,12.533808399701156
110074,9.785168817149671
110075,7.125213551975287
110076,9.335524187849074
110077,6.964689206945151
110078,9.04016178235225
110079,7.574653854927402
110080,4.659068795340901
110081,11.093324335215332
110082,8.929180211146285
110083,9.31290431997952
110084,8.950818724853224
110085,13.553372407582492
110086,8.724948277382158
110087,9.877166992757555
110088,6.876235904227892
110089,9.310381818758222
110090,8.2889571145826
110091,8.895942618780456
110092,10.4102153213882
110093,8.944326598465043
110094,9.130600114681165
110095,7.944410669405732
110096,7.912789457331624
110097,8.748035322093914
110098,10.286135580911838
110099,5.93153614588227
110100,6.200800024926723
110101,8.075338667174723
110102,14.430263283445768
110103,10.688324770474258
110104,7.751254192292976
110105,8.416769119065714
110106,10.912136062043327
110107,8.713289913085063
110108,12.233950222623736
110109,12.60014283017077
110110,7.326870075042237
110111,7.760168525927211
110112,7.019137950493056
110113,7.832880558497574
110114,8.283711327129373
110115,11.669168512303363
110116,10.586232779169709
110117,7.571945416446644
110118,13.520614025814904
110119,9.094633057280292
110120,8.614957469789568
110121,8.785005985774891
110122,11.712372786658342
110123,7.751043173247277
110124,9.075854285406534
110125,9.481292239639423
110126,13.421443017942522
110127,7.127571205101736
110128,12.87695456620015
110129,9.326845329217889
110130,8.73149007906547
110131,8.70706371074731
110132,8.599360430239821
110133,10.962214727545446
110134,8.572531928416762
110135,12.77879629187565
110136,10.814495785696732
110137,9.06373413491171
110138,10.58976210427594
110139,7.091199323258586
110140,7.672269359738143
110141,8.978724408177658
110142,9.444513992764797
110143,9.25937405279787
110144,9.046425164763091
110145,8.787792963740852
110146,12.816810143534877
110147,9.969469463306012
110148,8.561550526988352
110149,12.917963884583681
110150,11.619164849855808
110151,9.420057284592946
110152,6.759409271532145
110153,10.9968743621237
110154,7.452147051406785
110155,7.436164993268838
110156,12.101245982676655
110157,7.139281339556035
110158,6.827695880933177
110159,11.533306588156877
110160,8.403783429620542
110161,13.466300065759588
110162,14.838995531485688
110163,8.620528936716362
110164,8.63292384235475
110165,5.50717083344277
110166,6.039708820951482
110167,9.958121720075122
110168,5.9830415705791165
110169,11.50288970901719
110170,9.77304198667859
110171,5.152299449851658
110172,12.560154788135812
110173,6.901539243809353
110174,7.116450077847948
110175,6.518576865025274
110176,5.563185541046825
110177,12.758592241306708
110178,11.930217109926028
110179,8.838591685210165
110180,8.849166620270072
110181,13.894986483570358
110182,9.393417770325092
110183,8.830226457998911
110184,6.7184898550571335
110185,7.446632246234779
110186,13.358756801018268
110187,7.3122423242276895
110188,8.865120380816162
110189,7.634525231342127
110190,9.858644446243693
110191,9.497282172209932
110192,7.558995961288119
110193,11.105978190477416
110194,10.031803278068782
110195,9.800465848823242
110196,7.726245991832366
110197,7.363124791933123
110198,9.392359780595841
110199,10.930589119436853
110200,14.384052310011032
110201,15.2816698219698
110202,12.955988959296146
110203,9.495061135331886
110204,12.687923434623583
110205,9.60466758530649
110206,5.676180286008981
110207,7.792507318482608
110208,11.87829569696304
110209,10.40262253308825
110210,10.036010168920386
110211,5.007694630107527
110212,7.790498862990901
110213,6.4755057088343815
110214,14.855114727178144
110215,12.012066385593265
110216,7.759933868895399
110217,9.404342566452293
110218,13.058550086665296
110219,8.450909594337176
110220,6.952800421840162
110221,9.452459906173797
110222,8.89894776406955
110223,11.047602505327411
110224,9.188631731285929
110225,6.641120538371709
110226,9.646190135945437
110227,13.919731859770968
110228,12.097320940278863
110229,11.298694751916093
110230,9.06089410102344
110231,8.74492067848946
110232,11.311363399161399
110233,9.293114053028868
110234,4.558966290081986
110235,6.839788936099843
110236,9.811788228008222
110237,9.923446337225872
110238,10.569958466021856
110239,8.897686804283946
110240,4.560645004116088
110241,11.526232333744582
110242,16.619818989544974
110243,5.9570628676085615
110244,7.485273286025536
110245,6.86874571861439
110246,16.20067992085152
110247,14.270601263367306
110248,9.057177704255087
110249,11.568912717252966
110250,8.323078237274984
110251,9.658096100364626
110252,8.73757786590124
110253,10.006018553512956
110254,11.211316379259838
110255,4.530280084068427
110256,7.902628160067951
110257,10.994226985359893
110258,13.534088856503152
110259,9.527498882970518
110260,13.176218036883416
110261,9.736148020298083
110262,9.728309686639287
110263,12.335113408256547
110264,9.369477769711828
110265,11.5068656171132
110266,11.213255454347834
110267,7.824189074440284
110268,8.093706947008318
110269,4.931225605141964
110270,9.4538316358939
110271,9.690896700545498
110272,9.350704446482357
110273,11.381851682443521
110274,6.751272312335395
110275,12.691201885983645
110276,8.005111683465547
110277,6.956906827767986
110278,13.235678573288752
110279,7.9233568352991
110280,10.890357796950505
110281,6.342332069663261
110282,10.070547778963464
110283,6.738282535170695
110284,8.312372374935439
110285,15.760483543744584
110286,9.406183672479509
110287,9.148902945693713
110288,8.32961011012469
110289,8.43375807443792
110290,11.360476209327734
110291,6.936244804847658
110292,10.53702738973281
110293,10.09359198408249
110294,9.163888008541111
110295,10.726907764168004
110296,6.069708235453914
110297,5.518295093819056
110298,5.068604432328522
110299,7.896070691026024
110300,6.259426605320486
110301,7.432416015183618
110302,13.775738798204298
110303,14.276114416758741
110304,9.905595737071703
110305,13.971065677567946
110306,10.826302261704717
110307,10.013744131759198
110308,10.264683028084498
110309,10.699637249413001
110310,11.983985727446186
110311,7.903745591734113
110312,9.833139982205433
110313,7.2913320520367435
110314,10.32480199224614
110315,12.012342466078797
110316,8.31158926461801
110317,12.636996905941885
110318,5.603750964342017
110319,8.314789518962574
110320,7.927272027499301
110321,9.854909329749574
110322,9.815515152739726
110323,7.07949180785449
110324,9.647066976088896
110325,9.711051080264937
110326,12.967860763835253
110327,9.761134371156526
110328,9.135875386309234
110329,9.684704685013717
110330,11.74570967450669
110331,13.364748092523637
110332,10.327214490100165
110333,8.866865254801752
110334,10.065523987494132
110335,8.075490460769696
110336,8.055859499514114
110337,10.146388390094804
110338,7.632218175020762
110339,9.279500627296425
110340,9.498835656799006
110341,13.100578821127877
110342,10.934792550374988
110343,7.991731147799335
110344,10.15428922802935
110345,14.178754936818617
110346,7.6973567668557905
110347,9.402973155616431
110348,9.469269224243998
110349,9.807871268851915
110350,10.65051339448444
110351,10.805570851079562
110352,8.336949794776853
110353,9.225676660022078
110354,10.329086834886642
110355,9.078710773159369
110356,8.654001360332405
110357,11.269088772539927
110358,7.815193826607739
110359,7.969872597782491
110360,12.100339702977465
110361,14.265771856516292
110362,8.594613859161203
110363,10.067758363859468
110364,7.594283218747902
110365,9.096101388933006
110366,11.335466063544008
110367,7.694353957332984
110368,4.706555189830279
110369,6.770007935091783
110370,10.180173425066169
110371,11.693494529711721
110372,10.770561506644473
110373,7.253137785831283
110374,11.773886566001424
110375,11.215348189390658
110376,11.445527401255504
110377,7.795719058282684
110378,9.082867830941439
110379,6.9153923264286075
110380,9.445268949282362
110381,9.660222801788766
110382,10.14044675575548
110383,8.815949073945001
110384,9.272461417500574
110385,8.317178272444727
110386,10.825733023931422
110387,8.473198228843044
110388,7.324088480558196
110389,10.0184938269479
110390,12.497742412458335
110391,9.813759288574087
110392,9.80261320014135
110393,9.245707698033899
110394,13.573236762944493
110395,8.485360307632146
110396,11.088799587333662
110397,17.058907114068134
110398,9.407474331758785
110399,11.776425683746577
110400,4.582922749048146
110401,15.315795395619753
110402,9.308273624818039
110403,13.855656141276025
110404,8.686525981258102
110405,8.965490404280427
110406,7.583596764338816
110407,5.8089907658209485
110408,9.444523040601155
110409,12.871927686589913
110410,8.596161205973537
110411,8.828760973672201
110412,6.566020412478333
110413,4.241624202928447
110414,8.902748619151003
110415,5.639714364066145
110416,7.334349081343151
110417,8.251811895179058
110418,15.001586918392372
110419,9.194695995262219
110420,5.025263733814013
110421,9.799204159493652
110422,7.582762137058192
110423,9.859746645492597
110424,6.809859303508998
110425,7.559594862114399
110426,8.278969852117605
110427,9.477909504287355
110428,9.160335696788449
110429,10.311957437687862
110430,10.215100353216425
110431,9.429374560842868
110432,9.722678622686313
110433,6.497501560444031
110434,10.28465861491451
110435,15.975485423056586
110436,14.341605988409365
110437,13.500743032158951
110438,8.654491863087113
110439,16.56080867699778
110440,6.647534286479333
110441,13.39432563467578
110442,5.6968640115933304
110443,8.835094338402437
110444,10.657259495544693
110445,11.712277662595035
110446,11.475618798122143
110447,7.204015991610376
110448,8.544422047279786
110449,12.115298573030437
110450,8.92280249929009
110451,9.780704998016201
110452,8.457790257273858
110453,8.678571400451705
110454,9.19326701950691
110455,5.079470852405569
110456,9.687695249894265
110457,12.103543824055304
110458,10.721288837771123
110459,8.71062805314666
110460,4.899437980835109
110461,7.517343279796014
110462,11.065102621537225
110463,8.5064872585263
110464,10.629316903225547
110465,10.588433287768938
110466,13.127112854641359
110467,8.046764379015636
110468,4.0943648386385885
110469,7.165801657897052
110470,9.192174469689144
110471,10.692026318319863
110472,11.230429391173285
110473,8.328044111529968
110474,8.527410760551984
110475,7.039894542352518
110476,9.327532524761477
110477,7.125307616305894
110478,10.238805818725002
110479,9.675210129645787
110480,9.35022626850505
110481,8.147391015635279
110482,15.703058585256846
110483,12.266937994369163
110484,6.473646681345611
110485,9.913812729307235
110486,11.965555176860118
110487,15.863501820246892
110488,10.231493182398784
110489,12.72591830961874
110490,10.425033325425764
110491,9.603956693449657
110492,5.282653567725843
110493,6.205768328239058
110494,12.157336506384006
110495,9.012621538633608
110496,15.37874503687307
110497,12.375005020302986
110498,7.439618302601156
110499,9.057194686935329
110500,6.505281844333038
110501,6.925694964352968
110502,8.21624684826576
110503,6.41700241011087
110504,8.760839047496328
110505,5.677026846509151
110506,10.459518360297524
110507,5.619839869833015
110508,13.675468405772397
110509,7.1312744014049985
110510,11.337784811546484
110511,4.403313805369531
110512,11.41078880247724
110513,7.591626357215614
110514,6.845384537638644
110515,5.397336058986971
110516,5.552126705668568
110517,10.166683723372184
110518,8.104780229037935
110519,15.251656941228745
110520,6.9774651270458055
110521,10.897199701962617
110522,8.093016978250251
110523,7.6879102838828715
110524,7.81056349644506
110525,11.944609679037026
110526,11.005182067425828
110527,5.061253016017429
110528,11.480416135582052
110529,8.911446933335675
110530,7.364291053321298
110531,11.581253751208788
110532,9.324428873531813
110533,7.543049233891077
110534,9.191846077447561
110535,10.074063708263207
110536,6.8431186951763845
110537,9.962271054706676
110538,8.568953472136641
110539,9.530288244717346
110540,7.794650482237385
110541,9.51208717375616
110542,8.413939322493354
110543,9.615158836204944
110544,7.675366326810074
110545,7.946744712520292
110546,9.476990212519542
110547,7.568316372541783
110548,8.515336236277829
110549,9.727998100377617
110550,10.978443457116251
110551,11.35940993064153
110552,13.067919786872883
110553,11.79358609927527
110554,7.256121993128164
110555,15.205361178695977
110556,8.873575084900006
110557,11.09977228708977
110558,10.08213727528053
110559,10.430137264490897
110560,9.897677960734041
110561,9.419406424381943
110562,10.906211695659712
110563,12.110037417972283
110564,12.017643811983069
110565,14.175594309571
110566,7.14124441497827
110567,9.220079872423863
110568,10.410934652101773
110569,8.475740981682245
110570,11.225499510222564
110571,10.61365013576982
110572,11.938700345533938
110573,10.323092398253818
110574,9.031316917406112
110575,7.600747249467803
110576,8.75964832626691
110577,8.117021869624255
110578,4.120792665972742
110579,6.102754852967232
110580,16.176037546463178
110581,8.660293839154942
110582,5.797622696639144
110583,8.125453650903626
110584,9.241749087254792
110585,10.201531488605792
110586,9.288545761963771
110587,12.903710159159399
110588,9.221388593160428
110589,9.527696087824348
110590,10.03506710164184
110591,11.06311160837826
110592,9.803174696468856
110593,14.074338922436429
110594,11.924434046940222
110595,13.632180678363246
110596,14.22108747702199
110597,9.529891278344959
110598,10.092399687684344
110599,7.277001077154118
110600,7.530321222551613
110601,10.189687116061588
110602,11.03320353352446
110603,12.008530235141766
110604,10.546091788041627
110605,10.00431440401977
110606,10.861377758617161
110607,10.523177105884624
110608,10.652239872854583
110609,8.388525271002814
110610,12.67629286427244
110611,10.022299428083837
110612,10.498625844949766
110613,8.109533897528362
110614,12.138996883325504
110615,8.378413487904359
110616,7.9220213571561064
110617,4.349077962904202
110618,7.6303828734186965
110619,9.764602684844542
110620,10.165446984702305
110621,8.830638644233044
110622,8.635214251953684
110623,10.00209853155359
110624,13.784541457030553
110625,8.31299291374341
110626,15.783386832789887
110627,9.504435737923016
110628,14.803825651677561
110629,12.141750801748195
110630,9.428139147553896
110631,11.937077283105136
110632,11.552009655537066
110633,9.775805545839422
110634,11.291666262513058
110635,10.354940251901542
110636,11.167545200413485
110637,8.632533844615095
110638,12.83838489356294
110639,3.957405938122973
110640,10.635170923150431
110641,14.77927170946935
110642,11.643543161294955
110643,12.438582998294594
110644,7.305278801984028
110645,9.12520759412803
110646,6.995022496559673
110647,11.309374629018093
110648,10.730206740343027
110649,6.406241301122054
110650,8.707515928752386
110651,10.87235995822905
110652,13.144946284321875
110653,11.693460322977298
110654,11.302372737434133
110655,8.806117985473051
110656,12.362219945372441
110657,13.298074892384028
110658,9.15480603293864
110659,10.068551412091674
110660,6.92118582056016
110661,9.178389745820203
110662,9.485676548577983
110663,12.687310938519833
110664,7.968711606070324
110665,4.982913082096984
110666,8.884395833298754
110667,9.06497179208641
110668,6.2215280997163
110669,9.799546762560059
110670,10.350884285689085
110671,9.421718465234495
110672,9.314173824243577
110673,12.99186471045267
110674,9.401779617869177
110675,15.544758177066365
110676,11.689413408454328
110677,8.821996097080648
110678,9.54449772921451
110679,8.692404188313478
110680,9.824007566061109
110681,8.351359731564852
110682,9.443697397241161
110683,11.72416422462933
110684,10.109804851136243
110685,10.966915707064235
110686,12.3863667404505
110687,13.094825382179115
110688,7.624844643225049
110689,9.898499173111624
110690,10.424106999608796
110691,10.628563339103852
110692,11.030582479829198
110693,6.646813375066527
110694,12.14627606735409
110695,13.271444483510695
110696,13.719284852114095
110697,15.52160444584228
110698,9.357020672806515
110699,6.570559014282109
110700,13.375277881339548
110701,8.15548413105662
110702,9.307120776125684
110703,11.415166164768557
110704,8.978827663878088
110705,14.821758458210326
110706,10.389294661813683
110707,7.878584454609149
110708,5.939306288606812
110709,10.98409686255162
110710,8.99284886831916
110711,9.399278345410814
110712,9.237806360679073
110713,7.156508820152823
110714,5.095349033570634
110715,13.523811535488733
110716,12.262154092854143
110717,8.9958954115511
110718,8.867281073729046
110719,11.635409604319543
110720,12.39356465496111
110721,9.589326568503541
110722,8.617636556075837
110723,10.345804338484925
110724,8.671882719771208
110725,7.202462730530192
110726,10.767567698242923
110727,13.377497131493078
110728,11.475956374220225
110729,9.567525597262577
110730,7.877686702525914
110731,10.606077261423263
110732,9.072527598429067
110733,15.507745769968412
110734,9.739825048069823
110735,9.496131798540326
110736,6.008648331428152
110737,12.01159849878395
110738,13.701717918994603
110739,7.669238086112651
110740,9.247032694051038
110741,9.071944840653424
110742,10.824368780927943
110743,10.042583639268152
110744,10.213001868200017
110745,9.956002544849223
110746,7.293965825575022
110747,9.479216291055826
110748,9.24212191811403
110749,10.154141026717053
110750,6.8116432523817405
110751,9.376353576059815
110752,12.182825740641851
110753,10.801302666049951
110754,11.090989306601944
110755,12.946903709361578
110756,8.971623779322773
110757,8.597352521874967
110758,9.407009517829751
110759,14.747334134833014
110760,9.882361386219367
110761,10.812284309327774
110762,10.771347738924886
110763,8.033964380419738
110764,9.82010712474574
110765,4.615893852612772
110766,11.868240936245844
110767,6.833460220280855
110768,14.304127689833184
110769,7.390825277159266
110770,10.85753587174899
110771,10.738217212424967
110772,7.550037006601326
110773,10.536594535381745
110774,14.140633015702656
110775,12.668894731064944
110776,9.579506727882363
110777,8.395587756846808
110778,10.067255456085032
110779,13.027930453772925
110780,4.0532503889967195
110781,14.464737094869369
110782,12.652867840640836
110783,5.551774062600852
110784,13.227368008948016
110785,5.947383504650359
110786,10.36245913127396
110787,8.256168099833745
110788,8.253897468030317
110789,9.390613799796004
110790,12.303101570913928
110791,12.08979111982433
110792,8.957050696416738
110793,14.722745627564233
110794,10.395448783096382
110795,9.023321615468987
110796,9.267893069501337
110797,12.817750581809083
110798,7.076170942786528
110799,8.37520672869857
110800,12.781382021381402
110801,10.142866028756501
110802,7.060594038964865
110803,13.659835107947236
110804,10.912073486462464
110805,9.525216769872756
110806,11.365004181151424
110807,5.082523958597778
110808,10.888750806860054
110809,11.375250398068626
110810,7.168836530758942
110811,7.085005060562925
110812,7.972410260074559
110813,5.67825186760817
110814,15.100796133048476
110815,9.659706835353049
110816,13.404307823809537
110817,8.631950328215817
110818,10.590104437988758
110819,6.520986025407595
110820,11.465163389926218
110821,12.06175353649231
110822,4.704859426767636
110823,11.802619640949874
110824,10.760394105125744
110825,9.22225421445875
110826,9.030254159603272
110827,8.452809865378136
110828,11.276208157837614
110829,16.884396635220988
110830,11.827649302327321
110831,10.378009169744505
110832,10.830544135780816
110833,8.531722924230813
110834,5.610622846596806
110835,6.024281740400829
110836,9.409785118094362
110837,7.738609662483571
110838,10.512472723194383
110839,11.519942832753049
110840,8.255504258812005
110841,12.387800316848054
110842,12.826493122411614
110843,11.557095221058159
110844,10.626511886329808
110845,11.615133921184997
110846,13.838192301393581
110847,5.419291967418629
110848,10.255528337667434
110849,10.851963443868614
110850,9.300984620787
110851,9.14556297188169
110852,11.673448979213848
110853,12.519464146856317
110854,8.125108845564231
110855,9.194278069480736
110856,10.757867722919599
110857,6.109799269831961
110858,10.70471211291064
110859,15.34972689385601
110860,13.773580028521726
110861,9.5882181075006
110862,9.134221833271514
110863,11.532260778787204
110864,8.408214395244192
110865,7.944883629941114
110866,10.896586733477317
110867,9.377521271146907
110868,9.726867583471732
110869,9.967827542648783
110870,8.16421830627229
110871,7.14850555133269
110872,8.725328633069841
110873,8.744451695727173
110874,8.53717901408626
110875,8.883300442433821
110876,14.588090039237647
110877,9.964683884493969
110878,9.620985273591254
110879,9.003968150528024
110880,8.901594281030395
110881,8.594257738447308
110882,8.382994502678716
110883,14.308770697108272
110884,4.553553362336281
110885,7.19093411859873
110886,5.893442175943743
110887,12.804185913333347
110888,12.08522033829565
110889,8.518910861077526
110890,11.357288120779867
110891,4.035611807239884
110892,9.323826432787678
110893,7.695529798481959
110894,7.682374370618449
110895,7.329092258594815
110896,6.962860301817462
110897,9.109016982659309
110898,14.959496898881056
110899,10.422390766121392
110900,13.94878649123152
110901,12.354003104475021
110902,13.168967476928923
110903,7.570278213660646
110904,8.472888962342997
110905,7.103699127744454
110906,8.549623830155173
110907,7.5230512249067845
110908,10.674889535068068
110909,7.470712260438553
110910,13.914503486813782
110911,9.56241915141043
110912,9.950410684249968
110913,5.027386417877064
110914,15.060581667404847
110915,10.618715024103526
110916,10.958100713433428
110917,8.996212881511127
110918,9.560584223789412
110919,12.38820369670957
110920,9.381829736982713
110921,9.214775727669892
110922,7.713164347011075
110923,15.106624218079409
110924,14.31896821814207
110925,6.622893814430066
110926,10.776750146912931
110927,7.396311449036166
110928,9.530002950623707
110929,12.992328086567294
110930,7.295362718644171
110931,6.771896297257226
110932,8.305331551030235
110933,10.5761023634112
110934,9.3485290353721
110935,8.20926122374188
110936,10.331155918428296
110937,9.84105736030494
110938,17.134185784816754
110939,10.978883804173703
110940,9.687992972769305
110941,6.8690099450164634
110942,9.205586598594577
110943,11.293500628598409
110944,9.93590239570425
110945,10.795155560721405
110946,10.754995602254017
110947,9.378990278869258
110948,11.482676840784855
110949,9.269810347841561
110950,10.81087460342001
110951,6.43973533232072
110952,7.86211194364305
110953,8.368790823798932
110954,6.9445444909057725
110955,10.759272850161526
110956,11.183827973870404
110957,10.447264225445789
110958,11.450689158706812
110959,9.935216021775584
110960,7.518112047156893
110961,9.514404299401633
110962,13.799757266114678
110963,7.043980013943825
110964,9.48255804703555
110965,11.265042562945387
110966,7.989502983860821
110967,7.337292738693032
110968,10.933573667360696
110969,11.5087303598944
110970,8.906873498136115
110971,9.012399569562609
110972,9.549243561887122
110973,9.841872945539981
110974,7.031388182096441
110975,10.537025654795391
110976,12.254532184107896
110977,7.538257651946789
110978,8.166358679942334
110979,10.397812300425176
110980,11.047138724558142
110981,10.259841158925445
110982,9.762077155948795
110983,14.54771783207585
110984,7.688162489040036
110985,7.991407883890028
110986,10.595869334758337
110987,7.1029622315566545
110988,12.931316273728076
110989,10.111366980491281
110990,9.703899139604816
110991,14.794553332789627
110992,5.676484980347029
110993,16.83663283914105
110994,8.493983412906426
110995,9.857774917275702
110996,9.393071958145423
110997,9.277379954059787
110998,8.514594425114527
110999,7.050719285887702
111000,5.960295433785527
111001,6.8832062492571735
111002,9.699194096040792
111003,6.557632073355926
111004,7.632544997969909
111005,9.931157401903778
111006,9.8870086141359
111007,8.880145429975153
111008,11.413635460175957
111009,9.356097653549924
111010,14.266479982102968
111011,8.949065421903594
111012,12.617337678487559
111013,8.859895992397222
111014,7.63114370959485
111015,7.232007272302285
111016,8.636776065618724
111017,10.116081206440805
111018,9.11252813427515
111019,15.904633915201893
111020,9.560134411550868
111021,9.890221991973316
111022,6.561449255201789
111023,9.34235128394177
111024,9.389157568915582
111025,8.499479560877644
111026,11.701373460145096
111027,10.3724705766958
111028,8.912699568757157
111029,9.692191852476583
111030,5.055685864064449
111031,6.376198554916845
111032,14.869542634316407
111033,11.390696271527862
111034,5.567723907227306
111035,9.76930379666113
111036,7.536687486532747
111037,5.6289044706303955
111038,8.04789962487138
111039,7.521989357088712
111040,11.132388867567897
111041,7.475474562213288
111042,11.026397333764518
111043,9.643139242691898
111044,11.302601611994543
111045,10.480874830622104
111046,6.763070913212689
111047,5.592333283047163
111048,7.32741022928416
111049,15.622730117480007
111050,10.176917642867219
111051,9.343421958223711
111052,8.126777576047067
111053,8.061185057975077
111054,7.708203768916452
111055,7.395898024014488
111056,10.48676083007071
111057,8.847447114056864
111058,11.088693200684817
111059,11.535077755187071
111060,8.35560297362088
111061,10.561492978489895
111062,9.38169324559266
111063,6.835636646306716
111064,8.987368628148891
111065,6.358681640446567
111066,8.251099068301121
111067,13.883398987518458
111068,11.169317788592542
111069,8.981658754960343
111070,14.692879118634512
111071,7.54052958907841
111072,6.2570077018240795
111073,14.946817725994006
111074,13.103532640343953
111075,9.601804450551953
111076,12.317056465114462
111077,10.11672193463112
111078,10.48285397078123
111079,10.4477243208429
111080,8.991131195321067
111081,9.466771239130924
111082,9.906650030857394
111083,8.476885710426455
111084,10.773891153655361
111085,11.317705126015628
111086,10.203692439618987
111087,7.148314850149748
111088,9.345585295665764
111089,11.097577780394976
111090,13.10439858244265
111091,9.291759520562463
111092,6.518863658543507
111093,11.977804086055524
111094,9.71610063647963
111095,9.329842377709074
111096,9.901300176697486
111097,6.179787595625012
111098,7.428574463286353
111099,11.495685313689645
111100,10.376391476420759
111101,9.330695704688045
111102,9.780085377576047
111103,12.732490770600723
111104,9.858373090789494
111105,7.322863868124133
111106,11.501230988530013
111107,10.55569097686599
111108,7.945088068052797
111109,13.23057625868625
111110,13.346027144812002
111111,7.115579158904893
111112,6.742159601799601
111113,9.510769983524368
111114,8.073185660156794
111115,8.431638361830641
111116,11.705261552704735
111117,9.581312714278418
111118,4.007799178084317
111119,9.537450070372213
111120,4.270028577892222
111121,9.301254146243114
111122,12.208253820134836
111123,9.62526855531021
111124,11.407931332178581
111125,16.417912021967577
111126,6.807125035736513
111127,7.461441979930532
111128,10.158460610140569
111129,6.8131554781076655
111130,14.341313975331653
111131,10.960072230125574
111132,9.276668578965616
111133,7.886405280353957
111134,8.900056275215821
111135,6.401168824137923
111136,9.382113460910098
111137,16.071290592938336
111138,10.108463673995882
111139,8.343817260448883
111140,6.763190320276384
111141,5.90053486929508
111142,9.659215477784304
111143,6.220656798049868
111144,6.396325464865338
111145,4.484969514425845
111146,11.40045642677222
111147,9.755040599166914
111148,9.236484665229955
111149,13.207068702500782
111150,6.957710409638102
111151,7.913266190015946
111152,5.101672403670504
111153,9.49522080414047
111154,8.859951426308893
111155,7.067629116059659
111156,7.176548002998648
111157,5.445927891361985
111158,12.12950356845182
111159,9.887077858261685
111160,9.127791589380363
111161,8.48385181244156
111162,9.530293223679603
111163,9.20950402269283
111164,12.2755597485224
111165,11.469506566734502
111166,9.426469915621164
111167,10.505501717379063
111168,7.094269207634781
111169,9.583394386183203
111170,6.7215911950341125
111171,9.824830673559202
111172,9.256302689361375
111173,16.146884299378222
111174,13.373665786650509
111175,4.620222615157143
111176,13.960192557965039
111177,16.073870660900006
111178,9.609610700520282
111179,11.563844382420388
111180,15.57307986404229
111181,12.16489354871697
111182,12.675244466302715
111183,9.820537700611837
111184,9.434641897111094
111185,8.695003587284102
111186,11.941987451528627
111187,7.730289757995405
111188,17.062404379490097
111189,10.844356526520027
111190,9.851042217858625
111191,10.48136103653392
111192,9.893654127612797
111193,11.322472243578185
111194,13.864291311976618
111195,9.566685002718216
111196,11.666359659284382
111197,4.559300085932253
111198,9.121116720855321
111199,11.645088289249632
111200,7.425651555232648
111201,10.99462305720785
111202,11.064795716632627
111203,14.328233366015997
111204,8.065624809813542
111205,6.343347440305889
111206,9.222849533809407
111207,8.317611728929341
111208,11.361972059369785
111209,7.566491075204351
111210,7.901685185370565
111211,6.767810354509183
111212,15.90152177403328
111213,8.238766463331137
111214,9.29946410876396
111215,12.008838934072909
111216,4.855124384565157
111217,4.220375924037602
111218,10.39242876859164
111219,4.971774641165284
111220,9.814362983039405
111221,7.467962557256492
111222,7.45925137307992
111223,10.104793033943277
111224,11.109691776454401
111225,6.481413022738434
111226,11.545481137203975
111227,15.061721963795808
111228,8.889401090833335
111229,7.295102626073169
111230,13.06045332943466
111231,8.3397970844877
111232,11.643399518870314
111233,10.524344405042147
111234,12.99791928052216
111235,9.167414617298869
111236,8.150558846477205
111237,5.515317155162177
111238,10.842592306233554
111239,7.685354713120454
111240,14.419515277956425
111241,6.2055496149244656
111242,10.301970526504855
111243,8.671921656343603
111244,14.363413253118882
111245,8.117930980020725
111246,11.362501373871927
111247,6.872198778712425
111248,7.929873941570994
111249,6.946866308996803
111250,14.278472331858257
111251,6.558874303134173
111252,6.6695630591924795
111253,4.285377683102382
111254,10.884072816870924
111255,7.276504925944439
111256,9.402613205996797
111257,8.146817961035755
111258,8.279490397925517
111259,9.056465589001272
111260,9.323013176188594
111261,9.128160853975489
111262,13.85468857919183
111263,8.083706355117698
111264,9.579067531614314
111265,11.286078421372297
111266,9.12337340750738
111267,9.090279514281637
111268,8.829789004980762
111269,12.562645683909913
111270,9.620635083607532
111271,12.300434910209443
111272,8.033872126738796
111273,13.261096700574395
111274,11.748125654878004
111275,10.842564630349125
111276,9.112472210220352
111277,5.9004413148408545
111278,10.625472877364462
111279,9.66039115465969
111280,7.402270559118797
111281,9.449603966618545
111282,7.1617065838542375
111283,11.883967735950362
111284,7.1720704433493365
111285,12.26701897511164
111286,10.371143846875125
111287,11.114666513610771
111288,12.333756810539574
111289,7.659868198560927
111290,7.311495352378148
111291,8.822703754208417
111292,14.320707073275884
111293,7.16145963590076
111294,7.572409284259157
111295,9.439650778804904
111296,5.255493176288587
111297,8.616803176545577
111298,8.512519426189744
111299,9.738286351150503
111300,13.669543826294603
111301,5.479223302324394
111302,14.929680568223045
111303,7.060997371941063
111304,4.5186583348449565
111305,13.793781093199826
111306,10.262690786658473
111307,11.0200441299658
111308,9.132781645173896
111309,13.833835505137055
111310,12.823622989342956
111311,10.538436459737836
111312,10.525977087291242
111313,7.194543799128799
111314,9.983759764038409
111315,5.088234609883656
111316,4.303361252569827
111317,9.109936901430986
111318,9.75949761749994
111319,5.666307278505237
111320,5.917197039027306
111321,8.912553604579095
111322,10.084305844972736
111323,8.843250130121046
111324,8.719906818279227
111325,5.933969210634123
111326,12.930300538690407
111327,9.347963754328598
111328,7.169426818124881
111329,11.611693625483936
111330,9.393939945367869
111331,9.52418912978337
111332,10.310999112078507
111333,8.835475187580325
111334,7.038588745251237
111335,8.281658488483552
111336,6.584223281303037
111337,15.656881972353153
111338,11.150357787989375
111339,5.396142125917829
111340,9.627470485375763
111341,11.217503215094853
111342,14.722854862304382
111343,13.492144799889711
111344,6.6335418255240155
111345,9.836441062041331
111346,9.77159564282828
111347,10.323251506370305
111348,10.182879149010898
111349,7.1356177569848125
111350,8.098508942183594
111351,12.398386569570714
111352,9.099633540664788
111353,10.996499092541475
111354,12.137274195280277
111355,11.978569468043698
111356,9.546532502539163
111357,10.15802019118679
111358,8.053144392637446
111359,10.652177357311661
111360,10.60550475059753
111361,7.183353874201899
111362,7.257091201284726
111363,8.204516998652252
111364,9.795850487003838
111365,11.031612858567168
111366,9.97828987404914
111367,7.90034638094977
111368,7.523292735883336
111369,12.252890511277025
111370,9.323499028736146
111371,9.620886430278421
111372,16.765903877548396
111373,10.0348927235631
111374,12.1550249918166
111375,9.337412499571155
111376,11.427591118667062
111377,10.757017739379577
111378,9.033432542289143
111379,7.170908884525497
111380,9.903405775751107
111381,9.144432084727342
111382,6.323711263949176
111383,7.295603214337797
111384,10.625842864618289
111385,9.403467180701039
111386,11.747075625081283
111387,12.866405794608411
111388,11.036700112623828
111389,4.331721775536094
111390,13.360534448125716
111391,7.9350900792656756
111392,10.363224919855108
111393,11.803789963804439
111394,12.271485963257296
111395,11.482144264255671
111396,11.49337130038672
111397,10.5600995732561
111398,4.555892904925374
111399,12.079177455511203
111400,7.482288739223165
111401,9.000130566065298
111402,10.374250324045388
111403,12.961002227048406
111404,5.440830437322627
111405,10.054885832026295
111406,10.20033315797067
111407,10.42622155552185
111408,9.82204035472504
111409,6.939045571628118
111410,10.682724864071584
111411,11.716675318126699
111412,10.451565454496523
111413,9.691699568514888
111414,10.759363501815864
111415,11.225366203266432
111416,9.375609141509688
111417,8.511954790735784
111418,10.267248666293671
111419,9.107112919579965
111420,11.959237380136432
111421,7.19290325176024
111422,10.040349911055486
111423,6.699982589623275
111424,12.345254472407108
111425,8.49983961620444
111426,9.818913711747348
111427,8.513326480013575
111428,10.748726920032256
111429,9.688566165182367
111430,10.263489542621814
111431,12.195447409862249
111432,9.772263396348306
111433,15.78803562684078
111434,7.720237841524347
111435,6.951705627928883
111436,13.559407751131854
111437,5.671959659436473
111438,9.777158793008043
111439,7.9179917834601214
111440,13.161889138586943
111441,8.20550616368865
111442,4.390617496860772
111443,17.901132235490568
111444,11.200923610025335
111445,13.853399224433687
111446,10.929177988100449
111447,7.838039093836025
111448,9.553278149643173
111449,12.49833424495056
111450,11.386298218598185
111451,7.97255870484413
111452,6.200729877742434
111453,9.378247115870057
111454,6.253747353821065
111455,12.882334090637581
111456,5.1227075207081665
111457,11.129216019386302
111458,11.856365635957063
111459,5.966748485211203
111460,5.115041074967123
111461,11.937477197558506
111462,14.774838472160743
111463,11.192337599712696
111464,7.027467505530349
111465,12.743416039582465
111466,8.345398802549415
111467,9.847751199271793
111468,6.6679253806864365
111469,10.815496131972129
111470,12.508829527833141
111471,7.426172583560616
111472,9.508245044581034
111473,9.374591364704418
111474,7.78231973987023
111475,8.420549515050942
111476,10.49584176309357
111477,8.172235570795035
111478,11.375995116799483
111479,5.009277026110572
111480,9.04320693363088
111481,6.114279006447588
111482,7.412573352367417
111483,9.391052253693791
111484,7.467622242976849
111485,8.181257127272152
111486,7.172509382453851
111487,10.86944938397254
111488,9.127080144005332
111489,9.25738741036792
111490,10.600734794660065
111491,11.671973776214113
111492,9.210940913252708
111493,7.118831506777627
111494,11.880031103367235
111495,7.783659412926058
111496,17.765002192601106
111497,6.92335939893573
111498,12.03535914731869
111499,10.951844051979531
111500,15.390138342504951
111501,9.025266224319923
111502,7.606903626171373
111503,4.311590365864378
111504,10.82053825677717
111505,9.777196057511512
111506,11.015147047954247
111507,9.14383561955817
111508,11.147680907947986
111509,12.946673431362532
111510,12.052393646400583
111511,10.48215240995817
111512,9.47100460160907
111513,4.614203579281141
111514,16.27510609058382
111515,9.629212736237989
111516,7.844395467704034
111517,4.565341040231647
111518,6.5604873058083415
111519,12.633716345043755
111520,14.856336942701066
111521,6.209012385050718
111522,9.959752295503773
111523,11.775735740202702
111524,13.050724937438426
111525,7.161195386983887
111526,14.051478734791976
111527,15.735722773132448
111528,10.01837967660184
111529,7.637730072301855
111530,6.765277723426573
111531,9.918422983048554
111532,9.283226593996071
111533,9.049680726096202
111534,9.206296759247824
111535,7.53240160747009
111536,6.417079545247259
111537,13.195522856399354
111538,9.596850596467831
111539,10.180826888306513
111540,13.240608735911374
111541,6.222807659226998
111542,6.050717544568148
111543,9.49161356509224
111544,11.723400055596782
111545,8.398031232048227
111546,4.0024839267599654
111547,9.010781563754303
111548,17.680600932423374
111549,9.907335817666665
111550,12.093404947821995
111551,7.018596244470663
111552,8.930953036265803
111553,12.220928745817574
111554,9.058699454846673
111555,7.487754588238491
111556,6.960336387297607
111557,9.38454338813563
111558,9.211604767431513
111559,13.548032469422091
111560,11.619692777131982
111561,13.860698314993499
111562,8.818166541957343
111563,10.506201882171432
111564,6.170777272836512
111565,4.950484562016927
111566,6.459268445165404
111567,7.830915583545076
111568,10.006178894579467
111569,10.015352040980899
111570,8.34769105168217
111571,11.458052292369748
111572,10.95927897751272
111573,9.148730630523922
111574,12.347899335700713
111575,10.834976589941217
111576,11.31502820937895
111577,9.88787575637349
111578,10.676009735628245
111579,16.122220019968236
111580,11.918092966343142
111581,7.193027150761817
111582,6.094335928252877
111583,12.337661950611032
111584,15.042351123780104
111585,11.33375712395773
111586,7.448418134599509
111587,9.083361127207443
111588,9.853391312964614
111589,6.832622067292641
111590,5.839079716475891
111591,13.63620942368377
111592,4.192838333111986
111593,11.053090362524973
111594,9.692659557563243
111595,15.528406989386104
111596,8.112853133902163
111597,15.320242853539355
111598,13.066077271087796
111599,8.736495230841541
111600,13.21105216747483
111601,9.844497551280176
111602,11.241198176609316
111603,10.212125003132675
111604,9.067631095727611
111605,12.443371818986362
111606,13.107049360952862
111607,7.435222279990766
111608,10.250792006917425
111609,6.671163961996937
111610,8.282055422513583
111611,7.85940239910131
111612,6.215852797180782
111613,8.920644884805764
111614,8.345749328568482
111615,9.994985057561163
111616,10.321863335584137
111617,11.49624384570593
111618,8.987990147127093
111619,4.73541134993852
111620,9.465997847885141
111621,15.220914108793357
111622,8.639377960336411
111623,4.955667902809839
111624,10.289201663557275
111625,13.012272841137213
111626,10.073855602199155
111627,12.021883680410308
111628,11.483718671876552
111629,12.552696428653507
111630,10.299169699606232
111631,10.09440147622777
111632,9.602190474406125
111633,5.552434474406968
111634,9.736096012961697
111635,8.140718354700102
111636,5.854967735255049
111637,7.527478670969977
111638,10.309188453099518
111639,9.046572288811657
111640,4.524722438807965
111641,8.354456794883081
111642,9.91027644658853
111643,15.274883509686248
111644,7.580849164552165
111645,12.531654546244978
111646,7.569314727424623
111647,11.257790945542677
111648,6.111495412809881
111649,10.38971676460786
111650,13.236226166409654
111651,9.379017125847971
111652,12.03922020571052
111653,10.061523931333582
111654,13.634206439577715
111655,10.245535066546855
111656,4.535475006458985
111657,10.302476029772809
111658,10.22554871078637
111659,8.13585960616808
111660,8.56619384435117
111661,9.314014781101898
111662,8.615654206402592
111663,7.61562701446176
111664,9.480368656847745
111665,9.069870585092364
111666,9.614154292884205
111667,7.854117020267525
111668,5.7474109988309054
111669,7.2619896867703755
111670,11.87238015785719
111671,9.054557649598104
111672,9.500295962446469
111673,15.420777672778978
111674,9.991584318317377
111675,11.674653543128082
111676,8.537166011057867
111677,12.291816064450366
111678,10.453659120963446
111679,16.577875449121546
111680,6.720723767348995
111681,9.653051263430942
111682,7.072433074788546
111683,7.0755053337020355
111684,10.119154451294156
111685,10.718016917784011
111686,10.830081449479454
111687,12.581639317603834
111688,9.938559807117173
111689,9.776227040638748
111690,9.1072031868187
111691,6.236186743718717
111692,8.608867880834286
111693,13.913081037196871
111694,12.73291660048777
111695,17.60246616141139
111696,10.753118119263505
111697,6.694936010376949
111698,10.329970278380127
111699,10.29471504854931
111700,12.023604153580994
111701,6.03402977204436
111702,10.423881825784143
111703,5.568261860375405
111704,14.54091032931812
111705,10.237123834100778
111706,8.191609625444617
111707,9.062315701345716
111708,8.56695565650358
111709,14.233338632300871
111710,8.757843204045994
111711,11.039865377103236
111712,11.490437250196878
111713,9.570232029032114
111714,14.2666682991512
111715,5.840888359260755
111716,10.33764492733473
111717,13.60909612383897
111718,10.528712131006438
111719,10.987943097476029
111720,8.20375683914437
111721,10.831297819120298
111722,9.063081072115878
111723,10.646564151592631
111724,9.765465253155183
111725,7.526081577380296
111726,11.311041321795866
111727,9.947915068437151
111728,10.577720566689731
111729,15.92521852423397
111730,8.872668077707434
111731,4.9256529764896
111732,9.910730244322313
111733,8.699793645730253
111734,9.71854131383099
111735,6.000814892807948
111736,7.891493653915364
111737,9.589154630138045
111738,14.514262905987573
111739,11.242656792839588
111740,11.223121147688712
111741,8.476384561110148
111742,8.2490563426858
111743,6.97014634580768
111744,10.088723619803591
111745,13.910476973119302
111746,9.820905609299336
111747,9.986153980352146
111748,9.516203782503116
111749,12.903240737615388
111750,14.166689965226942
111751,9.032892019416728
111752,9.496917058686334
111753,8.966072662989463
111754,8.169093767100694
111755,10.059407535679277
111756,7.675000748564327
111757,14.30653912489056
111758,5.747583091722777
111759,6.543412512135302
111760,7.393270318683797
111761,9.300846826795194
111762,10.602526776086972
111763,6.899086911808271
111764,11.056288099607931
111765,8.420796271655135
111766,11.624894302335317
111767,10.07687410159749
111768,6.855329500335611
111769,8.550253023942258
111770,8.801697974705355
111771,8.559677773283928
111772,10.159625104586507
111773,10.006112109242864
111774,7.797967554625065
111775,8.762641662465771
111776,13.205986929110072
111777,7.683893614303599
111778,12.512754969180454
111779,10.638996299868849
111780,6.94287829187992
111781,5.101852033963803
111782,7.249153969612676
111783,7.342589891582054
111784,8.851246086486103
111785,10.239060534206473
111786,9.84334791863704
111787,8.256855828188069
111788,9.65035403291879
111789,9.972057937421166
111790,9.752748250590633
111791,10.790498815134212
111792,4.217991241229546
111793,7.366609883042488
111794,10.846344356756621
111795,8.567301299247532
111796,16.547368980487192
111797,15.697669844054584
111798,9.634399989467326
111799,10.00990292488056
111800,18.122323087540707
111801,9.693628806241893
111802,9.012515610660984
111803,9.840660368922517
111804,9.932281999454492
111805,14.962759703416705
111806,12.401244241308211
111807,9.483905267734722
111808,9.97884034577456
111809,10.21870423567634
111810,12.326066274232002
111811,13.55605774333922
111812,7.4051016654341835
111813,9.693388398525943
111814,12.552230783943655
111815,11.290589339531957
111816,12.582298291855732
111817,11.76388532695962
111818,12.643342369709638
111819,9.554534217779306
111820,9.238740680147064
111821,9.490199504022936
111822,8.530447195372771
111823,7.444493266689497
111824,8.939317964593794
111825,8.799903244117418
111826,8.481559209341125
111827,12.91059473765306
111828,7.937809822864419
111829,9.907649729779159
111830,10.012610569023405
111831,7.151605913512735
111832,15.267093231519903
111833,8.396541069251356
111834,11.639209027880018
111835,13.900544917067958
111836,6.266649965336942
111837,9.48707179056872
111838,10.400137631038223
111839,4.965375160096126
111840,8.960395163537154
111841,13.751431156487431
111842,7.411522752400595
111843,7.020502431470516
111844,10.66465255597947
111845,6.689756439920932
111846,15.602281813311185
111847,6.65783342211846
111848,7.268801448604203
111849,15.19770877719677
111850,9.64965864892876
111851,9.027574187340413
111852,9.28529948795279
111853,8.154219109812672
111854,9.975035586509048
111855,9.435118638200894
111856,8.97593072498616
111857,8.138995294196675
111858,9.13412224495358
111859,9.790949336601841
111860,9.60339616497173
111861,12.302553520830028
111862,6.991783126792892
111863,7.2390906355048354
111864,6.4944335599952865
111865,11.828378828447947
111866,6.125984348961433
111867,8.93265016730804
111868,6.57207735135366
111869,8.676941692752255
111870,7.241302180158854
111871,10.780534754980454
111872,11.254536835941604
111873,6.622945116855037
111874,12.290267534029297
111875,12.091472560144513
111876,10.485372576609592
111877,8.966817612586683
111878,9.054619181891718
111879,11.507220233138012
111880,7.49028472873096
111881,7.856408758168419
111882,9.740414807043525
111883,12.126716063679439
111884,9.956776957163925
111885,7.208376838900742
111886,9.136990404348918
111887,10.288298929637435
111888,8.300587662607464
111889,9.692196523284398
111890,11.406795408024335
111891,12.579821249932424
111892,4.442384600199062
111893,9.82326207461215
111894,15.229659018800614
111895,11.425914614675147
111896,13.610305226989146
111897,7.603965279002052
111898,9.811904316298447
111899,12.69237727953545
111900,8.300597814906974
111901,12.008493382172677
111902,4.508721755455982
111903,10.90310990570516
111904,11.228670895634206
111905,10.129774652084695
111906,8.857774816302172
111907,8.067761930268196
111908,11.883009901275216
111909,10.611884892928753
111910,8.321138410015744
111911,12.376363824373001
111912,5.835054443140981
111913,10.446305601871696
111914,9.298425313982893
111915,6.680962258137304
111916,9.118792028911452
111917,8.255546859885603
111918,10.530405591861683
111919,7.61881528630054
111920,15.129374075410041
111921,13.728484059660568
111922,12.186888218210886
111923,8.813288347065821
111924,11.918645296715145
111925,6.5794609164312545
111926,9.229078753218479
111927,7.542017392594945
111928,11.210444728109328
111929,7.614482930023067
111930,5.706171712316213
111931,9.187932934967524
111932,10.30137227781368
111933,14.844353041448667
111934,10.481371142301807
111935,14.241782212950502
111936,8.326515921762981
111937,7.419015727762554
111938,9.952697969852544
111939,9.970232591340581
111940,9.769105440353627
111941,11.447822747767926
111942,8.288097193421883
111943,7.274988123005033
111944,9.493717344734497
111945,6.112833939647577
111946,7.1549473816096025
111947,11.89592607420065
111948,7.880023883240321
111949,9.669017798918244
111950,8.463216690756287
111951,6.569888443915552
111952,10.32675273666633
111953,14.52682167404842
111954,10.737810258628242
111955,9.069224826382099
111956,10.038610203001216
111957,7.475047144006129
111958,9.133545852281976
111959,9.102851331081707
111960,7.806812986494966
111961,8.716218323426238
111962,11.475081020274292
111963,9.001738809914338
111964,14.207905407939473
111965,11.025397843529571
111966,9.512243540402231
111967,10.062478490293861
111968,12.761945510181036
111969,6.9058564919621706
111970,15.135548309563413
111971,11.126140699237192
111972,12.39955040319227
111973,4.775137564523287
111974,13.449938525933408
111975,10.300973838267073
111976,12.599810291974219
111977,7.653975411921941
111978,13.51345253561792
111979,8.659263362356095
111980,7.591169587362222
111981,7.211050647310825
111982,13.285866946063825
111983,10.085185768821802
111984,9.889267903538606
111985,10.039934023566229
111986,10.264360786180436
111987,10.839939977414238
111988,17.5038784891636
111989,9.825077814911733
111990,10.210325194757157
111991,7.395529347069493
111992,12.106909460848444
111993,11.98304769904994
111994,8.111656487472704
111995,10.997974839467904
111996,9.744083017859989
111997,9.637679084323013
111998,14.672214933139562
111999,11.515025642306771
112000,9.891917467857033
112001,16.17277348984187
112002,6.8711903553127796
112003,8.758377556706304
112004,12.760554921310185
112005,12.57239103984503
112006,9.410863360240814
112007,9.112915314294172
112008,10.242574282762456
112009,8.325171609197238
112010,8.829692252971771
112011,8.46035193802825
112012,17.11331288004834
112013,12.56257312996387
112014,10.95529985860676
112015,5.840194078602812
112016,14.759047141918956
112017,7.755981609213151
112018,10.201550612747667
112019,8.80149049941119
112020,9.221605485215978
112021,11.51927263992454
112022,7.268241744101671
112023,9.347801548191338
112024,12.303265319632079
112025,12.462525502337225
112026,4.123580306332835
112027,10.022511281734642
112028,5.004625502109685
112029,10.445960130549192
112030,6.870660565590025
112031,15.562394815982799
112032,9.630525189846376
112033,10.523528862459838
112034,9.623132960345453
112035,11.037718693238748
112036,7.990724617411881
112037,6.671010357526707
112038,7.227543852441441
112039,6.765729535069537
112040,7.267774109300461
112041,12.366987854678342
112042,10.002080030286809
112043,8.410851309076538
112044,7.572861874738104
112045,12.013226729219488
112046,8.919623043693266
112047,8.195099457555475
112048,12.257795949861077
112049,10.454579233626465
112050,9.700839150093785
112051,14.267633193701098
112052,13.466241051558843
112053,10.093513407275438
112054,7.99664168773369
112055,9.131513216585342
112056,10.9787087734552
112057,8.407189933994832
112058,9.380744944622762
112059,16.334969985053547
112060,11.92151960736257
112061,7.3777531557821305
112062,12.35343775964221
112063,9.57570728637305
112064,8.8212727729248
112065,12.462419117282963
112066,13.83324906740349
112067,10.753381594199915
112068,9.946913285377544
112069,10.099564311377602
112070,7.228051126408933
112071,11.708393631010143
112072,9.851554289386097
112073,14.957453368928558
112074,9.290678577895733
112075,11.556591940567245
112076,12.96659824481757
112077,12.077769479400065
112078,10.036669084101456
112079,16.031854085244372
112080,6.6858281571022555
112081,12.347212252717927
112082,9.79361218193958
112083,11.134702140315488
112084,10.202591981025654
112085,7.302704578348843
112086,9.655474158741308
112087,16.471260081388202
112088,9.183695502015727
112089,13.15234336251948
112090,10.817666170826996
112091,4.330962949916751
112092,14.309517594091227
112093,8.359596498968434
112094,7.861159292253589
112095,8.991336418730786
112096,11.08387969394322
112097,13.222490760841989
112098,7.373941341807772
112099,7.261180441093989
112100,9.881741979327177
112101,9.796961550706778
112102,8.977460043611643
112103,8.605893708767328
112104,9.241092204649524
112105,4.002137770207539
112106,9.140438298503387
112107,9.576923048014086
112108,11.12275653510115
112109,6.679560345160192
112110,4.613565535674704
112111,8.919984613561287
112112,8.640262490697824
112113,13.452271454323654
112114,9.253921809479603
112115,7.180014009080085
112116,10.081969991212855
112117,8.875928588099296
112118,6.774013714209644
112119,9.661107606991454
112120,13.668654532266023
112121,11.449907968301957
112122,7.0862977481495175
112123,5.77888490027417
112124,11.709855890820387
112125,5.541958276158825
112126,11.74350184847153
112127,7.896140293655182
112128,9.815403596765561
112129,14.445803104653288
112130,5.688817131597485
112131,9.747310196609849
112132,17.120605719798164
112133,9.09433079778788
112134,12.52100378293215
112135,9.256896316822647
112136,12.829008983969619
112137,11.97329286965998
112138,8.725641743480733
112139,10.075760108149092
112140,11.095156126844467
112141,10.042821291847499
112142,7.503269714666667
112143,11.937844853585176
112144,9.116382408843236
112145,9.49434899878853
112146,9.646137372210836
112147,7.501246508787085
112148,9.134224543043988
112149,6.44806139273719
112150,6.429900805426288
112151,12.331498299262737
112152,11.590899996127446
112153,8.939718854380107
112154,10.01588372325879
112155,4.51603857966786
112156,7.793409091800295
112157,11.543368289156678
112158,11.582010416954564
112159,9.40409687742586
112160,8.801468204888934
112161,8.30977449568932
112162,5.640629609687693
112163,7.502583992673065
112164,8.902043704599723
112165,15.670581157937047
112166,10.319207707541901
112167,11.139327765812709
112168,11.18124343575154
112169,8.188035503081464
112170,11.150982489284328
112171,9.741717057623733
112172,12.336049058681919
112173,13.060752248414587
112174,7.808064266447661
112175,4.842651679326049
112176,14.459632642745479
112177,13.570261966243175
112178,11.720385274892825
112179,8.10204866978285
112180,8.456208038286226
112181,11.19692671374553
112182,12.418830748476001
112183,7.251913189156717
112184,7.959192683299773
112185,8.181316839912348
112186,10.81109139871404
112187,15.680554063192455
112188,6.950114873198736
112189,11.848851029566642
112190,11.29455831156807
112191,4.452993524795004
112192,6.214244963749081
112193,7.999503423528472
112194,10.824543129638661
112195,8.262207278645082
112196,8.410903815876955
112197,9.163743928843331
112198,12.82866717409649
112199,9.667889859651172
112200,12.338613949981942
112201,7.978610436970172
112202,8.836737164317242
112203,18.129925711403576
112204,7.295631959040472
112205,17.749355927270727
112206,10.320340754302313
112207,11.576962420171592
112208,8.449610134381789
112209,10.430267583080312
112210,9.152445931370039
112211,9.775896646288796
112212,7.2224791757004905
112213,9.248948045616785
112214,10.342855313678616
112215,9.766022982389426
112216,7.375186431953343
112217,8.283625243333608
112218,11.859214492797145
112219,7.457741121915371
112220,10.71771666445322
112221,5.735266708890544
112222,9.083586667225715
112223,9.220168018680436
112224,15.976265385540554
112225,7.109729341934752
112226,8.549337828557972
112227,11.540558147232277
112228,8.11216735823592
112229,6.516608529680906
112230,11.143416151606974
112231,14.234501637542431
112232,9.542304650790037
112233,11.27766628114661
112234,8.260264730504565
112235,10.419527957976117
112236,9.152193877461162
112237,10.69693749479385
112238,11.246193588140752
112239,9.873890900126757
112240,8.978623326372004
112241,9.60571569538983
112242,6.517696755537457
112243,11.749617089858594
112244,10.557772716101315
112245,12.682939193575336
112246,7.5092678576230085
112247,13.529710294991915
112248,10.625709336508066
112249,9.59597564467909
112250,13.163369819994774
112251,10.334533499611693
112252,10.326477814197121
112253,13.199900968194196
112254,9.93974435605132
112255,16.389634353023176
112256,9.058548927067696
112257,14.8808058558884
112258,9.994544468036347
112259,10.911439931712938
112260,10.248580448794153
112261,6.963248903120125
112262,11.73758909334952
112263,12.09133497028193
112264,8.826261845176735
112265,8.523697890963824
112266,8.495390714546545
112267,6.103162996515909
112268,8.067479464662657
112269,10.006421572725424
112270,8.93922947892437
112271,14.018431484019374
112272,12.549974623750387
112273,9.584336761200165
112274,7.083826352163571
112275,8.228588159408327
112276,9.839533612037028
112277,4.871121717998476
112278,7.381785244803652
112279,9.084346842665912
112280,6.4749641606973
112281,5.450205921038659
112282,12.890707698302657
112283,13.485407063454947
112284,11.265029223847952
112285,6.195574804321063
112286,10.666016714811457
112287,10.552709455680832
112288,6.944106520602368
112289,7.390759124943747
112290,10.064561558109832
112291,9.430291831737836
112292,9.227941037018415
112293,10.111494839476105
112294,8.678377617626287
112295,6.8183352953214635
112296,8.372222191529096
112297,7.2265662507986335
112298,9.067456907606132
112299,9.101607815125018
112300,11.914512643625933
112301,9.029494810208053
112302,5.5250248672209725
112303,9.564603060217374
112304,7.198516623148033
112305,6.477463729712651
112306,11.94971726622143
112307,7.99229920810877
112308,15.050386047547235
112309,12.046975152710237
112310,11.941218909061629
112311,9.781173396608077
112312,14.538241064392626
112313,9.044709515474677
112314,7.213942438503116
112315,15.51105346020719
112316,11.605254624216652
112317,13.318839574930738
112318,9.170529184263755
112319,5.86265059255869
112320,9.480233241491288
112321,9.58051894276274
112322,11.319886174556567
112323,8.751765637396224
112324,11.445818808679984
112325,6.8249031796778326
112326,7.3460248198786555
112327,12.38470134337293
112328,9.629396133634135
112329,6.978819752594366
112330,9.395208907159718
112331,17.75481411057131
112332,7.3470524927831775
112333,8.569444198207373
112334,8.852461138380374
112335,13.553790897973897
112336,8.110250123929053
112337,9.702534390989596
112338,13.04118329259929
112339,5.936414105123568
112340,10.306839860167697
112341,14.56701593170518
112342,14.941558317715607
112343,8.151092572842664
112344,9.715830220422776
112345,8.280155662754355
112346,10.204570873231557
112347,6.779309906217061
112348,8.04457675826848
112349,10.425419615879557
112350,4.70365119221702
112351,8.872440264351196
112352,9.141668885654994
112353,11.766838426282096
112354,8.151639730265916
112355,11.886697056991261
112356,4.596787836888018
112357,8.893258825274842
112358,9.151142135562415
112359,8.32374878488396
112360,8.031421713238792
112361,17.22752466813186
112362,10.722624430976989
112363,14.613580157792606
112364,5.157198890500887
112365,10.086722467035099
112366,5.185138517701198
112367,9.54822270671744
112368,6.833488520763427
112369,9.526658811254652
112370,11.816992907781897
112371,11.6503807821725
112372,9.052148051224558
112373,10.458020220380796
112374,16.613724216493964
112375,5.97537596064601
112376,7.770084804179669
112377,11.478476568383368
112378,9.199088362191791
112379,11.652359058172365
112380,12.401682668080975
112381,9.45682388428232
112382,9.456738406690691
112383,10.290272197299764
112384,10.747792965514085
112385,11.55530144321346
112386,8.82588640677588
112387,7.608041846134233
112388,10.819100381281743
112389,9.619498101084776
112390,6.206033292267874
112391,8.535586996857907
112392,9.107325220655152
112393,9.568287965572722
112394,7.476686707548572
112395,10.626462878083169
112396,6.661853534262329
112397,7.2695126551628935
112398,4.4779148875288435
112399,6.811997427988734
112400,11.520976342686392
112401,8.520884043315892
112402,8.581831924438188
112403,10.395385983317393
112404,14.137362688369027
112405,8.971073549434633
112406,12.782036770216823
112407,6.679912096452429
112408,8.922651962740966
112409,11.76960017938777
112410,11.935087789198132
112411,11.466144678869425
112412,13.647207630460324
112413,12.919934779970749
112414,7.16364504657007
112415,6.773433944465731
112416,5.069056144981505
112417,9.263959809098896
112418,7.303646856098529
112419,11.67517546714262
112420,13.590095022663798
112421,11.65898813420762
112422,8.135157675707793
112423,12.156316192689895
112424,10.848151836056125
112425,7.9628048681381145
112426,6.689077892874691
112427,9.391182542593821
112428,9.897888227232016
112429,10.447431258195419
112430,8.06407567651188
112431,13.841313621265314
112432,6.391053381696619
112433,10.542167541739767
112434,9.220402697200747
112435,7.96629130884417
112436,10.618012957699724
112437,12.289755996671516
112438,13.146595828516453
112439,7.106892009239809
112440,15.018482136706712
112441,12.310260660509334
112442,7.598436369898913
112443,12.129822157411805
112444,4.993575101250654
112445,14.237474362649996
112446,8.367693756847169
112447,16.71636774884286
112448,10.453008109473808
112449,7.637172421289168
112450,9.288361042403794
112451,9.950719028115051
112452,10.554727828159269
112453,9.084841957841801
112454,12.999621058475762
112455,14.301592186225605
112456,9.05293074854789
112457,11.93410781047817
112458,12.370328231542416
112459,13.817298877599717
112460,9.607527608319113
112461,13.26699505206578
112462,9.869129382971169
112463,11.595499127777666
112464,5.56354717827502
112465,6.374879989269653
112466,8.970700785627278
112467,7.761369701386954
112468,9.076447700862827
112469,10.898454398101757
112470,9.383389220519208
112471,14.200890210066234
112472,8.946271355083043
112473,12.585295152794831
112474,12.61521359656307
112475,9.683343887718692
112476,9.272030850928697
112477,7.716228778999508
112478,16.445784025866363
112479,10.077612265369051
112480,11.174342272248133
112481,9.782440357293464
112482,9.321591028143025
112483,10.39750253930505
112484,9.697483594977257
112485,7.666732229586708
112486,12.459151338112186
112487,9.317802493681109
112488,9.685326544151888
112489,17.31075062870097
112490,9.311422963758947
112491,7.516099156814752
112492,9.42144129698012
112493,6.599996294806703
112494,12.966185493273068
112495,8.079801068734323
112496,11.036608876723788
112497,11.429150297878474
112498,8.379797893779239
112499,5.564883398844442
112500,7.636703446469744
112501,13.175979079109036
112502,8.716647321805706
112503,11.418305532752736
112504,8.153214311887783
112505,6.878822820394243
112506,13.053527321008627
112507,11.788582981992112
112508,13.433386641477526
112509,7.238423093900289
112510,14.175803037301975
112511,9.704024653123449
112512,7.18768776942449
112513,9.04491738179383
112514,10.621987128427246
112515,12.483196266407962
112516,10.197639465025983
112517,13.391898754491649
112518,9.545077813804955
112519,9.723387169663209
112520,9.550048021222064
112521,11.599484548059724
112522,11.040618286711169
112523,13.693686951927997
112524,9.897829104566588
112525,9.979160437225529
112526,7.949084189969328
112527,12.729932044487654
112528,9.623318100193583
112529,11.280763896187368
112530,9.917412523346695
112531,9.96024867770321
112532,13.711717511438277
112533,9.867776544643855
112534,8.20201868598991
112535,11.523084412780948
112536,11.01400818306437
112537,8.979907516472586
112538,7.953290711872716
112539,9.287576152645169
112540,7.513907023534794
112541,9.257186557572918
112542,9.758656262435702
112543,6.226281602220876
112544,9.389950537358118
112545,8.832170238589612
112546,9.145584681981088
112547,9.75726252080217
112548,4.478410764439358
112549,11.329057600107786
112550,12.975104708096415
112551,16.67296464022666
112552,15.414809777633312
112553,9.429822285552419
112554,14.18843887531072
112555,10.180237471108594
112556,9.379717770835551
112557,6.568841949837465
112558,9.171635289631205
112559,5.101245096875649
112560,12.086252964004366
112561,11.48197804150187
112562,14.874889015912208
112563,5.047379123030944
112564,8.865758862551454
112565,9.457533700287225
112566,5.12460381048139
112567,9.129690527504543
112568,11.487005535112436
112569,9.917899348408246
112570,9.00004531916224
112571,7.394028396194736
112572,11.362943810066826
112573,14.575692334597642
112574,10.955523394596517
112575,6.782394670824158
112576,7.82700621838994
112577,6.447883547282205
112578,9.791715486750233
112579,7.489870503636742
112580,10.022698645470603
112581,16.178269075450334
112582,9.450865461939383
112583,9.565501644929356
112584,10.573381800523045
112585,7.173220385005655
112586,9.658927978018545
112587,7.907894122263421
112588,8.902313766816114
112589,17.15132053310966
112590,9.951500377731032
112591,12.006291180631134
112592,17.005625214415932
112593,8.154323154847654
112594,10.036309450629552
112595,10.862482966008308
112596,7.347666967304225
112597,11.139636693851555
112598,8.011427944806282
112599,13.702712275141987
112600,6.749369199413609
112601,10.110769584441375
112602,10.378778176267053
112603,8.752838706838233
112604,5.009081870640261
112605,8.229108006127744
112606,13.57434985972447
112607,10.766692512344411
112608,5.657131757991616
112609,8.791695802547329
112610,10.186210027144506
112611,5.681820414306396
112612,9.55534958825684
112613,6.623759578474774
112614,9.741630593517021
112615,8.195336833192863
112616,7.2582045685362875
112617,12.647056146544942
112618,10.82018805093302
112619,11.535754162582743
112620,13.796073020710395
112621,7.9113646393365995
112622,6.995064812507889
112623,18.663145326406227
112624,11.227908706502031
112625,7.576336770947312
112626,9.96183372774729
112627,4.642361769695368
112628,6.120477989800873
112629,11.142066974726639
112630,7.969848654842652
112631,17.32812275554096
112632,11.82871652646174
112633,10.095737696162313
112634,10.751740950148235
112635,8.502983121276575
112636,5.502048238821521
112637,6.593991925057585
112638,7.181508462797798
112639,10.514677335438078
112640,9.971307817004284
112641,11.21809278971909
112642,7.7104130248407845
112643,11.82402059789349
112644,6.4314836753146505
112645,9.004961270651062
112646,12.956821769618397
112647,6.923528470251975
112648,10.469942708328409
112649,8.384716845035447
112650,13.01143417475276
112651,12.506521268412367
112652,15.241755054596087
112653,6.020796175072362
112654,10.367553928857319
112655,10.193022078919265
112656,9.606728672945248
112657,10.937308110429523
112658,11.34580860078138
112659,8.28223484564904
112660,11.321190375038466
112661,8.190244191714406
112662,17.044337348853947
112663,8.551699849404233
112664,9.664121675471943
112665,8.183978684088236
112666,6.956594125124651
112667,8.251065746736037
112668,5.803379640485858
112669,7.704548827671493
112670,9.951565156445671
112671,10.276377560267168
112672,7.22648273410706
112673,13.022786422823097
112674,10.735507686843029
112675,7.9341618865961845
112676,13.26905146549468
112677,8.009022107360673
112678,10.011503422911314
112679,12.81537538629902
112680,11.246038506175685
112681,10.314823777966794
112682,9.159048017896616
112683,9.260500952770991
112684,8.12516693777889
112685,7.395839983381586
112686,9.03848476390889
112687,9.489403922530443
112688,12.259024665236453
112689,10.229188912282023
112690,8.198945376691814
112691,13.467901444679072
112692,7.36617570750447
112693,12.11965739652954
112694,9.78994546350099
112695,11.298384314224284
112696,13.157978945819366
112697,9.708634915240031
112698,11.084501711066007
112699,11.407869316992238
112700,9.47024662445104
112701,10.09697966569821
112702,5.842361427501404
112703,10.793574856116612
112704,8.255218746391622
112705,13.719496653518766
112706,8.79955662074297
112707,11.405916762359821
112708,7.281717089476979
112709,13.445900376591258
112710,10.291037277894999
112711,11.289982300982594
112712,14.321311441613384
112713,10.765352991675428
112714,9.423247582251495
112715,8.7329523874315
112716,14.067775389492345
112717,10.250598323956558
112718,9.51964275646498
112719,7.984557423228564
112720,10.57641250058202
112721,5.736126985595559
112722,7.417891721198953
112723,10.309699441849052
112724,8.736511187282574
112725,11.975071745330457
112726,12.23019259648132
112727,8.624251812368204
112728,7.28411576023134
112729,9.691156033968383
112730,8.540945649514203
112731,5.8466303794603585
112732,12.588340332026897
112733,10.148728268605533
112734,11.476642432182695
112735,10.076295277690525
112736,10.514908637043527
112737,11.240899629256237
112738,5.782042232749149
112739,7.683779869153826
112740,14.385071741832373
112741,11.519807361628144
112742,13.965989551798241
112743,16.129936457042707
112744,10.093475828851085
112745,7.016204068637686
112746,10.428749068536339
112747,12.850830170676934
112748,9.100170726967388
112749,9.04433989605804
112750,9.069133050450905
112751,10.163586243825804
112752,10.550965016430832
112753,12.809167182692073
112754,13.54949805180119
112755,14.385941099816568
112756,12.45208559508045
112757,10.435948076422807
112758,10.247854759626557
112759,9.13285298612991
112760,8.398706650059466
112761,6.755696739307484
112762,6.436061663631955
112763,9.600937500315544
112764,11.776521027026002
112765,11.769678784245116
112766,9.38875763531442
112767,9.425533592673874
112768,5.1318934715560705
112769,8.074490116059732
112770,10.558576148489243
112771,4.82437195515877
112772,11.591169534208186
112773,9.032968677230423
112774,9.469985212062893
112775,11.220165538155129
112776,5.469745351746868
112777,7.869289377277482
112778,8.19627167353708
112779,4.865623865326689
112780,10.312740737658306
112781,6.033551482134053
112782,9.816986499231804
112783,6.36973485539258
112784,14.437454807393149
112785,8.453691849906615
112786,6.030049602477762
112787,10.487739960748916
112788,8.326149432104561
112789,8.591350779461111
112790,12.539378299979195
112791,6.514801006797623
112792,7.637878177420875
112793,8.851503319183617
112794,13.366804281352046
112795,9.973783082673602
112796,12.42613644879896
112797,7.4474470869323115
112798,6.118004567286345
112799,11.139269089064603
112800,15.75463550984784
112801,11.156701510801676
112802,14.315295437731507
112803,7.8135627961474325
112804,4.753283339710511
112805,10.241283068102446
112806,9.270356036956002
112807,10.613877190568626
112808,11.238353161342982
112809,9.67651760155152
112810,4.23507846657238
112811,10.570972741871113
112812,7.089992700698763
112813,8.590998315294012
112814,7.040119386191608
112815,11.377106372773738
112816,10.265406716443435
112817,8.275723374308349
112818,13.039610156061523
112819,9.340514683144598
112820,7.774024012399446
112821,9.555782528426231
112822,10.907331687559124
112823,8.093400211058897
112824,11.03688537433543
112825,12.886066572554745
112826,11.367882969646807
112827,9.71375894590297
112828,9.510971236010736
112829,9.47839222216599
112830,8.608834237039403
112831,8.81474673252092
112832,8.051241958088749
112833,7.456316185402971
112834,9.908558649249489
112835,9.821285916464904
112836,11.687008643979787
112837,8.798598834720888
112838,9.361644361548585
112839,8.289743071477037
112840,10.256443545791878
112841,6.7580854176764165
112842,11.796200965687174
112843,13.394903285900847
112844,9.146753343699718
112845,5.5243955292651945
112846,9.131515230564505
112847,8.718329458585771
112848,12.708055553825364
112849,9.695614807738613
112850,8.94942260781444
112851,8.581842381657438
112852,10.885445661902889
112853,11.848634471986713
112854,11.171690630069884
112855,8.276103716448379
112856,8.175453382575421
112857,7.108064304446829
112858,9.932469614374249
112859,10.434058635832525
112860,10.798653575734381
112861,7.38404642205649
112862,8.78504928526994
112863,10.152174902574455
112864,8.185137073428926
112865,6.797075871469481
112866,8.498429617520927
112867,6.748732004402662
112868,8.858100281271522
112869,7.70640961819242
112870,10.490284079338258
112871,10.178810216839745
112872,10.36304586589846
112873,9.824601364612867
112874,9.221059382722
112875,6.330126168075326
112876,11.972207836778733
112877,7.563787413206484
112878,8.856758881575871
112879,9.265766659727747
112880,14.73958862454553
112881,11.028299322748387
112882,6.099805836830177
112883,8.92655322540072
112884,12.999538088164417
112885,7.143098504421471
112886,10.10296241897521
112887,8.139399047486744
112888,7.617382482695206
112889,10.889497959012989
112890,9.46416442250002
112891,9.79413773377396
112892,15.364264647999684
112893,8.870336025775087
112894,10.979828956533831
112895,15.250136529079336
112896,11.313562150590846
112897,6.0925020466988675
112898,13.368743375714601
112899,9.304263808556382
112900,14.534846868568234
112901,10.172787139789303
112902,8.291051990531876
112903,6.663146759129567
112904,8.204393314103976
112905,10.280504760071734
112906,13.410861249942787
112907,11.622163957706112
112908,9.05030380538582
112909,10.378444170817335
112910,9.648198592847434
112911,9.650405413218405
112912,8.196294342095143
112913,11.96276038486339
112914,7.381591221187304
112915,8.887284781489836
112916,7.899993248153595
112917,10.922479704892321
112918,13.494985218954852
112919,8.588286269203145
112920,8.017205436417537
112921,11.285909734278675
112922,10.150796594490389
112923,7.1822188012159485
112924,8.849474030480188
112925,10.36872664207686
112926,12.480539497789296
112927,11.745263216475575
112928,4.104159112744685
112929,4.696493673722772
112930,8.5351827307453
112931,5.238125353138784
112932,4.9427255552859375
112933,14.922997650284401
112934,15.448367969074962
112935,13.689736129903988
112936,7.998761258707182
112937,8.768353410276271
112938,8.428778890774902
112939,10.384510990088925
112940,10.754186126914316
112941,8.595472607813305
112942,12.660331215724852
112943,11.896135265853331
112944,7.9807743666307775
112945,10.761897008466676
112946,12.978579661668363
112947,4.9250859473043045
112948,7.229635346503635
112949,9.153953962272071
112950,9.603734744652794
112951,10.594061689591058
112952,7.1373324944309005
112953,7.523373233037577
112954,10.232425750741422
112955,11.908749545325866
112956,7.065325714299062
112957,10.163154573969747
112958,10.322711828898715
112959,9.166283991112616
112960,11.231234771074217
112961,12.687480084752256
112962,11.43160234378862
112963,5.785696784245561
112964,8.627160355648133
112965,11.147986836814287
112966,9.644048358260772
112967,17.304894066760948
112968,13.070409661746718
112969,10.306566306911158
112970,10.749137258758434
112971,10.257997428128325
112972,7.225586856412815
112973,12.012197675355367
112974,8.930744408788405
112975,11.843912029400087
112976,10.221672550724893
112977,9.982916188874439
112978,11.790034294329724
112979,5.928333414542461
112980,8.203217407163127
112981,13.113851389852831
112982,11.529316889825765
112983,7.058845595324419
112984,12.034620166987995
112985,11.782929117400126
112986,12.012497274214809
112987,6.539182767886373
112988,7.3718756830712
112989,11.261677288920133
112990,9.998191795653401
112991,6.364540112736905
112992,9.468922264152123
112993,6.812929055561666
112994,8.68672448544677
112995,4.4428941792077055
112996,10.219152867882718
112997,11.206471867845902
112998,5.037057873133191
112999,7.479512470346108
113000,6.26849370364519
113001,7.5261402357064515
113002,11.25727885287238
113003,6.946651646138837
113004,9.678610296240048
113005,11.791375464584679
113006,11.887276401229963
113007,9.881471141964436
113008,9.842409797951749
113009,9.336419364602301
113010,9.223308485732051
113011,6.779181259861002
113012,4.949097961404226
113013,9.624457572834748
113014,8.983513702284421
113015,9.048317988307895
113016,9.018006543406887
113017,10.61883760260309
113018,7.199548370144029
113019,6.985434838522126
113020,9.142798949961263
113021,7.518142451727772
113022,11.061226888581214
113023,12.984564842655136
113024,11.539569897869843
113025,6.836156775510299
113026,11.970400579077864
113027,9.146937159481345
113028,10.60347516727956
113029,14.413147080322938
113030,10.442729723635006
113031,14.159424536655877
113032,11.551164926253872
113033,8.563704019451157
113034,8.888739596944388
113035,10.378144231100066
113036,5.531759962092407
113037,13.795949903910435
113038,9.369741582218847
113039,16.617454604145628
113040,9.037193483735411
113041,14.396399517496821
113042,6.988987690787631
113043,7.935045076868991
113044,10.699467333936706
113045,8.861829718399704
113046,8.547332442668614
113047,7.3898703884681
113048,10.673550573807685
113049,10.039499307091324
113050,12.53271438640277
113051,10.38608186652318
113052,12.698376767989322
113053,13.169805789214886
113054,9.066534005309213
113055,10.5561832376885
113056,10.20297597168816
113057,7.275044864404693
113058,12.981806010356262
113059,9.544664591629195
113060,5.431040772634789
113061,13.75555601853672
113062,10.048500279390513
113063,9.641166528120031
113064,6.135999554752376
113065,12.286375058354139
113066,9.44635355956061
113067,12.583226216593648
113068,9.11815223104784
113069,11.147882519915829
113070,10.063633899144792
113071,7.411533992818877
113072,10.951853970687704
113073,9.803867893072802
113074,11.00702249057991
113075,9.974153742901233
113076,9.231226750846393
113077,9.962172124049346
113078,8.512988974314538
113079,10.241149274128771
113080,13.532275481597361
113081,10.838369938187759
113082,17.44755901662591
113083,5.080698047308296
113084,10.392074395385542
113085,10.253048269824989
113086,12.379885714565706
113087,6.365886610409472
113088,9.896341237476022
113089,8.214496995641692
113090,10.497712886600524
113091,9.366353510458651
113092,13.955991966845389
113093,6.982443667913023
113094,8.187087668879393
113095,8.14293309344641
113096,13.262765508491503
113097,10.878022972754923
113098,13.554101501483931
113099,11.022354923783555
113100,11.150952805387963
113101,7.434479417426381
113102,7.40722093640443
113103,9.001049063278964
113104,11.213116701073261
113105,10.679396866911242
113106,8.767860493276249
113107,9.666085641666646
113108,11.22491631403173
113109,7.75418798640348
113110,4.594182650670387
113111,9.518114198864112
113112,9.12240500381408
113113,10.995015074925343
113114,9.803786181659001
113115,15.00119502879817
113116,9.253482055764563
113117,9.130762366195714
113118,8.09624415748819
113119,9.607230213725527
113120,9.720224825571295
113121,9.928174189746516
113122,11.909093908062765
113123,9.594570735157507
113124,4.971267706033304
113125,7.74750133124368
113126,9.568481259751827
113127,9.418239123803321
113128,9.489267262753616
113129,10.227934843885745
113130,9.292817651772603
113131,6.235313917487973
113132,8.4646161538185
113133,7.979456097914563
113134,12.81402995476077
113135,9.707934768630674
113136,9.114038412937703
113137,10.41433815112521
113138,13.628187552480767
113139,12.369709656497296
113140,9.41928226786734
113141,13.008423663830376
113142,11.77859168515757
113143,9.742419982501701
113144,9.352601715748216
113145,13.254508949546462
113146,10.250339063848985
113147,6.554318919747052
113148,12.607379003121517
113149,12.58089296454094
113150,8.11228936045585
113151,11.659957406258622
113152,13.2022535517248
113153,6.658412077767042
113154,10.365298284801295
113155,4.420757240844146
113156,7.393462166755539
113157,7.175155734477132
113158,10.673515961422165
113159,6.567212261343236
113160,9.259110135608546
113161,9.511483404220536
113162,10.025519174759069
113163,7.339105773054975
113164,10.99804893732916
113165,12.111123774121864
113166,7.131311086389816
113167,11.809300778565214
113168,6.5842990159751835
113169,8.285799114095601
113170,9.356216444717989
113171,7.949265240715539
113172,7.355239183415679
113173,6.381532704043051
113174,14.733001830357107
113175,8.42044885874429
113176,8.037823683559896
113177,14.064329345965078
113178,7.462076323350551
113179,12.824689356891247
113180,9.280291341952811
113181,9.717957999025923
113182,14.088643535972077
113183,11.52645117285009
113184,12.13362510116822
113185,14.410976764845012
113186,8.930371101587296
113187,8.170417715162449
113188,12.561241448607877
113189,11.640757457199465
113190,5.386635823851006
113191,18.289187314129418
113192,10.427082343361938
113193,11.121991928076692
113194,9.993704448986694
113195,13.665599005433489
113196,7.182149826164388
113197,14.327800309827515
113198,9.655777840797303
113199,11.715650642354042
113200,5.8638946985771785
113201,9.713466270098083
113202,7.435316506998868
113203,9.51144152768817
113204,7.703030880478828
113205,18.074629168068135
113206,8.084076196337346
113207,9.269657152123617
113208,14.665147424566547
113209,9.973465997032534
113210,11.223932975574389
113211,11.314686894183406
113212,9.947134495729815
113213,10.64691781761907
113214,14.245168310340137
113215,12.964069670673087
113216,9.399910360794806
113217,11.9611296393046
113218,8.825028795860913
113219,5.7144745462603295
113220,9.196060177469198
113221,6.937385298014947
113222,8.987983185941122
113223,10.848980770843616
113224,9.552596799914983
113225,8.43583317010631
113226,11.266778764063844
113227,8.35408650882422
113228,9.728385358778684
113229,9.807365103707042
113230,9.755973754681412
113231,10.433316270496096
113232,9.317080945254869
113233,17.6431540624926
113234,9.595681151838184
113235,9.163611054168193
113236,7.191682416055423
113237,6.977608531933731
113238,7.593902242931156
113239,14.476949444195597
113240,9.438349533252099
113241,10.677704416499026
113242,13.350675794792433
113243,8.704598087013775
113244,6.745237633177264
113245,10.047867158341054
113246,14.136413221315124
113247,14.844076530758963
113248,13.59688370790678
113249,12.351696401728434
113250,9.598913786240045
113251,10.178307254179995
113252,13.486116918307411
113253,12.29711865676079
113254,6.2003941168777015
113255,9.766648353923182
113256,9.861392987237549
113257,9.709295460861561
113258,9.350456730157939
113259,10.321726825219251
113260,11.433608030552247
113261,7.454416318955343
113262,7.343695132137453
113263,14.465718315521581
113264,10.911184594745631
113265,11.763528423771064
113266,10.73171548319473
113267,10.488181568198321
113268,8.684718838940608
113269,11.400587444270741
113270,10.49958756306522
113271,11.142387319879116
113272,8.474474510340691
113273,5.445879010521661
113274,9.714904084265363
113275,6.669056882348149
113276,8.720548765971088
113277,9.977695939681734
113278,8.363272943759071
113279,8.053987371612608
113280,10.588025872676756
113281,9.805445658966471
113282,8.631124803830883
113283,4.88190335485864
113284,9.281917777418043
113285,10.955642162719144
113286,7.736871411780513
113287,5.75148695363072
113288,6.9125276619899285
113289,10.402355787908615
113290,6.06797341351211
113291,13.924005741985042
113292,7.648531077377015
113293,7.034927201678277
113294,7.816633040062984
113295,12.758414530230432
113296,9.448129005413525
113297,13.727124133161672
113298,6.665868846390379
113299,7.076663231352624
113300,8.854194411591964
113301,8.73970688400922
113302,10.602329676027201
113303,8.95230597881697
113304,5.967048349962596
113305,12.424291180677248
113306,7.496094794090825
113307,8.873232579349729
113308,9.292174721523175
113309,11.65611536989592
113310,15.629935881697275
113311,11.268250207367842
113312,11.124849091114319
113313,12.402166432416042
113314,10.503624383587635
113315,10.943039760407482
113316,8.289670563452336
113317,4.417535766905326
113318,6.872853748355392
113319,7.6545218841308555
113320,8.895740959745922
113321,10.249381251899683
113322,7.321661247953569
113323,8.233944304770517
113324,11.131687718307631
113325,9.325728310513519
113326,12.700999003171153
113327,8.584564514288989
113328,7.963908315630839
113329,9.346605475819848
113330,7.51355520682053
113331,9.028496831564198
113332,5.438322943889399
113333,7.032999598539088
113334,10.751000223040018
113335,5.21921761653829
113336,6.559319896416585
113337,8.249257985929608
113338,7.316409798728175
113339,14.815644261790627
113340,6.853591230983135
113341,9.02677920960237
113342,10.315176549688715
113343,10.747414441660887
113344,9.872805378711586
113345,10.04328401598789
113346,7.4295542777035735
113347,8.668850131907371
113348,9.673941247607582
113349,10.428745003438497
113350,11.416485314431965
113351,6.609609606441808
113352,7.103614784091026
113353,12.769482388862578
113354,10.161409533928886
113355,6.906309635239625
113356,4.36934077738644
113357,8.698669996695333
113358,10.516238529329653
113359,9.302484201175654
113360,9.57822983235444
113361,6.10541990219409
113362,5.754604008478158
113363,14.075983243173573
113364,8.219236554632065
113365,12.79610894866292
113366,11.03439388677182
113367,9.878416431444913
113368,7.071059864123962
113369,9.769702285907112
113370,10.48518190374619
113371,9.04418473704544
113372,16.043165782456917
113373,9.755556319797511
113374,9.84093471168922
113375,9.166348446651169
113376,8.22799292796974
113377,9.396962007725646
113378,9.30267043151595
113379,5.711942156637872
113380,12.07643996247928
113381,10.100749024035354
113382,6.422175031823016
113383,8.583265408526152
113384,8.988059627752566
113385,9.994567838277717
113386,9.0032793722219
113387,7.79372723363341
113388,7.122596977214066
113389,8.514209323574661
113390,11.995623667273833
113391,9.280210052172226
113392,9.229396843388102
113393,6.908830277846114
113394,8.659078822549503
113395,10.130032107821226
113396,9.700751248091922
113397,12.522766923500596
113398,9.071132573433266
113399,9.433502202105375
113400,9.442762417723404
113401,12.409661956519315
113402,8.068677816687151
113403,11.130556779107952
113404,7.35651424444962
113405,13.67167891673515
113406,14.42138487190447
113407,8.978650711463995
113408,10.705087827341742
113409,9.18023752049404
113410,7.392129365398555
113411,10.608280528482366
113412,8.45080597642766
113413,11.014512596906586
113414,9.001548585409598
113415,7.404704686889142
113416,12.581230715066999
113417,11.181338723010503
113418,10.40840054278652
113419,6.829255861383021
113420,4.6885574146971
113421,8.80111129746482
113422,10.233614067394656
113423,10.124037021158973
113424,7.9874519953131
113425,7.97912438788087
113426,9.04214730203734
113427,9.815701249705631
113428,9.695708010139972
113429,6.963583520182725
113430,12.141944418713697
113431,12.135528532976064
113432,10.251632801506577
113433,7.277079635932756
113434,11.464058102728643
113435,9.491917748922361
113436,12.100873289938955
113437,9.93195956960804
113438,9.255158955307767
113439,11.187432308988212
113440,10.419556188624801
113441,11.411743584614587
113442,7.900055930154203
113443,11.666904285879536
113444,8.320665529427291
113445,10.252169010318982
113446,9.371588408557674
113447,8.587035832008892
113448,9.84136961436971
113449,10.546084789989528
113450,10.931941547105714
113451,7.2994722119045505
113452,9.144124018758824
113453,8.101230476508505
113454,9.386101344270424
113455,4.530295212452878
113456,7.3962593068317375
113457,11.612233963455887
113458,13.51382063360254
113459,10.8542627783823
113460,7.970886969517278
113461,15.105889764630698
113462,8.898295409291087
113463,14.015934746183518
113464,9.781778562548201
113465,13.15925283832872
113466,6.93488666146403
113467,9.524541665919555
113468,5.178523144258774
113469,8.340769892401031
113470,10.923720849517274
113471,8.592669879592725
113472,9.405632575207395
113473,6.612605246112342
113474,9.513632119005536
113475,11.473426461137072
113476,11.616426824936473
113477,12.89132192876519
113478,8.425737667246372
113479,11.855683784382581
113480,10.576006345655715
113481,12.876754129607155
113482,12.26761393029651
113483,10.215917051697748
113484,9.664527363721888
113485,9.791077914409788
113486,10.438792225681103
113487,8.898907120554863
113488,7.3880526604301
113489,8.371841431671294
113490,8.094048125210007
113491,11.653378005648147
113492,10.797941829940623
113493,11.279835766504448
113494,6.856936995502787
113495,10.478441772277135
113496,10.917159985410697
113497,10.690194870012574
113498,8.520211873013018
113499,10.69466652915265
113500,11.126047430480169
113501,9.928798889669183
113502,9.665073066310104
113503,11.159748348145955
113504,9.995388229700076
113505,7.483592525309907
113506,9.405038882758818
113507,15.173839918036373
113508,6.934994334055402
113509,9.963141072163037
113510,12.636818195069875
113511,9.441572673343426
113512,14.562561770004644
113513,7.195583316703858
113514,10.063572104245278
113515,9.173432017454436
113516,9.29954190546328
113517,10.129554479461675
113518,10.378994442414065
113519,9.345089985030915
113520,14.515828395025684
113521,5.805072517722193
113522,12.388603818634312
113523,15.466768051160747
113524,13.725571597606884
113525,6.581071139641587
113526,4.675017126642754
113527,9.372838407372184
113528,7.109268725678514
113529,12.175492524685737
113530,8.036877269129343
113531,10.068731073898489
113532,11.364244941553318
113533,8.099160688187
113534,8.417879029793294
113535,14.313416056269265
113536,9.22669800755656
113537,5.078150493226913
113538,11.56055677342467
113539,7.299463225507178
113540,11.36593524200897
113541,11.908908411066395
113542,12.756021584219763
113543,9.768892640397643
113544,9.51116444786074
113545,7.295318529703538
113546,12.385938970502156
113547,9.471336171699177
113548,8.507619780689083
113549,9.302682556777466
113550,10.63751179729314
113551,7.953898989830866
113552,14.844486964896888
113553,8.598274850764877
113554,4.4301831643352285
113555,7.932482417408852
113556,13.6677608674044
113557,9.318097282700252
113558,8.938509985315036
113559,10.983198669513067
113560,9.184168570720567
113561,7.315994417095789
113562,11.571638165920342
113563,9.433455736634704
113564,12.251633115676722
113565,9.245597959254408
113566,5.876844871450809
113567,5.029192390871714
113568,12.549813272689033
113569,11.086114195150293
113570,11.369249732032058
113571,6.7717483792875655
113572,9.183281912155191
113573,6.206771129162802
113574,9.353930488694257
113575,13.954616674391684
113576,12.813298430990596
113577,11.167100494973742
113578,9.624716292320704
113579,6.614187462749077
113580,8.585477447562889
113581,9.165183145293124
113582,6.165165624985606
113583,9.180804155466852
113584,8.055640105002581
113585,12.93871639015832
113586,6.319431949928115
113587,7.315456615567811
113588,9.853460580920627
113589,8.610469402765702
113590,11.667956461187087
113591,10.425394609105298
113592,13.64525318188581
113593,7.901156432657091
113594,8.764765942991945
113595,11.28336036994089
113596,11.901903089289844
113597,9.001741212121487
113598,5.470012012323557
113599,15.098034021445688
113600,9.205600754166401
113601,7.541354079668972
113602,9.50170589992167
113603,9.266425196682974
113604,8.584634293848685
113605,10.96036319405655
113606,12.623552635677267
113607,8.671084038736343
113608,7.058701709193625
113609,10.921031962933991
113610,10.452068904331195
113611,7.435861509083945
113612,8.980773547388631
113613,10.146707614859118
113614,10.037427316314481
113615,14.118601346541828
113616,10.510749199607734
113617,8.037736763981368
113618,9.245567329473934
113619,12.530714720162651
113620,5.943712561984967
113621,12.96194729202809
113622,9.472453843720192
113623,10.36481112487863
113624,7.044315782934125
113625,7.461816749195646
113626,11.835478132104381
113627,6.756616506540828
113628,8.339724693298416
113629,10.749766124065891
113630,9.924582515911892
113631,7.5487890422106405
113632,8.590380584324553
113633,8.21896408566594
113634,10.75755786169297
113635,9.820098390691234
113636,9.638657281335853
113637,7.247795657892763
113638,8.956329873428428
113639,10.040966222905544
113640,12.030966891881167
113641,10.935694793692733
113642,13.538428850452192
113643,11.302905405197839
113644,11.192878781216882
113645,7.1158727239112896
113646,10.225242925112525
113647,10.117185814250963
113648,10.830263879286964
113649,11.761579602625808
113650,10.585799948580615
113651,8.922249618589664
113652,13.539884927112407
113653,6.113834952829729
113654,11.819203090182885
113655,8.531094244359961
113656,17.32339098758466
113657,6.015828897548623
113658,8.18112887798531
113659,9.564830699675847
113660,16.429117950052134
113661,6.958724994900995
113662,14.485191750142636
113663,13.518179885210364
113664,10.064940005863974
113665,15.239238913919056
113666,5.639401868016502
113667,9.594153469463635
113668,5.179856375892411
113669,11.454598139579868
113670,6.697736677815209
113671,13.036108517600002
113672,10.952008393989697
113673,11.720227560668643
113674,7.459195880559778
113675,11.427416295721553
113676,11.12749943699838
113677,10.870550600588095
113678,12.505754756116284
113679,14.253944192768248
113680,7.2105632290102095
113681,14.948566953569753
113682,8.477164884968058
113683,8.429953114216977
113684,11.163575375154746
113685,10.153129163441436
113686,7.185077001037646
113687,8.42453143872076
113688,10.961250461209154
113689,7.5044380217389755
113690,8.057446899801246
113691,7.892738537496301
113692,10.50385628443968
113693,7.414521075812402
113694,9.312993533103752
113695,8.848639191967537
113696,10.547532732160937
113697,12.443030869137655
113698,11.32204859208716
113699,13.281002284937662
113700,7.473856090031914
113701,9.729539962824406
113702,10.763853509054982
113703,10.430538971767113
113704,8.998026816667272
113705,6.847430685751104
113706,11.223060401109873
113707,7.85744820697884
113708,9.861331194552529
113709,10.096518203412742
113710,7.9556476257520785
113711,4.994848000201874
113712,6.205345718384052
113713,6.505127698958276
113714,11.222113526506574
113715,13.488037288798811
113716,7.183350514949114
113717,11.597189293345693
113718,9.197209274422715
113719,11.511181408280084
113720,8.007066605857375
113721,8.446003705415439
113722,11.068166643435168
113723,11.319441218784508
113724,11.740017496568125
113725,9.075708552668033
113726,11.390236818981828
113727,13.749903487142243
113728,8.207985174645465
113729,8.344332357932434
113730,11.169519084849224
113731,7.823079785769295
113732,13.591548930780942
113733,11.380997598051898
113734,7.142502209639692
113735,8.197695542350678
113736,8.589552470624685
113737,4.488091541507428
113738,7.806243854677133
113739,13.469206813414257
113740,5.631519700010996
113741,10.800287843087167
113742,12.240011829939693
113743,9.223888837117222
113744,10.297367680668454
113745,6.538253018781527
113746,7.30016236368333
113747,13.65269172606097
113748,9.566734576108164
113749,4.722419642669348
113750,8.718088751675253
113751,7.239866940698212
113752,9.020632932344743
113753,12.07378454394518
113754,9.259086509468753
113755,14.320899394305314
113756,6.569552099294539
113757,10.229081134542321
113758,6.456844617986294
113759,11.636011351385047
113760,8.178667041460704
113761,9.00112071302645
113762,6.537250729906402
113763,13.337444123819202
113764,8.297349137197314
113765,10.228269691119056
113766,10.769828497536885
113767,11.104088341434785
113768,14.515455737341203
113769,9.406058913310817
113770,8.978797912751405
113771,7.752070852824403
113772,15.689897505965343
113773,6.681290875033535
113774,11.121208787582955
113775,8.510554353077293
113776,9.25049393174072
113777,9.311430927138264
113778,7.647762233147503
113779,6.763440129938483
113780,13.590524656609364
113781,13.65512871185145
113782,7.197334078304081
113783,14.750660339494743
113784,7.435963136916475
113785,7.599905176558761
113786,7.472368262806644
113787,10.43315463657168
113788,8.8510224488327
113789,9.55023282098386
113790,12.485446081747861
113791,9.042693803107632
113792,8.3176386153242
113793,10.01781649940699
113794,11.929429961339121
113795,7.322969559310025
113796,7.342224319676698
113797,8.571453169408288
113798,10.561833595969793
113799,7.988002648438714
113800,5.617555890931458
113801,14.18877246706283
113802,10.743640984900011
113803,7.314334992300154
113804,9.004625661879032
113805,9.584668385903399
113806,15.07159855692131
113807,10.686348535427658
113808,11.075274523425694
113809,14.286265438615075
113810,7.254036491519791
113811,13.921304915001201
113812,12.679679155708211
113813,7.4216614745888645
113814,9.599133077498967
113815,11.590143337077816
113816,12.777405009363946
113817,8.20760355726254
113818,9.321780412455633
113819,10.283108625229158
113820,7.487255205053818
113821,7.359321031071469
113822,17.577464005551892
113823,8.459219975097557
113824,7.809139259105353
113825,11.1397403738943
113826,9.348288712959608
113827,8.146105369185324
113828,13.871310846233829
113829,4.714315066426254
113830,10.47647824589171
113831,6.904074206435605
113832,7.543335747492707
113833,5.767835020134221
113834,7.587747823181279
113835,9.540481551259745
113836,10.324731335333132
113837,11.302130856696284
113838,10.859990642048901
113839,7.4523407146235074
113840,12.199924840979444
113841,8.846423350048696
113842,7.332012987930189
113843,10.327917567354643
113844,7.134315982666271
113845,8.595356750178496
113846,9.723964472765896
113847,9.934904031100544
113848,10.258454518735467
113849,6.175926947866947
113850,7.401548889404521
113851,10.042034661316444
113852,10.362809482102339
113853,11.89151329698035
113854,5.942874046315987
113855,8.39586018882209
113856,11.182989290551891
113857,7.992260858078313
113858,12.886438803750881
113859,9.003475336303717
113860,11.798218113611593
113861,5.305118377490881
113862,5.6602093566236675
113863,9.306951439630769
113864,14.196274925789282
113865,7.5892183993568825
113866,10.422489942509213
113867,9.26890978753943
113868,8.413232113011956
113869,10.784471307076988
113870,10.545278028786615
113871,7.5702013975896465
113872,9.694510780509253
113873,10.033457576111777
113874,8.221801557174217
113875,8.77081368888362
113876,6.742397952152466
113877,6.066884968503894
113878,10.016317696881767
113879,8.329907600277451
113880,10.537275575869497
113881,10.688711733100195
113882,8.490867422878983
113883,9.632296501081509
113884,6.944458633273129
113885,7.5859599622912155
113886,9.289603214533624
113887,4.882381364141961
113888,6.719571880612447
113889,14.232651431962708
113890,12.989393906934813
113891,6.955223942735363
113892,9.449453890185415
113893,9.61779447886579
113894,8.463943758859275
113895,5.573800152083225
113896,8.833413836282853
113897,11.603583696064549
113898,11.393833433595189
113899,9.167908993576825
113900,7.6798376345393535
113901,11.12101585856885
113902,8.940421679309509
113903,9.731604333702734
113904,9.624406992413455
113905,4.362124175172829
113906,8.583616487284285
113907,17.38332334337369
113908,13.034723356626719
113909,10.578437937859139
113910,7.730218599634144
113911,11.539791725249643
113912,9.2502582760803
113913,13.35131854155172
113914,9.52083943655128
113915,11.325208608799596
113916,8.373360510535498
113917,8.916996408690006
113918,13.923677058033627
113919,9.348518528727231
113920,7.803337907176166
113921,12.752793184172427
113922,7.650695739668757
113923,8.119908053035626
113924,11.669202004656702
113925,8.965414485852556
113926,13.552980930784447
113927,9.319627594095348
113928,10.718724030650941
113929,9.246048484357384
113930,5.689315212639085
113931,8.20717755285657
113932,4.89416052783632
113933,9.175761876646828
113934,11.224173713893423
113935,12.598547383434298
113936,14.490045427044446
113937,9.93927515493013
113938,9.363355167084451
113939,10.12364922730208
113940,9.438855060466363
113941,10.043115707879005
113942,5.9810706463266525
113943,8.01125246745975
113944,9.396079121994743
113945,8.31167003683367
113946,16.261434120308557
113947,11.137215088493466
113948,6.997386030856544
113949,8.24593376786072
113950,11.112868424656593
113951,11.014292899242598
113952,11.175262080557854
113953,11.7460416211924
113954,11.32181844343495
113955,8.322751961346968
113956,7.589135604483724
113957,9.250854471664965
113958,10.994147372541644
113959,8.777008581174012
113960,7.624598349195651
113961,10.516071711260224
113962,5.812209305019833
113963,13.73449495240809
113964,7.60937232834132
113965,7.87670075921252
113966,8.44438217403955
113967,11.351514327235721
113968,12.816392244983252
113969,9.229049831890972
113970,9.582845094465416
113971,9.862348212250419
113972,12.262819493209417
113973,9.698187895980592
113974,9.962348103382704
113975,7.071346788440463
113976,5.546019523678922
113977,7.157436686205232
113978,9.732658756160427
113979,11.338511577501116
113980,9.392035883333225
113981,12.864300278881998
113982,10.51574941625579
113983,18.600947976018414
113984,11.582972119889918
113985,11.104772755644593
113986,13.601450731048317
113987,13.050100515652693
113988,6.34763230595769
113989,8.793501824496976
113990,6.264829558671217
113991,16.585672583251032
113992,11.116687525634418
113993,9.105270066766156
113994,9.456905161935994
113995,9.731414374122863
113996,12.342111633767038
113997,9.60299027008939
113998,11.324622731997774
113999,8.201576899235096
114000,9.1512989712463
114001,11.804117761391089
114002,8.371285157281445
114003,12.663377606797198
114004,6.375704940234898
114005,9.368564523251964
114006,9.261672502595221
114007,8.11316979841895
114008,6.966365231817079
114009,9.063624847666599
114010,10.822291043849372
114011,12.255704187396834
114012,9.940563361984868
114013,11.197545554985593
114014,11.978999452287738
114015,8.835873113356799
114016,10.863871231370462
114017,9.11614432242843
114018,13.844360038238824
114019,7.755426236856937
114020,9.075419236827182
114021,9.83499452682104
114022,9.087472606982049
114023,5.86345272736548
114024,10.463085359238283
114025,9.386557636207607
114026,11.879177276858876
114027,10.170147703644924
114028,7.3794337378922545
114029,9.4576036462216
114030,8.59101030662355
114031,10.574275497822633
114032,11.794768960333407
114033,7.596952894553851
114034,7.92302756911471
114035,12.210112661206015
114036,11.009874419289662
114037,8.752719645355715
114038,10.679467271582967
114039,8.099689516321053
114040,9.431188283462305
114041,9.072808724308418
114042,8.275014646696295
114043,11.208833657411027
114044,11.676339269137145
114045,10.865281552854006
114046,9.040050299357967
114047,11.016062443293254
114048,9.42712897694133
114049,14.227002298708413
114050,8.983448562942021
114051,5.924890994132392
114052,7.050119341767884
114053,7.917676074321453
114054,13.700331675008467
114055,8.011546519767089
114056,6.793234075364387
114057,7.191392382748458
114058,8.952271660004623
114059,10.129709116931588
114060,9.092359432581796
114061,9.381644890522486
114062,6.417937717837816
114063,11.38525821726996
114064,9.785669567054434
114065,12.23544941399112
114066,8.248435729579953
114067,9.438371996193547
114068,7.994141530076268
114069,14.663544824662821
114070,17.60827231356156
114071,8.289377510559868
114072,7.367738591327884
114073,10.407875032087208
114074,6.136200006041954
114075,11.583959790754118
114076,10.10050782119799
114077,5.945981528403709
114078,9.07220102801424
114079,6.467823991083515
114080,8.352375814892632
114081,8.462370633143856
114082,8.892876293828024
114083,4.70662186523786
114084,7.881958520930013
114085,8.419950486672338
114086,5.780826999696387
114087,9.808856033691578
114088,8.905576479898102
114089,7.525376185987094
114090,11.573484895177383
114091,9.679033773197707
114092,14.168343006559443
114093,8.425858711248683
114094,6.734305990437923
114095,6.464839521407766
114096,7.304154918563323
114097,8.416088593649096
114098,9.928390663758917
114099,10.563005194135682
114100,6.046575169986626
114101,14.930060894321542
114102,9.916015714144248
114103,10.3992148594866
114104,7.723318514630381
114105,7.794305024859028
114106,12.024555645389045
114107,7.92955520783012
114108,11.97837158656894
114109,13.332207667448916
114110,11.663122774911127
114111,7.2741220821024255
114112,15.667103034263693
114113,5.276697480397776
114114,12.36935514291524
114115,9.871768127223667
114116,9.254942529383522
114117,9.209300701773206
114118,10.369278796692972
114119,11.844833721391756
114120,12.0401354589018
114121,12.799942567035805
114122,9.576399301979057
114123,12.60728164404025
114124,9.614094284274097
114125,10.927252951073964
114126,8.180382372508657
114127,9.887971121991471
114128,17.415787458420564
114129,9.62446263953155
114130,5.616569929633895
114131,5.491486445121742
114132,7.778507918930946
114133,9.403968819474409
114134,11.671454456115319
114135,11.670316317474954
114136,5.005339027329515
114137,11.23140049459183
114138,9.441052914709093
114139,8.899604357986544
114140,17.54709173201052
114141,9.740090629509528
114142,13.514136470226337
114143,13.570602384284237
114144,10.142914378680857
114145,6.643274982313244
114146,11.102494838062142
114147,9.331797004775055
114148,13.93012066190622
114149,9.581296180653144
114150,7.8244947537947995
114151,9.18139277644525
114152,6.750879644279853
114153,11.166372002181376
114154,6.212184869173621
114155,11.017038418562734
114156,10.232923045437019
114157,14.83141009863717
114158,8.322081819224119
114159,4.591375414246743
114160,9.148861649993373
114161,10.240318040485938
114162,7.30737778681993
114163,8.842969741856798
114164,5.75860148227015
114165,9.954741743020541
114166,9.357092635456208
114167,7.872607344172647
114168,10.256151708369291
114169,8.72559981134972
114170,7.222316447943046
114171,19.277276595032898
114172,9.907963583844705
114173,7.166497783824292
114174,10.676885800659829
114175,8.354396839120563
114176,8.014108682150749
114177,9.396467097063445
114178,11.98259726667624
114179,12.155644420526363
114180,7.862892338378984
114181,7.888344496389509
114182,8.863276460992134
114183,8.435690267221947
114184,10.281012266149236
114185,13.484782581848771
114186,6.647118682161656
114187,6.748175562409576
114188,10.627102841583952
114189,6.313614682995697
114190,11.320997697504279
114191,8.639857500080504
114192,9.360131677770296
114193,9.075570929550569
114194,11.646085192063344
114195,7.491744774484782
114196,8.723390790459778
114197,12.754509300651323
114198,7.052583678838859
114199,8.922292831927695
114200,8.574500763889576
114201,15.416686950944495
114202,8.752280052019225
114203,10.115271205759015
114204,11.576477022494156
114205,8.731431811539489
114206,8.1822807660721
114207,13.77508126490273
114208,7.995134754273485
114209,9.127613452006361
114210,9.728581944252419
114211,10.422554176792952
114212,9.311483582035606
114213,7.119024146927012
114214,10.271899344274882
114215,7.551853517566363
114216,11.05079247727941
114217,11.721393675854078
114218,8.981885342997844
114219,10.692823554148351
114220,9.221065358076135
114221,14.756631668233283
114222,11.179545920763909
114223,7.743063500859106
114224,11.68458398900203
114225,12.237922380924902
114226,12.65850738866192
114227,10.745840349606908
114228,16.286915327058548
114229,6.043161826753953
114230,7.8054081403857625
114231,9.626108918306468
114232,9.062886702332005
114233,11.216500296253017
114234,10.463808123203043
114235,10.249896896590315
114236,9.652841233108614
114237,11.635509516479555
114238,7.803011258774847
114239,10.569711200253167
114240,7.7262053734034595
114241,11.957032768660872
114242,10.950097447419331
114243,8.544673234036981
114244,12.815301910009552
114245,9.19482732079249
114246,11.406669094249096
114247,9.701368122475916
114248,8.582600475073187
114249,8.945686830337307
114250,9.182606424437687
114251,7.250384814198334
114252,10.51238879259423
114253,9.206966225990042
114254,11.115886052344546
114255,9.989799867010221
114256,6.35085055207588
114257,9.499968452697445
114258,12.364955215320744
114259,7.083005480262132
114260,8.299766679363502
114261,11.87831783844084
114262,11.922405489075894
114263,14.549597621239993
114264,10.433198873742011
114265,6.850117852313071
114266,9.572862634712862
114267,10.790970344734337
114268,7.918099206244055
114269,7.710899100618493
114270,6.989846158136507
114271,7.578563248335274
114272,8.869994553576756
114273,9.966834231590814
114274,10.98204805963347
114275,12.566379720073254
114276,10.357787551034374
114277,10.434225545137789
114278,7.923801564689749
114279,13.62587703483641
114280,9.721034140372183
114281,9.386360829838832
114282,9.35891396467552
114283,8.466595605935453
114284,4.215305250130436
114285,10.323651979033196
114286,5.907741816032062
114287,6.914671592725311
114288,4.493108191001861
114289,8.341153466701886
114290,8.419964084009209
114291,5.460825562302928
114292,12.137588723862251
114293,11.895787877519064
114294,12.045321785522955
114295,4.925367877359321
114296,7.314300912560254
114297,8.840980000879165
114298,6.57947889054973
114299,9.570989478910892
114300,6.427828177726705
114301,9.984675374163924
114302,12.244359414549908
114303,11.184650802328775
114304,7.19441749169358
114305,5.755129325508743
114306,10.906508556529722
114307,11.023864416821194
114308,9.90557506253478
114309,7.573230467093461
114310,7.353260941051782
114311,10.455999360318078
114312,6.767651234324283
114313,10.366895348597524
114314,6.103608075549025
114315,9.185129714415023
114316,8.815283738593571
114317,8.506767665746525
114318,10.56845617631198
114319,9.009717356751096
114320,11.035788433696194
114321,7.598311733708385
114322,11.24656340734738
114323,11.867763205607334
114324,7.802351812605191
114325,6.968937878099551
114326,8.153115338759838
114327,6.323784291940647
114328,13.503816292883196
114329,10.556644301035803
114330,13.721653948755442
114331,9.278998995861972
114332,13.832561269194262
114333,6.583052157565618
114334,7.9738345271736435
114335,9.956473265917527
114336,9.24351760006203
114337,7.641296698702183
114338,9.25963822922122
114339,9.556902823080101
114340,9.304438025137046
114341,10.885576128687706
114342,8.950983669565588
114343,8.123885120912812
114344,8.42775734630242
114345,8.402691681708253
114346,8.68591721383748
114347,13.17855162398764
114348,10.272275563326534
114349,8.749206272966449
114350,13.71111821744783
114351,9.301772892257762
114352,8.384877852438223
114353,7.226227521270185
114354,7.846751271192801
114355,8.46702962911251
114356,9.256911879059338
114357,7.453147903320084
114358,6.921657276239722
114359,9.085918571417753
114360,10.807561150069324
114361,10.784993439451759
114362,4.535477370543314
114363,7.664861770756706
114364,11.960476141241575
114365,10.435076548434672
114366,8.50857909821995
114367,11.601911894674021
114368,7.769570427850931
114369,12.45341297831487
114370,12.004769474019742
114371,7.396889348630401
114372,8.303334410636335
114373,10.56280208195069
114374,7.264466838982062
114375,9.77183529427405
114376,10.171356537997582
114377,9.867345432631813
114378,12.814714533534374
114379,11.604034469687685
114380,8.281817528580785
114381,13.87885824738141
114382,12.38337029658956
114383,11.521536737031742
114384,10.25890661351553
114385,6.775444472890507
114386,9.285209296956012
114387,10.785075340726019
114388,8.756618634872844
114389,7.507471825700674
114390,11.881552045808709
114391,13.195499842091067
114392,9.161500909145648
114393,10.816801269130568
114394,9.13676001467298
114395,4.517332300534866
114396,8.910955988232578
114397,12.06644872305433
114398,18.600721132513932
114399,8.531724602594384
114400,7.583716644178082
114401,10.624214665782457
114402,10.974438263326267
114403,8.088100824417788
114404,8.948054314158739
114405,9.772882809960171
114406,8.490888885894805
114407,12.807696407117703
114408,7.497447317699391
114409,10.124639178629401
114410,9.633220425341145
114411,8.635165540228632
114412,9.09307145711697
114413,9.728837653728757
114414,9.169841657359479
114415,6.313546086447802
114416,8.568117462683862
114417,11.491574998035526
114418,7.242022957498939
114419,12.146748266798955
114420,8.705001184250461
114421,7.039301760869354
114422,11.948426030674181
114423,12.59094759741572
114424,12.810762010376228
114425,14.028556645097021
114426,11.23178645084128
114427,9.16626661038335
114428,7.577412586203982
114429,9.153972539377062
114430,10.188595549302395
114431,9.558574005727635
114432,8.13005739923162
114433,8.435539628402122
114434,7.844829754652596
114435,4.429567480089702
114436,7.609978187130966
114437,11.291692002522186
114438,12.73443580983146
114439,11.311189715769093
114440,10.02226590030754
114441,11.878590149893085
114442,11.558649223027205
114443,7.665642517115377
114444,10.28654611703612
114445,16.882531900170186
114446,7.700778769644685
114447,9.310329596217786
114448,6.140068179512506
114449,9.311826288752012
114450,9.45344912613623
114451,10.25354485411903
114452,8.893756016482245
114453,10.63893036950516
114454,14.591100588279147
114455,10.620182656617365
114456,8.560619006340522
114457,10.654706744548925
114458,16.945194543887787
114459,4.573755596117503
114460,11.635095247478244
114461,8.957080671569917
114462,6.517804644077311
114463,9.378451325042985
114464,15.460354061078373
114465,11.826221529825443
114466,8.701438581873859
114467,9.878194608809082
114468,10.164612984718831
114469,11.737699898819184
114470,8.444875809510217
114471,14.082026405032021
114472,10.756380344221293
114473,6.6572703260913055
114474,8.362044037117741
114475,11.309215389563573
114476,9.531129994922239
114477,5.68516743203191
114478,9.845436371855527
114479,9.727507119768479
114480,10.866360672313345
114481,12.193401533889212
114482,8.47244825857847
114483,8.715873107237451
114484,10.398502434875018
114485,12.271618557531102
114486,8.990064751299085
114487,9.216980928337254
114488,7.6358180284611965
114489,6.067211095317939
114490,10.891351297274898
114491,8.317069837100036
114492,9.784562668856491
114493,12.416699393695387
114494,11.316754189712189
114495,10.45195437910775
114496,12.407276780872381
114497,10.70448066595079
114498,7.576598203363481
114499,11.003860588556675
114500,7.955691740426525
114501,10.27601564231945
114502,11.617869607213677
114503,7.2425838839947545
114504,6.890314902366309
114505,11.052726251149835
114506,10.717396787855513
114507,10.11427297072937
114508,13.355622865201209
114509,11.142749328404674
114510,8.55782118206557
114511,10.197434787892599
114512,11.362711221509262
114513,5.592421734145092
114514,10.284400767102017
114515,17.485345246722034
114516,10.779443661176515
114517,14.34997903709312
114518,14.202127498573706
114519,8.024548632616185
114520,8.149179273788704
114521,7.382588453540565
114522,14.336777571894217
114523,14.023504069997738
114524,9.378821879365407
114525,10.170416810189618
114526,18.31150151984631
114527,9.065517176512015
114528,11.251290521665561
114529,4.891552560434447
114530,7.235994553196024
114531,8.368332407953725
114532,10.471264734893264
114533,5.613223890449811
114534,7.0477206079530506
114535,9.517142664055983
114536,11.101148953603325
114537,11.668634457421572
114538,11.736697733194012
114539,11.93592251625459
114540,9.326418137770336
114541,5.105782174662066
114542,10.161996815182695
114543,9.32866773482236
114544,6.353058534982021
114545,9.262487968341285
114546,13.260651696435673
114547,4.698250630149461
114548,9.877117894935589
114549,10.018219011061474
114550,15.256169835884531
114551,15.933203532338842
114552,9.91963530472091
114553,12.855707133742964
114554,9.092800571692655
114555,11.167139476665024
114556,11.856290762931765
114557,9.725267670806492
114558,8.889920110986546
114559,9.678459793206954
114560,11.11768583143601
114561,12.507259692960654
114562,14.62807114419815
114563,5.2210803742355
114564,8.469761881925132
114565,11.327906677223357
114566,12.768380795956109
114567,12.907336699073577
114568,7.415469254490236
114569,10.235552219442337
114570,14.713414526058255
114571,9.70444558738653
114572,4.873485603766062
114573,9.56726293945762
114574,4.8830035136167895
114575,10.839140058338554
114576,6.37844631906036
114577,5.8345259787302055
114578,8.627258676771827
114579,11.667319557492755
114580,13.224692760105011
114581,11.644183027585242
114582,17.136183438893948
114583,7.277952259128385
114584,10.480592972615188
114585,15.193069570960475
114586,7.266345578688356
114587,8.987471856032005
114588,8.792453614249906
114589,11.867262520115856
114590,8.960990070692015
114591,11.21364640540603
114592,7.456164822323158
114593,11.089716177318746
114594,11.728033268954261
114595,10.73162545588671
114596,6.18255342338566
114597,10.851751225795288
114598,8.953725707671618
114599,16.131634433311923
114600,9.731595742186247
114601,10.147167741177135
114602,10.772724235813527
114603,16.477618916838857
114604,10.895915407223441
114605,15.62042644540403
114606,11.107394194525238
114607,9.688383747557957
114608,11.635981085443788
114609,9.978433504744311
114610,10.665648004764316
114611,9.40640403231541
114612,6.747641372916095
114613,7.904642331287296
114614,8.276289322275304
114615,11.854697505611792
114616,13.519517318598915
114617,10.656183815885106
114618,10.127448055269191
114619,11.00509671790725
114620,9.314155260310866
114621,6.22394786958779
114622,9.077596608732138
114623,12.546410354866769
114624,9.914138919045786
114625,8.944060785898284
114626,6.5444970709693235
114627,7.899525199607206
114628,11.804825339304417
114629,12.400265148687208
114630,6.040676986148727
114631,8.184716364089473
114632,9.897358142126933
114633,15.105092458438836
114634,9.153296034965873
114635,12.070607335585287
114636,8.65369796475692
114637,7.958872636541886
114638,7.2070475660135385
114639,8.890758380741238
114640,13.37403414318636
114641,8.222762846677364
114642,9.189629626220865
114643,10.604638427157159
114644,11.281025820111273
114645,11.918190895847811
114646,9.722052227841576
114647,5.926713970531602
114648,7.473694498948288
114649,14.986072925246338
114650,10.314978103802934
114651,16.745084957128377
114652,7.912758843464597
114653,7.271392704089425
114654,12.512613712524033
114655,8.073928132502632
114656,8.270758037943835
114657,9.347092751891427
114658,10.77317065073646
114659,8.809338569011926
114660,15.70147505323404
114661,10.254806580733668
114662,8.803261299299603
114663,12.894587317106296
114664,6.467681582832258
114665,9.809401397178757
114666,9.6726527250355
114667,15.688968169608989
114668,10.307630079788815
114669,12.215180748696152
114670,9.528884890923411
114671,10.195872500293445
114672,9.195864109124388
114673,9.966414239588493
114674,7.06882277571975
114675,14.774161044914091
114676,6.057439974922064
114677,6.955304483303614
114678,7.677177970815583
114679,6.6520572142640075
114680,9.745830368626217
114681,10.0266030981192
114682,11.83733576904703
114683,8.370244814074269
114684,9.02769090967071
114685,8.941244011655936
114686,7.040764391839405
114687,9.21851265522255
114688,11.868019326295018
114689,8.424406368521662
114690,5.618267870689229
114691,7.013600501101882
114692,6.827146331132124
114693,13.135418350111527
114694,8.943897960129824
114695,9.214030795979767
114696,12.874978132650998
114697,16.441969592936225
114698,6.992192460554738
114699,8.352576434718793
114700,7.87393645314494
114701,9.673859103297323
114702,8.653518574454742
114703,11.818955177196692
114704,11.189807486774507
114705,8.871701239822617
114706,7.104363708686249
114707,9.980677543218214
114708,7.881368442874797
114709,8.753457693495678
114710,9.954237191525493
114711,17.251929955098056
114712,6.266688681284366
114713,10.99056197784538
114714,12.843169277080088
114715,7.915648711396285
114716,8.249384408376542
114717,9.872672713517085
114718,7.456209709151933
114719,9.312958466284426
114720,11.355314146695811
114721,15.651587555630126
114722,7.784217174725657
114723,5.453806521644524
114724,11.148896225741188
114725,6.711474319094771
114726,11.192923860027557
114727,9.285266702524732
114728,11.227686833625858
114729,10.678133412911283
114730,12.160867030519842
114731,9.929714231078005
114732,7.3748127765952685
114733,10.782506086277545
114734,10.131037006349658
114735,7.475880028323554
114736,7.385673985104683
114737,8.263192514733566
114738,8.010192877267912
114739,11.05617881731993
114740,11.679721272415584
114741,9.999312972110447
114742,5.86147909284133
114743,9.821756969176782
114744,12.673401277217646
114745,9.309806245597494
114746,9.863435490343957
114747,9.727777698536537
114748,10.194637024099425
114749,8.775072834069922
114750,9.10153606787299
114751,7.58397890351821
114752,14.411109597207167
114753,11.170882895800526
114754,11.330855135051314
114755,16.501764245087728
114756,9.777799768006615
114757,5.602508729923558
114758,10.971843727709409
114759,11.511046795989762
114760,10.261252087473489
114761,9.12101134675488
114762,11.731910841960609
114763,12.011620192621487
114764,6.492548826673477
114765,10.501296659065973
114766,9.033398524820404
114767,12.249279753809711
114768,9.174146600316554
114769,5.9492204039181935
114770,8.386712392289901
114771,9.416672911533942
114772,7.898277970244638
114773,10.976487280211554
114774,15.621419214374361
114775,9.528951838567627
114776,4.2202525997428975
114777,11.627329171947803
114778,15.32173796816545
114779,6.754580503594974
114780,9.038581769832339
114781,9.290897936103002
114782,13.440994984117669
114783,9.956725622442393
114784,8.176135101914522
114785,6.929584402044741
114786,9.453115223020118
114787,4.244400432313314
114788,8.033771397186255
114789,9.53783955176615
114790,8.448132439193598
114791,8.356346543668348
114792,12.522414663962941
114793,8.084103713062994
114794,12.225383319985507
114795,8.269955947517587
114796,12.467035043773643
114797,10.267830991027967
114798,9.430158485203945
114799,8.174568116174996
114800,5.902730466571562
114801,9.50178292927095
114802,9.850538025004226
114803,9.71988388491585
114804,8.036305523747753
114805,11.056504752086603
114806,9.467049121776219
114807,16.272989715293882
114808,12.084361057898235
114809,10.484138055617276
114810,9.320906176773558
114811,8.002640550711307
114812,12.65698724331482
114813,10.450579708066112
114814,14.514739272043869
114815,10.925435459371048
114816,11.00374699336291
114817,9.298954026535426
114818,10.384318472637492
114819,7.972581088636511
114820,7.509266916183646
114821,14.489725561198162
114822,9.918745527989696
114823,4.845653363035188
114824,8.914291277467514
114825,4.7568183680308715
114826,11.114884994276576
114827,6.418389041849435
114828,6.713493423432295
114829,10.995349139250454
114830,9.48135870548875
114831,6.518516107266182
114832,13.913748822841018
114833,9.188020043330278
114834,14.071676572704067
114835,10.283353499836696
114836,6.451147479163998
114837,6.461757938675357
114838,5.603850975364193
114839,12.364048007574095
114840,10.281022794040704
114841,10.9394535057552
114842,7.235361296281302
114843,8.420234317858252
114844,6.630863806945145
114845,4.360110335677809
114846,9.737346272632918
114847,7.357136426068363
114848,7.350750349017541
114849,12.444335981325532
114850,11.230201642929156
114851,10.455189903586675
114852,13.77867547892894
114853,9.829635737355202
114854,6.102853273352521
114855,10.979803629066646
114856,13.127673526416014
114857,4.826111356104841
114858,10.302358926660409
114859,8.90277618456464
114860,8.588535307614857
114861,6.8424868860836
114862,6.443660692675222
114863,14.59733204976855
114864,10.12061086883245
114865,12.826505283235582
114866,11.351340128027882
114867,13.624444649845003
114868,12.102973275062519
114869,13.889933827212634
114870,9.545220397539973
114871,5.044454597646711
114872,7.502209726386644
114873,10.963995847653777
114874,8.953264605432558
114875,10.121428272807005
114876,7.455495901950902
114877,7.786135406216387
114878,9.235045059918901
114879,12.209425942191752
114880,15.384995838727516
114881,11.457722554285892
114882,9.208462269042926
114883,8.93582547545881
114884,7.115745005625286
114885,7.235032056513022
114886,7.309829604635539
114887,10.869699038389152
114888,5.654473150307115
114889,11.511744579716105
114890,7.417563656957159
114891,12.540212493544738
114892,13.69279755693086
114893,12.343810756335962
114894,7.2563966291222215
114895,10.494081529899438
114896,9.644267382333036
114897,11.089903581130045
114898,12.052383422507985
114899,10.502835431872033
114900,14.187509799333583
114901,17.866578866030448
114902,6.767583614142493
114903,9.68149180953606
114904,8.57838187446124
114905,7.09378084381
114906,10.536548301941139
114907,11.138543800073283
114908,11.950946187568928
114909,11.228039836510023
114910,10.51475247934334
114911,10.207687221998512
114912,14.123584992724682
114913,9.68167629743399
114914,15.25040410428916
114915,8.198787191057585
114916,7.218961407854988
114917,9.236431098149044
114918,8.844664735926937
114919,6.204648391856781
114920,8.923921460233027
114921,10.31235302534387
114922,10.311270637688825
114923,9.180302662768295
114924,9.636467832468147
114925,7.244467618299836
114926,8.809518405100684
114927,9.13993571606895
114928,8.180946315781284
114929,7.522708608346335
114930,7.024971164616017
114931,7.759633445852373
114932,6.52475799420795
114933,9.27786948983764
114934,7.458730395815666
114935,11.077620188897825
114936,9.798361666464402
114937,10.587987209472583
114938,7.014160693258731
114939,10.084356851323328
114940,9.411131223405363
114941,6.355310129368542
114942,10.526813121813204
114943,12.241322418270437
114944,4.01348258015006
114945,9.064697765623809
114946,8.517317167182837
114947,5.264738821519539
114948,8.331302482797762
114949,8.819765151514328
114950,8.055888323687467
114951,9.718433347912667
114952,7.893631116855005
114953,9.794699707877811
114954,8.287047843687064
114955,11.717206368730993
114956,7.839841614829764
114957,6.62745714816595
114958,5.2588258533006185
114959,11.064467863542609
114960,14.361816767838926
114961,11.12083606143818
114962,8.580299420263962
114963,12.671683178517338
114964,8.253383820756573
114965,9.41196553472874
114966,9.704668235263304
114967,8.049239533677488
114968,9.287908718138592
114969,11.193509052348526
114970,13.243177144076842
114971,4.626530485008601
114972,13.558130730188168
114973,6.206121031174275
114974,8.26852915657164
114975,6.7356687689194885
114976,12.610584418113117
114977,5.989822617131858
114978,5.389414383920114
114979,10.89225782712878
114980,10.601813939950834
114981,10.66778247633076
114982,11.192351492538757
114983,5.877589742173181
114984,7.814636180193065
114985,7.838879182733953
114986,12.445709527221961
114987,10.329758840233392
114988,11.510670917125848
114989,12.354792366081615
114990,6.093936576544996
114991,7.871970593297786
114992,9.346779766880678
114993,13.974042780751144
114994,10.242467060186438
114995,10.911905855139917
114996,8.09544150961898
114997,10.368562093782927
114998,9.541800622174703
114999,16.30033290129421
115000,11.551142743723542
115001,5.204404283459137
115002,9.90493143504762
115003,9.0951743879865
115004,8.997536310989382
115005,5.088201842252014
115006,13.618300992363505
115007,6.821106689251449
115008,11.29288476866535
115009,13.399872577613612
115010,8.601710606393182
115011,8.161278387627272
115012,9.410538319667555
115013,9.815791534609458
115014,6.2284029057072186
115015,13.149830970413698
115016,16.890816959275252
115017,7.782643618218761
115018,7.550857409400504
115019,10.993773188174035
115020,12.922018466946252
115021,8.160774166332178
115022,8.786599667395333
115023,9.110020286506032
115024,13.74535652838253
115025,6.915820062192415
115026,16.045676684773348
115027,10.19754626728658
115028,9.528146274476255
115029,7.466450922332986
115030,6.565127906970981
115031,9.391690235935364
115032,13.01709878111213
115033,10.651163108616284
115034,8.942283447559905
115035,8.941972589701262
115036,9.437174499779662
115037,7.38427263404179
115038,11.13591659236626
115039,14.155106759464818
115040,11.213394141660704
115041,11.450223234273821
115042,8.42370916019701
115043,7.758950674667853
115044,9.894893901629711
115045,9.67706669654299
115046,10.468179885870182
115047,9.263478021887849
115048,13.428422938677656
115049,12.36827573677877
115050,9.864634057004896
115051,8.900500485815881
115052,7.87487463869427
115053,10.51395239745359
115054,8.972493187608466
115055,7.224266912460413
115056,9.028848783117983
115057,9.386856707185794
115058,10.047881132318745
115059,9.188841768234427
115060,13.139682369430767
115061,5.4541412398980045
115062,13.295603956021177
115063,9.528873496524197
115064,11.851595158024345
115065,12.134718805187807
115066,8.867268563649992
115067,13.803391343654104
115068,9.463434472782806
115069,11.614727385411971
115070,12.904993468092474
115071,11.85017397384009
115072,10.373488588932652
115073,9.244437645508912
115074,10.194762907920744
115075,9.1302300439904
115076,7.66680090039726
115077,9.914904072874076
115078,10.255588997576252
115079,9.49103804894217
115080,11.21427977690558
115081,8.745771801865981
115082,9.836346464903832
115083,9.972255225118712
115084,7.510390903328146
115085,11.201082598498354
115086,9.947635525812611
115087,10.848789965708617
115088,13.76058571035205
115089,7.225141090485718
115090,7.61171626950744
115091,5.8675313979093735
115092,13.531516541511717
115093,10.364273987580884
115094,11.854597262481711
115095,13.403542466598442
115096,7.443996972416817
115097,11.589948029895865
115098,10.094257988963252
115099,12.46113167382013
115100,10.85759427852096
115101,8.95522016669078
115102,11.579525492339593
115103,11.068844585539455
115104,10.164357662712625
115105,6.453823452737241
115106,7.095955587481001
115107,9.753822484391128
115108,9.742886911410656
115109,9.148263983785107
115110,10.119415955276454
115111,11.771213768833503
115112,7.017851190181591
115113,11.844405001260531
115114,8.46340258504262
115115,10.762600714080316
115116,9.121796447406506
115117,7.593596442742924
115118,9.073339371225615
115119,4.731690352437762
115120,6.9251851045567765
115121,14.89393808054182
115122,10.608174830165975
115123,7.77604694471327
115124,6.567186001244275
115125,10.150230891886318
115126,8.911936700365851
115127,6.691780109013392
115128,14.472911514445807
115129,8.328802881668187
115130,10.09331917260765
115131,13.188956220427215
115132,12.06417468492786
115133,10.40445187162214
115134,12.670947593660406
115135,11.846673853267664
115136,12.537816461371118
115137,8.180555624379949
115138,5.565410661218098
115139,9.300948225666243
115140,13.402662965331558
115141,4.597523891233562
115142,10.751541730327563
115143,13.251919959275446
115144,10.33723761045846
115145,9.644299432970767
115146,12.324834049824165
115147,11.07930838306164
115148,9.40248811260122
115149,10.177375779937492
115150,10.175974671200743
115151,7.461867728328481
115152,9.680764913351561
115153,3.9529003120817294
115154,9.968999898494705
115155,9.214654543993062
115156,10.222316765913828
115157,7.492963320501289
115158,5.269814976764768
115159,13.037866132317228
115160,10.709584317019821
115161,9.814987398693438
115162,6.622438277658953
115163,14.996044500827026
115164,12.10400548795338
115165,11.688440090067324
115166,7.748055324450403
115167,8.621125251105916
115168,7.2384527032911565
115169,10.115975218130925
115170,12.183333391707915
115171,7.394622628607881
115172,14.89377614112025
115173,4.499335263419898
115174,9.312398736569488
115175,9.078222491863666
115176,17.963032423119596
115177,9.20868890901205
115178,6.623986485030929
115179,12.971142439110375
115180,9.944074375429746
115181,9.34234077478368
115182,9.912145372082373
115183,5.453022633527157
115184,11.55229049014488
115185,7.511165674652543
115186,7.735449579424824
115187,9.622014729482498
115188,11.896969732363038
115189,6.312095607828072
115190,12.424256804589703
115191,8.59277109466579
115192,7.877530408866965
115193,11.32538209261092
115194,6.139422347759782
115195,10.909813782608785
115196,8.443217720574445
115197,13.335688957782114
115198,8.945216693327737
115199,8.463925431520291
115200,9.176508516211229
115201,13.248291195928212
115202,10.25848694190903
115203,7.128509652662414
115204,9.617156588920981
115205,10.693097116717288
115206,6.88953420251095
115207,16.0316434364258
115208,4.493097048600459
115209,6.762895703089399
115210,12.175143381293633
115211,10.860232206225485
115212,7.025111240460104
115213,10.669187393214395
115214,9.5821462136935
115215,9.946587407759822
115216,10.370782573406569
115217,10.149196989013316
115218,9.735890675297043
115219,7.258147417032411
115220,14.329885462461538
115221,8.895917837950329
115222,9.966103669112432
115223,12.15401977832944
115224,9.693487179484453
115225,8.764562078552604
115226,14.651391815844377
115227,7.833136262790791
115228,6.446808105514222
115229,10.254328602434274
115230,9.545429666641027
115231,6.401158745820777
115232,12.457371979687359
115233,11.08245445922834
115234,9.782085382862928
115235,8.4744904419927
115236,10.318766569460513
115237,9.87430536449572
115238,12.210620500980854
115239,6.46101694897326
115240,13.692489239269978
115241,13.185313213684946
115242,9.591903108575261
115243,8.33907953540979
115244,4.221025666178396
115245,10.309045859555352
115246,7.643926636053877
115247,8.818643166212807
115248,14.223571871523339
115249,8.968687495011155
115250,10.178819013014406
115251,8.691855814087756
115252,10.850749811572804
115253,11.65743135111428
115254,7.002270360338391
115255,10.596543214262546
115256,14.913427707761965
115257,8.805240199221766
115258,8.19907266101279
115259,8.01162461362153
115260,11.697667235694459
115261,7.836083938562089
115262,13.4255021027711
115263,13.001063727809182
115264,10.722255041411353
115265,7.655384100214166
115266,6.615908515459369
115267,9.862874607274271
115268,12.331223865879988
115269,11.677924540338065
115270,8.266731839372374
115271,11.089563767479508
115272,13.563835763656181
115273,13.553020601949907
115274,9.686016408204555
115275,10.438351246389583
115276,10.783398045248457
115277,12.184429872949814
115278,11.869399535361461
115279,10.230348389678982
115280,8.940999716807827
115281,11.053215014767247
115282,10.367154053720498
115283,7.140369045602206
115284,6.960046103261982
115285,12.471635911123716
115286,7.253696814657317
115287,8.040200559509467
115288,7.40775604530032
115289,8.779299858766583
115290,9.307721012659366
115291,10.121742748576057
115292,11.740148279726608
115293,6.391394047425111
115294,9.265877801486495
115295,8.988165331812105
115296,8.2188448079113
115297,13.424615276605754
115298,7.20388098493824
115299,9.871741813484292
115300,7.018101138568521
115301,16.694049541523334
115302,8.677133430785972
115303,11.821717272259388
115304,8.380165175316662
115305,9.512515110144303
115306,10.47502904589032
115307,8.459302012078357
115308,10.200927656756509
115309,13.06008084938669
115310,7.813809532530601
115311,8.33586619311957
115312,8.953135267891398
115313,4.904708249537751
115314,9.703748720315891
115315,15.065968810591343
115316,7.769387664878908
115317,9.568108020467587
115318,6.126218723718659
115319,7.598490410462621
115320,5.738582087684404
115321,14.01803789560671
115322,8.142608455397875
115323,14.014640825607557
115324,8.2891060774047
115325,9.466984341956508
115326,9.385175418084222
115327,9.798660904707685
115328,8.335206387479179
115329,10.908364044760473
115330,7.0045207612776155
115331,9.75961119985459
115332,4.878687785220975
115333,11.738874332258353
115334,9.411102862557566
115335,7.636551163941
115336,11.494958821046652
115337,10.289294409271399
115338,9.106807303650275
115339,8.923062171459703
115340,8.384062960643263
115341,7.354760117753753
115342,9.622012217714458
115343,11.792517560420674
115344,10.976303872320534
115345,9.406828062771913
115346,12.244623342299473
115347,6.401291717789434
115348,9.498572585009216
115349,5.456620099252786
115350,6.9679371134486345
115351,6.885208220592029
115352,8.463467063936625
115353,8.25734170430971
115354,13.584993153342717
115355,7.993964407544945
115356,8.335419819101725
115357,8.830613429863519
115358,12.78074401882761
115359,14.618601649132254
115360,4.670381230802199
115361,9.524152891698929
115362,10.987641829049144
115363,9.388872963936732
115364,7.216314252209751
115365,9.454764109358797
115366,9.726653151672455
115367,10.68389780450203
115368,9.555668494979258
115369,4.478936532821859
115370,12.834537741225978
115371,10.336146655569236
115372,9.8705740052301
115373,10.90722004969617
115374,7.676749335024968
115375,9.56941878156858
115376,7.76538590726512
115377,8.279668724628877
115378,7.244302223153381
115379,10.599071160626554
115380,9.56451769296251
115381,13.801435583230205
115382,9.17577939317367
115383,11.984883061688393
115384,9.296040055243955
115385,8.63474264292074
115386,14.528529254387305
115387,15.259677126232072
115388,9.030765841037933
115389,8.6879513686267
115390,9.997228185222616
115391,6.4887635138713575
115392,7.4621857732684305
115393,6.633921616951724
115394,9.298207648708493
115395,11.016562273663858
115396,9.805726534054095
115397,10.615000198190412
115398,4.812913330193151
115399,10.268696373195834
115400,10.316246383886448
115401,10.149378023800958
115402,7.669757459084036
115403,10.4166100210147
115404,9.256345318917838
115405,8.710422423145863
115406,6.887222390036422
115407,10.569135265483926
115408,8.727907646454643
115409,6.232225162523578
115410,10.117724812423806
115411,9.549087948714135
115412,8.892156500213002
115413,9.341484257578747
115414,11.450231657412843
115415,11.36136427458748
115416,12.306556168335515
115417,9.128250206993954
115418,9.030006753908937
115419,10.618232240521005
115420,11.168509808416612
115421,11.310265068673042
115422,8.012106964467396
115423,13.789494870453186
115424,5.899661686006006
115425,15.309218627781751
115426,13.036363198272474
115427,9.483174690319075
115428,10.671046679057351
115429,10.50030244405179
115430,11.336309086776204
115431,10.763739150913915
115432,8.362825819422799
115433,7.548398364874683
115434,11.168153761955093
115435,8.718599946904785
115436,8.966743480899993
115437,13.933706216568734
115438,8.605118171242161
115439,10.925350058820802
115440,5.872563247869893
115441,10.82790444978185
115442,7.673388601926658
115443,13.619427043654914
115444,9.459816876405618
115445,10.299422757623455
115446,9.422145069210847
115447,7.158687957151362
115448,13.784322862221561
115449,6.310776702567935
115450,10.83822375851552
115451,8.89212636098112
115452,9.360595651005237
115453,14.924316074248527
115454,8.67858617624801
115455,7.750489782482626
115456,8.544310297559289
115457,4.026421705011985
115458,6.303609093091132
115459,8.689122411111303
115460,10.390710033421625
115461,10.057337131359876
115462,7.17043515702057
115463,11.005727943623778
115464,11.742421935506417
115465,10.637686662890285
115466,14.692874903356829
115467,15.597592837267523
115468,9.575048547929098
115469,9.92180518678769
115470,7.603593407237274
115471,7.181825661737103
115472,9.573054986573878
115473,5.360829233255126
115474,8.505432939829106
115475,13.509383395112655
115476,4.326860478679821
115477,7.935396987228918
115478,9.805537100597299
115479,8.24537457670011
115480,12.267431897429685
115481,10.117358787766893
115482,7.729979001896562
115483,9.2390221520718
115484,9.516802287266556
115485,9.53400215226803
115486,10.164901845680484
115487,7.88308696203723
115488,11.258181701799804
115489,13.255673142728227
115490,7.9403426030877515
115491,12.428911005407874
115492,9.62127223507213
115493,8.888607871317316
115494,9.486607849960624
115495,9.178226659310784
115496,10.410601325337332
115497,12.56213795819515
115498,9.5644391942533
115499,11.85455117025041
115500,9.529714124403338
115501,10.887477487847288
115502,10.232059618503461
115503,9.117995508294685
115504,12.168028142878555
115505,10.622814266045948
115506,9.103593240399615
115507,5.7604603765500615
115508,11.760110405423896
115509,11.821603292910257
115510,8.114890763206684
115511,9.30731922887514
115512,10.918176474224264
115513,6.632366056908471
115514,7.531504078448149
115515,13.911279563956445
115516,9.565713953035159
115517,11.708011493370995
115518,10.052725972262696
115519,13.004183918210746
115520,13.7952621182278
115521,10.36769680037396
115522,10.329659115771893
115523,13.04144039087995
115524,9.246290595717857
115525,8.468704676755465
115526,10.955070281723867
115527,12.065715251809722
115528,9.032873181879648
115529,10.71743135437151
115530,14.40890133772989
115531,15.484823828110379
115532,10.958798488473876
115533,11.96699026582046
115534,9.256694045391246
115535,6.152593100559294
115536,10.00414822579258
115537,6.776313243176565
115538,11.391052127079567
115539,14.86609009583806
115540,8.306556872545668
115541,10.465212950544004
115542,9.701809008555973
115543,7.781680985290885
115544,8.372607510398632
115545,8.005213016876201
115546,10.172317366753973
115547,10.243286649842668
115548,7.487569574969589
115549,11.327374134529991
115550,7.494210129249028
115551,8.653722976112387
115552,10.74104481821501
115553,7.966303124233297
115554,8.478231325360706
115555,8.531699851222577
115556,13.600528903939368
115557,11.080442531844758
115558,12.005459790167507
115559,11.187802779896142
115560,12.05381079880929
115561,8.485942406542392
115562,9.360943104854192
115563,9.228049390124985
115564,5.071996928110484
115565,9.387363390832624
115566,9.605876363138007
115567,8.440967251562856
115568,7.138221781794401
115569,15.139282657929275
115570,11.877150610799347
115571,9.29322615995848
115572,7.659652406695416
115573,10.137542589510556
115574,11.814529387809745
115575,7.435252425745442
115576,13.87077906272508
115577,10.615606662218916
115578,10.33069073917444
115579,12.140228076225108
115580,9.620052966333475
115581,6.166440542749301
115582,5.92125537965377
115583,6.730818967550914
115584,8.970351167191565
115585,11.310264536695914
115586,8.889660949244663
115587,7.51420524129283
115588,8.640965096528255
115589,12.906309154309744
115590,10.168243025017262
115591,10.571014165020888
115592,5.6019966472254525
115593,12.847191446586518
115594,11.868103044289956
115595,13.798694618220797
115596,11.45527233469428
115597,11.098027819931108
115598,8.420907208363683
115599,9.443375214407235
115600,10.707420664913906
115601,10.338351003469814
115602,10.340396172303874
115603,13.191884001813506
115604,11.774107078897382
115605,9.201607354990148
115606,9.60265437342412
115607,12.053016826193721
115608,13.55146947877193
115609,6.65574359695344
115610,15.25949435506627
115611,6.127456262198759
115612,9.618360856686959
115613,4.633879354336793
115614,12.066331286037679
115615,5.878482529439121
115616,14.278100225756978
115617,8.784660632188757
115618,8.986729925132666
115619,8.565939576639582
115620,15.631465251336376
115621,7.755218158408715
115622,10.213497784737715
115623,8.467339813941088
115624,8.873600554382168
115625,9.528982111765403
115626,8.384366469517222
115627,10.228931550252899
115628,10.172717761186103
115629,7.51984068722997
115630,6.991453909436705
115631,9.570833259192733
115632,9.022208862246556
115633,4.203718633990689
115634,11.27319373449237
115635,12.989157110449415
115636,7.276528683174379
115637,9.268066957599524
115638,7.164318590778494
115639,8.78388546227469
115640,9.230038550007984
115641,4.5737500523901495
115642,6.842270093742964
115643,9.684346490104952
115644,5.543497526539364
115645,5.442890757667413
115646,10.170911205460603
115647,6.566094503388976
115648,12.333377026491075
115649,8.285013169996542
115650,8.361208324512646
115651,10.580974788009046
115652,8.880362484217278
115653,5.206192932823631
115654,10.083172730561094
115655,7.543050459105061
115656,8.570056773417647
115657,12.253020085418243
115658,10.20413856596645
115659,11.142168562977222
115660,7.39573602484523
115661,10.210216685820948
115662,5.9043586068487395
115663,8.81175529860902
115664,10.120487962185496
115665,7.886527054073706
115666,11.859955799744986
115667,9.835276739593843
115668,12.852383683629387
115669,10.224181639578168
115670,10.075302218426824
115671,9.641467132471046
115672,9.094455167576637
115673,7.916950337707466
115674,8.976894663010086
115675,11.314925541319749
115676,10.91691582912841
115677,8.782335115931621
115678,10.943050514638953
115679,8.377631759908235
115680,10.906575707508782
115681,8.679468677701584
115682,11.116361499586322
115683,10.144668847668717
115684,9.655485752351849
115685,13.413689485862932
115686,6.502693419091171
115687,5.632934300007972
115688,9.665520992355136
115689,12.03211242124217
115690,7.760943942779404
115691,13.94259713839817
115692,7.6131182916452955
115693,9.51879325918039
115694,13.775411032407623
115695,4.9656815399125875
115696,7.8943909370502094
115697,10.831629379444632
115698,11.094509994892537
115699,8.786202722148237
115700,10.549229363168815
115701,8.282099999528116
115702,7.409794888994702
115703,15.233752453798525
115704,14.749784666804562
115705,9.69518617486104
115706,9.656847621204827
115707,9.213087255649885
115708,6.720154265718284
115709,9.158888346755642
115710,9.508070780118857
115711,8.609027794699298
115712,9.955770269435993
115713,4.217081560136524
115714,11.476681172891123
115715,7.905000771845724
115716,12.802268413407958
115717,13.812220082596175
115718,7.562645009527384
115719,9.521659958549717
115720,8.52678890523578
115721,6.951497220197877
115722,7.7156440180170875
115723,11.327590733870503
115724,7.366327079737725
115725,5.586525795462721
115726,9.066506442927086
115727,11.992628657529304
115728,11.443040972262219
115729,9.515080671689997
115730,8.274405358378626
115731,4.066003679983227
115732,12.51266530886086
115733,12.105500746398159
115734,8.094017552370001
115735,6.0168922951601225
115736,6.64329758646663
115737,4.5400817851107105
115738,8.326440387659797
115739,12.672078797815853
115740,11.608591097220932
115741,7.9143868281219145
115742,8.380704744930142
115743,12.590805980252847
115744,10.624740643543538
115745,15.673484892311667
115746,7.543137338784805
115747,7.460268593031627
115748,11.839545574076126
115749,9.79365422372497
115750,14.582317950350253
115751,10.182985062955924
115752,9.741241532783766
115753,8.477952582038519
115754,12.013547729704296
115755,10.7108419818672
115756,10.372882160300046
115757,14.344889588065616
115758,13.692037950464897
115759,11.610005620067337
115760,12.066423322509088
115761,8.675258439079858
115762,12.021968498136903
115763,4.25103228467067
115764,12.19883312588276
115765,9.391846177084814
115766,10.15227860907097
115767,11.092397076303275
115768,9.296565350651488
115769,13.068923653200226
115770,7.43324215003773
115771,11.650276912881944
115772,4.879489113832118
115773,11.665230775662781
115774,11.14341230927484
115775,8.6659849324305
115776,12.218274813377622
115777,12.217774303249522
115778,9.540164349792278
115779,7.516752548962012
115780,9.607031498965997
115781,11.417491227185094
115782,14.622209970037796
115783,7.20225816008288
115784,9.63598997232685
115785,9.540927120760607
115786,8.075870957423934
115787,16.58552948708675
115788,8.524017145875202
115789,8.336521483080427
115790,11.548337410195126
115791,11.361919910584696
115792,9.012701341752202
115793,12.740582839120336
115794,10.749301491253888
115795,16.107543140781164
115796,9.759649946202341
115797,6.933441112881982
115798,9.124799585436318
115799,4.507370763821431
115800,8.68504411241481
115801,15.308928818977202
115802,9.539231694997522
115803,9.225048167316778
115804,4.574050331784596
115805,5.883890005361473
115806,7.201978535872092
115807,7.90454156780429
115808,7.1817372297573545
115809,15.69181264209198
115810,8.501362997256056
115811,6.686231472166014
115812,9.695623949331878
115813,9.322410522849108
115814,9.503204138141358
115815,8.636864337457087
115816,12.338199923662422
115817,9.899040623522206
115818,10.619909568278201
115819,6.453404097528191
115820,13.438360677014362
115821,12.95813875115194
115822,9.858991891334137
115823,7.6746998709466805
115824,11.365019403119538
115825,6.758575433037818
115826,9.287784395943376
115827,12.72673481856557
115828,8.527489265005773
115829,15.219675624039734
115830,9.747363874831876
115831,9.022094023951592
115832,7.354039877771389
115833,8.86385352666746
115834,9.685653088503766
115835,15.46683716408749
115836,9.41550654407613
115837,14.963544529773404
115838,10.632785715788156
115839,7.231054841564313
115840,6.927562856983537
115841,8.66128258127687
115842,9.366075497991199
115843,7.8618713946974115
115844,9.789770631874704
115845,9.069144630263114
115846,15.217492549716388
115847,12.262809243982897
115848,10.074048309627504
115849,13.553695902260149
115850,8.514881284828284
115851,6.946862941989734
115852,8.920543500779917
115853,10.86856783239033
115854,9.126966720126383
115855,11.245339474493283
115856,6.78858635312705
115857,8.428093649658841
115858,9.552458043762746
115859,13.851512155932681
115860,12.31129399772863
115861,6.992608216704449
115862,7.054556479537789
115863,8.280027205209421
115864,9.890124069130504
115865,6.220273787681995
115866,6.706940932383371
115867,7.668263414772733
115868,11.930477366972212
115869,9.189689696949518
115870,13.139993696461165
115871,7.957856475803406
115872,7.544936877647565
115873,12.263744902878233
115874,13.131488119375158
115875,9.281540456304008
115876,9.663261383095072
115877,14.081656243799944
115878,10.285911999331626
115879,10.75540980845707
115880,10.701683213159956
115881,6.136927203390621
115882,9.41954737185678
115883,8.181897581639245
115884,9.658566066357507
115885,9.351867123302622
115886,9.69445282467306
115887,9.99230553951388
115888,11.886996773670708
115889,4.061376829651707
115890,10.98544878242838
115891,5.734338377613637
115892,9.3149099599462
115893,10.030472019028704
115894,14.852954477369767
115895,12.574314224884898
115896,8.21007104812287
115897,9.866730234952186
115898,7.663802533818929
115899,7.91271597119575
115900,8.992609720617622
115901,8.867549914036061
115902,11.824368092535567
115903,11.952208155199248
115904,9.992159118819497
115905,6.533386689462796
115906,9.587714494445654
115907,7.0671869844966935
115908,12.699644170219848
115909,8.575906855869041
115910,7.76887584584321
115911,6.055516119954544
115912,8.354509499207728
115913,11.680083953924035
115914,7.567469526019383
115915,9.273081095997473
115916,8.763537572414746
115917,6.644919171838924
115918,8.454569094755724
115919,12.99389811356061
115920,12.798135786253251
115921,13.932044761757126
115922,6.8692734869840635
115923,9.990913878942441
115924,13.389150814965628
115925,9.080758472100111
115926,8.541914140896157
115927,14.650961090133123
115928,4.889732957682228
115929,7.4453771220776614
115930,10.071190647340858
115931,9.168605297836587
115932,9.76115331645135
115933,15.773737779865874
115934,9.896549864280235
115935,10.28097612213801
115936,5.418341251347757
115937,10.020690292436818
115938,9.378937596107129
115939,8.696945793308776
115940,16.635892591346373
115941,9.46552687322033
115942,7.94557488202819
115943,4.358154064427099
115944,10.226505823594461
115945,9.454422128323241
115946,6.85904729668586
115947,11.796709982731372
115948,16.824347023035557
115949,9.417686014345609
115950,7.4329359952324126
115951,11.889800159669894
115952,10.914437158414458
115953,11.340450011598156
115954,6.4237521860259506
115955,10.791537458473131
115956,10.072592218537842
115957,6.637021342309486
115958,9.806523424160877
115959,10.503066855933858
115960,9.50462304893693
115961,9.58726872999124
115962,9.661196049153125
115963,12.729633541237543
115964,9.294311788600496
115965,10.604354766618597
115966,11.664307459097873
115967,6.217829391854041
115968,12.796073714102164
115969,10.330952875600808
115970,4.333094142661913
115971,10.411310492508035
115972,8.544380562757018
115973,12.513138741658889
115974,12.245693592149419
115975,7.631759835923385
115976,8.49268371891121
115977,10.410783466423421
115978,11.292902016585229
115979,10.971073387642662
115980,15.75767922582838
115981,9.068793855723776
115982,10.142006479198438
115983,12.465095800169646
115984,4.884822196757465
115985,5.375909314442113
115986,15.305381792538082
115987,9.78510388653412
115988,14.145482894656705
115989,11.250724917943916
115990,8.792472079961978
115991,10.660183357952564
115992,7.7793694479714475
115993,13.229286392208895
115994,12.251373605991565
115995,10.465711925242823
115996,12.32744509314215
115997,7.8084393957716625
115998,11.277682241696398
115999,9.852293372112976
116000,7.357010500441946
116001,10.961394407775945
116002,11.08988095378613
116003,16.800207781233855
116004,11.8515497221619
116005,6.185280757183319
116006,10.424347767023434
116007,6.971632351731242
116008,10.184175003124448
116009,8.600912843840511
116010,7.171685090117727
116011,13.742752095701968
116012,11.180892673644944
116013,10.653447210638356
116014,13.691488134731793
116015,12.27243338870694
116016,7.619890688954522
116017,8.435412383742172
116018,8.127553724924832
116019,7.190272730969603
116020,6.558396584360418
116021,10.775360872252486
116022,15.63384105294503
116023,5.177856581871042
116024,6.649254864378255
116025,9.524885554985769
116026,7.148356193243702
116027,10.363285868425379
116028,14.832889491167396
116029,9.77730131729765
116030,12.820263476314434
116031,7.182315601100351
116032,11.243852974770594
116033,7.420165347302972
116034,9.152096354064277
116035,16.49420528181475
116036,11.993297256071262
116037,8.910150907164388
116038,6.257522790148263
116039,8.78606892453315
116040,17.58573109853167
116041,10.998475875290808
116042,9.762290522361102
116043,14.046797789993153
116044,6.014598272446203
116045,8.418042390839819
116046,10.32047917385015
116047,4.598545536684809
116048,9.499542090942477
116049,8.56382670312595
116050,6.626449054396781
116051,8.384232228747374
116052,11.074011401607367
116053,7.302886384345237
116054,4.511759338739409
116055,10.69858731388185
116056,5.477373254318943
116057,10.142055615996547
116058,9.436386737294933
116059,9.499247676182668
116060,8.357183108028627
116061,8.223330058126782
116062,8.000830535539743
116063,9.33030696863923
116064,7.911127869229375
116065,9.508570673513136
116066,14.748492009089688
116067,10.757072047273669
116068,6.83652504089503
116069,11.803561367680391
116070,15.127323637853877
116071,4.565450377788332
116072,10.89338009178636
116073,9.25707923730204
116074,8.853997528777432
116075,8.526105978484267
116076,14.341340507728285
116077,8.678992065608313
116078,12.897760438020319
116079,9.365752468564358
116080,10.318341329236095
116081,10.642074045348792
116082,9.77586854861448
116083,11.641542206690874
116084,16.717749692998307
116085,10.77259463947101
116086,11.455085370359928
116087,8.523316087408466
116088,6.82866926769924
116089,12.09418798141411
116090,8.744245542415392
116091,7.7555818412496595
116092,9.526427836898407
116093,9.233193432546164
116094,8.45048369009643
116095,13.699566738047642
116096,9.757319558849778
116097,13.241876854363692
116098,7.446268980765462
116099,12.788998184483058
116100,9.999905235677145
116101,9.432132216773496
116102,9.738880533771962
116103,7.020253819172758
116104,11.135362630986647
116105,7.233161743064047
116106,9.051941163518643
116107,6.103899235533129
116108,7.777381610911926
116109,11.555735876848413
116110,5.8127462613913865
116111,9.168657466848696
116112,8.7460534475906
116113,10.126296154780986
116114,7.8659924951495555
116115,12.666884611524946
116116,11.529448336238792
116117,11.751747698995393
116118,16.558214576482428
116119,6.899398274839274
116120,12.481532234019678
116121,14.15544286426371
116122,9.187160429274245
116123,10.969556746118167
116124,8.04273063964623
116125,8.174693405748805
116126,9.709736524973376
116127,12.48206168635088
116128,9.198714389157491
116129,11.189400730175551
116130,10.385347945076195
116131,13.760949999374883
116132,4.426367367757703
116133,9.572489357961313
116134,9.0806958371694
116135,10.397791598083364
116136,12.79679746245927
116137,10.395839462767317
116138,7.2167637477835145
116139,6.888378284597421
116140,9.82906822612544
116141,7.2355586551094735
116142,16.158954807819335
116143,9.161662156549582
116144,11.280705816734605
116145,11.094107734221211
116146,10.400534614571868
116147,10.81372273996727
116148,13.742204234404085
116149,7.1419358265955095
116150,7.957044744071598
116151,7.091081358082801
116152,8.759476426224909
116153,9.418928352418224
116154,9.336741893772688
116155,6.795498019902044
116156,8.08727270999266
116157,5.84071020844649
116158,6.4650278416435185
116159,6.907511812970229
116160,6.028916285464017
116161,10.542371640463239
116162,12.47431823358706
116163,7.1008418513361535
116164,8.860580513255085
116165,13.77900069492307
116166,12.212514088029357
116167,9.46698131566715
116168,9.592495158249992
116169,4.87907093982969
116170,9.569413424829936
116171,6.3769083527604105
116172,5.995425949651287
116173,7.23695263472648
116174,12.057860514361511
116175,7.970119030695102
116176,6.544156361653927
116177,17.563280426019556
116178,8.973109633835353
116179,12.104180990799268
116180,5.829216951224465
116181,8.733466624232987
116182,7.7140107941008775
116183,8.026448681181014
116184,9.23930969072411
116185,7.734557235701127
116186,8.305352300637638
116187,6.0803082747155
116188,11.71296099781897
116189,10.029569271627906
116190,9.54241904511725
116191,11.560417015365791
116192,5.67096219928486
116193,17.72435666548567
116194,8.486796531186238
116195,7.605458850698627
116196,6.634104287655154
116197,7.468043913271177
116198,9.350598691341911
116199,9.158217673215095
116200,9.44551864816679
116201,9.253018478762165
116202,5.64936831519553
116203,13.160396800711037
116204,8.38134155742357
116205,13.346912454966775
116206,10.45014628550264
116207,9.062667413342613
116208,7.396475105442126
116209,12.62055811963591
116210,12.524648610227015
116211,8.116626736427488
116212,7.1678425239280745
116213,15.685231983470988
116214,4.00235662673175
116215,7.92979549898744
116216,7.9990720422356505
116217,6.6057366238407695
116218,8.566955729521624
116219,7.082586897202087
116220,10.121733980745217
116221,9.993928537882784
116222,9.574826032119592
116223,9.972326563157162
116224,7.51751634868796
116225,6.85226108977299
116226,4.274282036968084
116227,10.195530263417547
116228,10.300475999848619
116229,11.202890602968823
116230,7.470647808809379
116231,10.423377433445216
116232,8.57323192655896
116233,7.417175995442099
116234,13.111417822592562
116235,9.057137435779246
116236,12.969736395207793
116237,9.064937759670817
116238,13.061894604968106
116239,4.075402557568534
116240,12.324194213264338
116241,10.661834935193841
116242,9.385690678419435
116243,5.528020499696569
116244,4.254134185078897
116245,11.66215912297289
116246,11.296090571405053
116247,7.566808492338595
116248,7.330234138125682
116249,7.471264363473405
116250,4.384607469142891
116251,13.697598933956371
116252,6.495834183349307
116253,6.984978972305738
116254,5.301968896611679
116255,11.032946709420491
116256,9.507762997405074
116257,12.220915360639314
116258,8.432920013086179
116259,8.938689896592226
116260,7.257067783917092
116261,16.98670024248463
116262,8.10305635258036
116263,9.457394627579399
116264,10.927436426637582
116265,9.719022601550558
116266,5.999065718586273
116267,11.192352745506772
116268,12.697530097179605
116269,13.462882624666019
116270,6.9752406753936835
116271,8.501422974606761
116272,9.237744103619104
116273,10.643731747291582
116274,9.408494813252528
116275,7.2841360412578595
116276,9.781679246620298
116277,9.434824412082232
116278,11.74384437946641
116279,4.223251697202182
116280,7.194710654271364
116281,6.933620050219479
116282,9.144477185711214
116283,15.442182690382456
116284,8.426757471129267
116285,9.818973257064492
116286,7.3897984441284335
116287,14.928029611508197
116288,6.671399636484007
116289,4.369220886997853
116290,13.77831032051732
116291,14.95881841459495
116292,7.150322492135683
116293,16.2626843325653
116294,6.585244425802564
116295,9.685925255653157
116296,10.78614484708163
116297,7.247401346082055
116298,12.624813501172406
116299,9.23420495220623
116300,9.767548100709487
116301,11.98920911059294
116302,10.596374957428205
116303,11.837649280284474
116304,11.64310127334372
116305,9.62258945123394
116306,8.866245356131994
116307,13.285199974235052
116308,7.107899692365993
116309,9.779207240450521
116310,12.077137130679242
116311,11.062904238215712
116312,12.300278707220894
116313,7.669707417686449
116314,9.148400613949761
116315,9.603402177775322
116316,10.733077140342774
116317,8.328133039621019
116318,5.374957298533986
116319,12.79948535182871
116320,7.083819780155982
116321,12.154791936708026
116322,9.82844012188302
116323,11.234773976025465
116324,4.4717774978624405
116325,10.088484844783888
116326,11.064970227642432
116327,13.827396996000862
116328,8.857131552660643
116329,10.053198908989483
116330,7.858657881347739
116331,8.775975819710528
116332,10.13116615587764
116333,11.889946419032205
116334,8.332378166745517
116335,10.036658538722758
116336,10.054218583721429
116337,13.66352985770495
116338,12.565252990677228
116339,13.97178912724873
116340,11.143815819984827
116341,6.467757850957165
116342,10.349439548475837
116343,7.553944574170536
116344,9.605265823771612
116345,9.159678507239782
116346,8.544042415740883
116347,7.86062461155159
116348,9.778215484051582
116349,6.092277982612698
116350,10.772744944451132
116351,9.337781296413487
116352,11.418363929595234
116353,10.284526360197109
116354,7.2538487012901856
116355,5.720936241602499
116356,12.95426736293835
116357,6.225535473124905
116358,4.491699177155911
116359,14.581022832060523
116360,11.587078578623013
116361,6.526632172762776
116362,8.09795705491048
116363,14.086665770482398
116364,11.175670976609938
116365,13.293451573076402
116366,8.405000891882988
116367,7.053380379646616
116368,8.706494877089785
116369,10.875878017045894
116370,6.755809994343491
116371,9.4816697741859
116372,9.114596423298918
116373,4.342833071105416
116374,7.305570608529924
116375,9.687430446814215
116376,11.444336511004433
116377,9.350628713375134
116378,13.277330126001658
116379,9.62613189190117
116380,8.355167971535618
116381,9.44739657422812
116382,12.33443640487275
116383,7.038803909579049
116384,9.99324767922468
116385,15.66700859026742
116386,11.137097421349427
116387,11.621050841723335
116388,10.021964572502169
116389,6.519672571775243
116390,10.940043365304575
116391,8.888295796654578
116392,7.619367547594446
116393,6.907817709230867
116394,9.333747778607078
116395,6.979312130808059
116396,8.823634275740002
116397,9.676579460935187
116398,11.516810760808431
116399,12.234724015592702
116400,10.094194117952966
116401,8.53966752495604
116402,14.482870610230297
116403,6.343971741982739
116404,12.24831960606926
116405,9.345711058846508
116406,6.858284497801572
116407,9.734901340821773
116408,9.385303088161963
116409,9.556132847833021
116410,10.845811140066116
116411,6.33406138171647
116412,12.4524375029778
116413,5.9181380395617165
116414,8.742391933338348
116415,11.291090305046287
116416,7.317800147902789
116417,4.136554524582772
116418,8.880892728887826
116419,10.705252180938672
116420,8.37518958985659
116421,15.527820242413153
116422,14.3688498063047
116423,10.667488369984884
116424,10.12198251200994
116425,8.630031347367726
116426,8.978674053848588
116427,9.950602558084267
116428,9.354969012717952
116429,9.935507035870554
116430,4.2512887835114865
116431,9.108443097616822
116432,8.488433594954433
116433,5.51890703182265
116434,7.579500780920144
116435,4.822585467928915
116436,10.219217086728738
116437,12.100282513321956
116438,9.66525548131149
116439,7.443290136741043
116440,5.084388599981068
116441,7.13454303567014
116442,7.432567630258025
116443,4.908207807797038
116444,11.352436479903934
116445,9.68427385556232
116446,7.909078537799057
116447,11.7072014312515
116448,9.79807200403597
116449,6.82338344562106
116450,9.712474703118053
116451,9.013007453636005
116452,12.036480771754743
116453,11.616395724329816
116454,9.424974767495673
116455,13.334432840358327
116456,10.40610849295169
116457,8.938617787986036
116458,7.301860782638362
116459,11.615026141310691
116460,7.616895802774431
116461,11.106282838562826
116462,10.928608092014915
116463,13.730613067345507
116464,12.580727858419298
116465,10.457028092893935
116466,6.658463786810094
116467,9.41173600892707
116468,9.02543056545141
116469,9.844052605276167
116470,5.988171544253577
116471,6.856093708179285
116472,11.150969528020036
116473,11.758032954237645
116474,6.384980405218294
116475,12.728794713480728
116476,6.9356580202861355
116477,7.26815930720899
116478,10.293910500099354
116479,11.303214001954817
116480,8.312528587403644
116481,11.415013674858908
116482,6.585302650548931
116483,8.481175978270713
116484,6.60687169977858
116485,8.438912177862607
116486,14.342254030013887
116487,9.726966181291475
116488,10.355493434169132
116489,7.142937483744959
116490,9.626264469017189
116491,10.145290248013746
116492,11.517888375354033
116493,9.147454152593305
116494,12.556281323129053
116495,7.761326596352966
116496,9.29902452744097
116497,6.796753569728388
116498,9.54341909190701
116499,8.57356068119395
116500,9.487225099957561
116501,9.524776826527106
116502,7.046585463288009
116503,11.117755119756726
116504,6.19896637409999
116505,10.418031735933155
116506,6.338690040768395
116507,10.353476451780775
116508,7.036477465113528
116509,11.251322560689498
116510,9.636205246571738
116511,9.908391757533451
116512,9.93731070537828
116513,5.245397434125298
116514,8.624597830892624
116515,11.357129151880784
116516,11.106870024678875
116517,9.375539955541644
116518,11.883339200715788
116519,9.08510770148304
116520,9.523171120933984
116521,7.731370168763982
116522,9.733721526759862
116523,9.328972301965868
116524,11.047119893100625
116525,8.638858101892554
116526,6.216286955463264
116527,10.45137337715471
116528,10.151467220076947
116529,8.531433517576307
116530,8.104246465228403
116531,10.86230570132513
116532,8.730164742586151
116533,11.349270698620455
116534,7.285355543968736
116535,7.379328231278441
116536,10.049517479349474
116537,5.7475150859616555
116538,7.824364878237684
116539,11.164415734221526
116540,10.706655292021045
116541,9.548295970224823
116542,7.260834368592252
116543,7.78868240488004
116544,10.544649935607662
116545,7.991684373260705
116546,10.539177571655866
116547,9.103208384995433
116548,11.60780451659233
116549,8.258738280111562
116550,10.458642788402367
116551,12.154138296027833
116552,5.166804578627497
116553,13.061144714939218
116554,11.64002453861097
116555,6.820497607641836
116556,8.391166896614436
116557,9.332547836473104
116558,7.736752484477307
116559,6.416009512707623
116560,7.626889546205845
116561,9.965311777647003
116562,4.976609386188431
116563,7.103995978026894
116564,5.7700968611951655
116565,10.012217422171727
116566,9.652324914469242
116567,8.155800658943452
116568,10.485041714255356
116569,7.977929907579883
116570,9.415516688386884
116571,11.234898095365699
116572,7.4255207510176024
116573,12.882324391388158
116574,12.487525419704095
116575,8.933569864089952
116576,9.733593349310746
116577,10.493540602659372
116578,14.908494214338457
116579,6.711626632868433
116580,7.617036720358757
116581,9.390656722388737
116582,8.624050402089107
116583,10.706355437357061
116584,13.760383795317475
116585,12.090283619240349
116586,9.147641776273055
116587,4.890282710068114
116588,10.775164059629216
116589,14.501950566325235
116590,8.165350843697821
116591,4.855298795163858
116592,9.244450049004495
116593,8.571122037901286
116594,11.431863975089136
116595,8.52192824054759
116596,6.314787923393515
116597,10.935528863291925
116598,6.013404890809887
116599,8.641155962370487
116600,9.643870996721736
116601,14.295714037207755
116602,7.419036058827997
116603,5.70677426257986
116604,5.442279293828248
116605,13.990402357857196
116606,7.9997320435307655
116607,7.965817777680295
116608,9.741958369258377
116609,9.403499321696426
116610,9.71844043039238
116611,6.877587291249457
116612,9.398763986648651
116613,8.273180209660094
116614,7.334499168318392
116615,8.954698366473849
116616,16.34006261657636
116617,13.622152202054414
116618,6.912018492032459
116619,12.940534750506965
116620,13.651435431680445
116621,8.426665110630818
116622,9.972988326827661
116623,9.610850381476594
116624,11.2556410659917
116625,8.40271498976755
116626,11.114091787119325
116627,7.858037043032832
116628,9.252815082511237
116629,10.11191966792558
116630,9.304302560533687
116631,5.1654334416956855
116632,8.890200349695721
116633,6.568010000113932
116634,14.270158889185387
116635,7.1170733647397295
116636,8.931864304339914
116637,12.895095152440408
116638,11.969454378795415
116639,12.83786456127358
116640,12.510666229209267
116641,9.403792669463048
116642,12.46036514946322
116643,10.81580887285499
116644,10.963706946596076
116645,18.509133155979963
116646,8.285210535691956
116647,4.883950046042696
116648,13.207101487510988
116649,9.201910114087788
116650,7.339509683870203
116651,9.134436751426126
116652,11.081820553213946
116653,7.019387550795116
116654,11.213373574780965
116655,12.460302927591481
116656,10.78940681761612
116657,14.524252196170929
116658,11.480314927658135
116659,6.49918756011933
116660,12.08255728865974
116661,9.007120272726308
116662,9.863454339645614
116663,7.549920430546914
116664,8.334059541216181
116665,9.506157366043533
116666,9.557515080740513
116667,6.900963971765075
116668,9.022472135275283
116669,8.051524140925146
116670,10.180295191587254
116671,12.50302392544614
116672,10.635389303404697
116673,9.024304763142606
116674,7.252857411410926
116675,8.51401193545359
116676,7.469659557426752
116677,12.901753055481109
116678,7.443913325430325
116679,9.758392476858292
116680,8.811703160887065
116681,11.319987307300277
116682,10.092719194173526
116683,9.190803989755183
116684,11.434627031946054
116685,11.023032132733713
116686,9.578254386468952
116687,11.294106899328373
116688,15.816354731429575
116689,10.68924313946946
116690,4.012262794064878
116691,15.145501401270973
116692,7.998070054671784
116693,6.091550576573562
116694,8.476521343018318
116695,8.0009461689988
116696,9.885276862752914
116697,7.078386519330135
116698,10.950899961687224
116699,9.303705155034619
116700,6.8840318357882735
116701,10.68027652809696
116702,8.27334004916055
116703,12.131422129353266
116704,7.485412848672041
116705,11.046414969694542
116706,9.210749724650446
116707,9.488882057458543
116708,12.232303245196373
116709,9.050291125343787
116710,11.347109372361492
116711,11.52871452458387
116712,7.853856982240169
116713,10.64045155586574
116714,11.717638367930402
116715,11.19310158313095
116716,10.454009192325007
116717,10.507194588184712
116718,13.006466410982679
116719,5.609479489191026
116720,4.847018371262954
116721,6.838599497867195
116722,6.998068012158571
116723,10.11952369955203
116724,13.380469722635357
116725,8.499254453823639
116726,12.502072071395855
116727,9.086675811591732
116728,7.02377383190387
116729,9.707808800180317
116730,5.654640330148427
116731,10.228737416098905
116732,6.421054208332248
116733,12.106859521166026
116734,5.8080836372933655
116735,9.973192868999973
116736,11.424115555964516
116737,6.926231395179204
116738,5.639265086161937
116739,6.217425794006481
116740,7.5222761251588235
116741,10.550310464295103
116742,8.22666013198905
116743,15.647456326394632
116744,8.95547584416819
116745,11.091769449491888
116746,8.412098532732205
116747,6.082426554855959
116748,8.859972377669312
116749,14.863635494152613
116750,8.755078737485357
116751,8.262211611666968
116752,9.803236604761475
116753,7.087492820375617
116754,9.44542739791155
116755,10.944530782469133
116756,10.691368875062075
116757,9.4147588164833
116758,7.940874697504656
116759,17.63842892678672
116760,8.409556312288839
116761,10.459715483288024
116762,14.6405662612211
116763,6.375320268010684
116764,4.957501633935125
116765,9.718504741898439
116766,9.70860041443818
116767,16.247758494668602
116768,10.148384622957
116769,9.0360696390713
116770,9.494731184344626
116771,15.000563004914572
116772,5.1385631402618746
116773,5.105194232711557
116774,12.914017021130295
116775,12.98986114017626
116776,13.118308557742216
116777,7.923469477048778
116778,14.285671375984137
116779,6.734993458794281
116780,15.286013238124657
116781,9.447264530650813
116782,8.404972000151588
116783,9.560057270287285
116784,4.545974245087515
116785,8.758004206117183
116786,12.884376009541814
116787,14.453941641790536
116788,8.302573834920514
116789,9.205344133811051
116790,4.932321212947971
116791,10.561973147012925
116792,9.1602004358564
116793,10.54721702220059
116794,5.881273175856911
116795,6.230703760845616
116796,9.324417509690921
116797,13.923198588884684
116798,6.8738449840473494
116799,8.898983094624366
116800,10.601663695913192
116801,9.33067421583903
116802,14.59421509260144
116803,7.039932899405642
116804,12.799993347988202
116805,7.131328840383885
116806,11.35213527829234
116807,11.566560604583222
116808,10.999167224181885
116809,10.315845661875198
116810,9.32232038600014
116811,8.967581513619326
116812,9.916170095717483
116813,10.2623416841522
116814,10.750009703920801
116815,9.071299838984476
116816,9.601478283993023
116817,13.22969992486649
116818,8.901307442780297
116819,9.805508982020623
116820,10.754475370119845
116821,7.712247852550296
116822,7.520827973754573
116823,9.26772434456771
116824,7.281766625543348
116825,9.071551661195366
116826,7.744717182972454
116827,9.420881086218369
116828,11.213872278463995
116829,9.28723749608962
116830,10.149394301967954
116831,8.985881956889122
116832,9.861006172173136
116833,11.320259522503596
116834,10.536151480880907
116835,9.504127563922689
116836,8.520557810127496
116837,7.041422841780299
116838,8.934635375077391
116839,10.089771780634056
116840,7.468799221227643
116841,10.072611919776149
116842,7.822875331645841
116843,6.579102580836755
116844,5.238556669815263
116845,16.72644578030958
116846,11.172806698917238
116847,9.00294799722331
116848,12.370579112671305
116849,9.617568357925375
116850,5.0595493262356
116851,11.273890381979935
116852,10.322224727989736
116853,6.563790076828016
116854,7.444434390595473
116855,11.3858673425423
116856,9.230472543114107
116857,11.15103483289676
116858,10.5126609042389
116859,7.506593925436232
116860,10.221886117563304
116861,9.460772984433945
116862,9.382351060487386
116863,13.11769936072994
116864,11.312694745989209
116865,9.880645968545384
116866,9.566861358427422
116867,10.2510427997441
116868,11.515236931033792
116869,7.004323341332837
116870,8.681633562431887
116871,8.842874659961879
116872,13.020684596635274
116873,10.647997564441102
116874,9.265920267179077
116875,13.008960980884279
116876,5.322675399809178
116877,11.20652054287265
116878,7.201973390962088
116879,9.619205375821048
116880,11.674507847793386
116881,16.96261003731574
116882,10.54737331284981
116883,15.252877000176408
116884,13.551842135779788
116885,11.152868516666413
116886,8.928864559712926
116887,9.834346180243301
116888,14.669960167228908
116889,5.105678426547195
116890,15.951028778798229
116891,9.895844287397402
116892,7.141494317190785
116893,16.53348896047554
116894,7.669679770847273
116895,9.845647805778205
116896,10.447622476274224
116897,10.05169019758429
116898,11.733467808435709
116899,7.460915550508202
116900,12.976074674623996
116901,13.3185925156575
116902,9.299241336518728
116903,10.207260102862941
116904,6.451982124714223
116905,7.065898572990247
116906,9.330547999193843
116907,8.509050188479616
116908,7.194187815527681
116909,12.632265902721942
116910,8.221982362366905
116911,8.03449964606085
116912,11.003743620528885
116913,12.633758381244041
116914,7.558852876404089
116915,9.887941196447107
116916,10.699272337847201
116917,12.866941323242742
116918,15.627614774575097
116919,6.951333541829214
116920,11.081387791815699
116921,11.381066918437156
116922,11.542821792500785
116923,14.702815955196929
116924,11.397104260675018
116925,10.871466122066009
116926,11.247288880387778
116927,10.727553231539552
116928,11.184168009729255
116929,10.117970859323176
116930,9.786332291913377
116931,8.60167425717004
116932,6.621382708945928
116933,9.886658180919522
116934,7.515963310843335
116935,6.356737587443408
116936,9.887913224977197
116937,8.064199471806301
116938,7.0434008500621585
116939,11.600029222330955
116940,9.0094730146127
116941,7.070080720338356
116942,8.780639079329912
116943,15.196341649767723
116944,7.232908242005887
116945,6.382422857872746
116946,6.014665344599962
116947,7.747254240439537
116948,8.70034542401631
116949,10.723118565888253
116950,8.872547036087147
116951,5.647580378601022
116952,12.555901074010908
116953,8.362022322228631
116954,11.18995892544413
116955,10.462130162090219
116956,8.564446764001218
116957,9.051984687442308
116958,10.411321959765218
116959,8.405656745562393
116960,9.276243944998061
116961,13.118298938736825
116962,15.183606867547294
116963,9.47141116934956
116964,10.13364273277876
116965,10.134388542695788
116966,7.497826470440924
116967,14.231641032264827
116968,8.76635595898317
116969,10.417016287772707
116970,8.802824625752447
116971,10.870910747868734
116972,9.303195570922778
116973,11.251753335615891
116974,9.632119685618962
116975,12.329074107180025
116976,11.253101535541434
116977,8.542565514798177
116978,15.803852462730713
116979,8.065836618448749
116980,9.348987574552876
116981,5.151673758307334
116982,10.041998688955383
116983,7.868033185091893
116984,12.690753977128761
116985,10.703086985049598
116986,8.345878710445032
116987,6.531999878839152
116988,8.917518418402182
116989,9.599090670096235
116990,6.1809437066890025
116991,10.825042015168151
116992,8.036305612911445
116993,7.056887450938406
116994,7.197930376847253
116995,9.933398171125484
116996,6.932791609056427
116997,7.6317429586743035
116998,6.693094366915372
116999,7.9581561608505895
117000,10.168080302132468
117001,9.100171372933865
117002,7.756982495024529
117003,10.552335421944363
117004,8.207955472628546
117005,8.186271078311128
117006,10.63350233692205
117007,9.468772230238747
117008,10.381229226638554
117009,7.068441477216034
117010,9.840495768992835
117011,9.680861772986242
117012,14.604874619491687
117013,9.40583949245838
117014,7.130861958015106
117015,6.476494560822331
117016,9.287885544482975
117017,4.562368569885331
117018,13.007257606116156
117019,5.551364973072999
117020,8.891760174215941
117021,9.636227384510784
117022,10.399326384592317
117023,9.450802977886086
117024,8.193848990428325
117025,8.551750078760145
117026,11.62389882846163
117027,9.87108665863533
117028,13.583806198920323
117029,11.730466298099746
117030,14.303728691073683
117031,6.638621506927521
117032,9.65253472192237
117033,9.118644895521403
117034,15.658299061638917
117035,10.055047600781398
117036,7.613335512825782
117037,7.53744722676924
117038,7.849031775638831
117039,6.636354282862918
117040,8.324982509127327
117041,9.919625587053686
117042,9.744451408115415
117043,8.691772855994982
117044,12.731398147866125
117045,11.561334932207703
117046,10.596006964055176
117047,5.886262604421949
117048,10.264109634716217
117049,12.004319229661432
117050,7.313719143980501
117051,9.927611484939247
117052,6.152141964504311
117053,8.85829471891062
117054,8.192164136393231
117055,5.738047009553313
117056,9.384532927703093
117057,12.859538215401125
117058,8.907029927285851
117059,12.220543033898446
117060,7.126874570595331
117061,11.183956486916408
117062,10.258237155619295
117063,8.63739973563476
117064,7.338172942109369
117065,8.45131874879908
117066,8.021044698933126
117067,8.037315443009271
117068,12.36446734253376
117069,11.62577895044601
117070,11.450917170835599
117071,6.674935075688756
117072,6.8211520764444895
117073,6.395869329113754
117074,4.358155930286176
117075,11.18134316743486
117076,6.858253769345386
117077,11.306812717833235
117078,8.865911600112547
117079,8.671891394244927
117080,11.896910650784658
117081,10.696210787687225
117082,7.00386419533861
117083,7.649076263463615
117084,11.640046810993837
117085,9.400733496686701
117086,9.807648747986885
117087,9.697624952706947
117088,12.689217793441799
117089,9.461819006744564
117090,10.660597315939281
117091,8.335857271588537
117092,12.19408490600826
117093,11.698542286397103
117094,8.094770515471064
117095,8.273910355177282
117096,9.626520972783343
117097,8.83969301838821
117098,12.229324281929319
117099,4.839326440751634
117100,11.513760354013048
117101,10.303999735979826
117102,13.096304977829433
117103,10.073390451329539
117104,9.52207775991221
117105,5.1989081998671045
117106,12.976879818573414
117107,10.608182854618208
117108,5.966786832716907
117109,14.56020420535253
117110,12.591789597100632
117111,10.910109341022899
117112,12.563808187857381
117113,8.98299044824898
117114,9.712915698203437
117115,9.467596689140382
117116,6.629516464637717
117117,8.162507724993157
117118,9.121937781939526
117119,12.145559867214306
117120,10.178060976461474
117121,10.158270334960092
117122,9.949100227230868
117123,9.623889547419735
117124,10.780981565608979
117125,7.259031862848566
117126,10.223750630750283
117127,8.069478003992815
117128,10.206958765557971
117129,5.662605466598002
117130,12.4348109757745
117131,10.448369053488491
117132,8.428053153715226
117133,9.239673752762233
117134,7.9799593984834924
117135,8.766012705063696
117136,9.496199722547507
117137,11.286028420560267
117138,4.574808412730479
117139,9.838995579190021
117140,11.44837711574813
117141,12.154521005073141
117142,6.899733023242061
117143,10.01902731205116
117144,11.597425715850497
117145,7.291690852393279
117146,9.24394248676358
117147,9.582568911217539
117148,11.482478511357128
117149,7.148219497023261
117150,9.067687613838373
117151,16.371506465560522
117152,10.360349567082736
117153,9.652752575248783
117154,12.737845450092312
117155,7.248729641118894
117156,9.449751896357924
117157,7.031000430577764
117158,8.12897456576542
117159,12.777064834518063
117160,9.746832723792773
117161,8.266843575961696
117162,11.243800932625074
117163,12.04739080160157
117164,11.382615258028855
117165,11.526454980284525
117166,10.435753455699336
117167,4.315893530005944
117168,8.430490095836342
117169,9.28578835442852
117170,9.277925878340323
117171,10.78313057310977
117172,11.472315291363262
117173,8.971534094911727
117174,11.59108558654763
117175,6.280824556627182
117176,6.378990928688133
117177,8.29358334033555
117178,7.518794064414695
117179,10.083625726789677
117180,8.70980177318838
117181,8.163149726105614
117182,12.944359632683813
117183,7.646450296813318
117184,7.962875471710895
117185,5.035775421921949
117186,9.820197217967948
117187,6.101297304413804
117188,8.990975188558545
117189,6.6938801318477505
117190,10.298649504030497
117191,8.273001762213688
117192,11.559138229020537
117193,12.60700136608788
117194,8.520191221580909
117195,9.74562640236142
117196,11.813517761883876
117197,8.890330431979084
117198,14.948199793930339
117199,9.783136967593917
117200,10.10367875454213
117201,10.258979203558429
117202,9.664566665721315
117203,12.011256660274546
117204,13.665012358098945
117205,6.81711425666262
117206,10.356420285094249
117207,12.744945855705712
117208,11.108576695450582
117209,10.110659875876076
117210,10.056611527933418
117211,7.601893340935632
117212,11.10623833728799
117213,6.320284702788368
117214,9.045919840489525
117215,8.458295927292042
117216,10.724580198962409
117217,10.302798789845388
117218,5.405669006399648
117219,7.564293324393654
117220,14.874174341118707
117221,7.349252530088682
117222,6.773910212705273
117223,10.569080860734015
117224,10.666555985045758
117225,9.70544247611716
117226,8.429637803392556
117227,10.128059712380093
117228,6.6557486050189025
117229,7.419131797955972
117230,8.944462467076054
117231,13.781717702960458
117232,8.567018174503065
117233,10.21485714790469
117234,7.704213326625391
117235,11.65713232864141
117236,9.450221701664482
117237,7.488919376387473
117238,7.588084937367756
117239,9.705281552709094
117240,9.92908443027023
117241,4.986107571288173
117242,10.16548812093176
117243,8.248804916040623
117244,9.78309944883551
117245,9.506683839085497
117246,8.708035086836327
117247,9.524878927300165
117248,8.597447777533846
117249,9.807018938136231
117250,8.98129113053987
117251,12.572256287872126
117252,6.886091466826822
117253,7.948494491346194
117254,11.875760704360033
117255,9.875358085720835
117256,9.047433809116749
117257,10.618609529718125
117258,8.288543745786821
117259,8.60116817350671
117260,15.203985337634373
117261,8.312943348207208
117262,10.784712731525875
117263,10.771421400408906
117264,9.633579470596938
117265,9.725245551543981
117266,12.580794050236712
117267,12.844102049554778
117268,6.901644937666191
117269,9.690397194581896
117270,12.652847471163339
117271,10.624259088657952
117272,9.972817032493115
117273,11.424249592925317
117274,7.6141900756802645
117275,4.899515302180823
117276,12.463197312400979
117277,4.87003988522225
117278,8.173403217902251
117279,9.030427948143032
117280,8.057671572280606
117281,11.189939602778626
117282,9.223569957356963
117283,11.899247581233888
117284,12.78535237840343
117285,4.192495689803577
117286,17.199013091634363
117287,4.84546605409337
117288,6.132323401523322
117289,11.452731221519935
117290,7.557462584872079
117291,8.503280161403563
117292,13.139635421154736
117293,4.3691714552619745
117294,8.166446319219196
117295,7.500209669775631
117296,9.892780216159343
117297,8.626226498358573
117298,9.541574111599374
117299,9.858412176421902
117300,14.20766350612185
117301,7.485851815948894
117302,7.623031075361419
117303,15.29083085587908
117304,8.928996137977824
117305,13.403407068009193
117306,16.41332439348934
117307,9.777430426797924
117308,9.30368326969429
117309,4.58087153505843
117310,8.674894440819214
117311,7.792301365390808
117312,14.562326019116052
117313,6.267098995786541
117314,9.888083500141677
117315,9.365435238162863
117316,9.543602442009535
117317,11.673853661781395
117318,12.372198941608193
117319,10.2602060919479
117320,4.6911127173273215
117321,14.891289043000828
117322,10.307845418305426
117323,8.398318730830486
117324,8.122380499775568
117325,5.386508101214138
117326,11.305242435361494
117327,7.315062772111752
117328,9.958055336243934
117329,12.12923190971131
117330,7.935990489731412
117331,9.022683904217157
117332,14.601812694845663
117333,8.937687488847796
117334,14.175853458773597
117335,9.582185379016808
117336,4.902062480416514
117337,7.039341348898733
117338,9.304997695585117
117339,10.041127766603099
117340,7.402310183215097
117341,7.783016706682742
117342,10.330071227310471
117343,7.985515106804499
117344,9.666088732281445
117345,6.810485609463316
117346,14.367397114432379
117347,11.052336117752029
117348,9.896907273738174
117349,12.117777180467423
117350,11.396740493346432
117351,12.247677660998956
117352,9.02991148112994
117353,8.007021385851882
117354,10.604180593224948
117355,6.036284475479047
117356,5.318150336871992
117357,6.878769298502958
117358,7.416124283132956
117359,8.589549303415144
117360,13.979179044855787
117361,9.552261575102309
117362,9.083827753591759
117363,10.485108376268817
117364,8.372390288794113
117365,10.255702398062576
117366,11.416362634094483
117367,8.814249979041298
117368,9.354446298080868
117369,8.496774497997269
117370,11.024569735782842
117371,9.132502655518676
117372,12.936254384887041
117373,10.868419341351796
117374,15.828909801026139
117375,7.904969895944231
117376,9.812309704801617
117377,18.16663688104513
117378,9.542390129298942
117379,5.321733907619668
117380,5.975435310268631
117381,9.617628282684482
117382,11.580529859088127
117383,8.560728440035746
117384,9.167756653004911
117385,9.139548598865712
117386,15.207154269074968
117387,13.926966766623627
117388,16.379770733136233
117389,6.962823385107614
117390,10.7907450026599
117391,8.633302345913199
117392,9.751009887392225
117393,10.988369085405235
117394,4.2885933653020505
117395,10.86701775531475
117396,10.025334609483142
117397,7.640126066490135
117398,11.292289800665731
117399,15.61644028819764
117400,10.773560971226402
117401,11.908460005079295
117402,6.200662432991413
117403,11.678919162413273
117404,9.68096000120795
117405,9.254281976838305
117406,8.442168687655263
117407,9.676379854878203
117408,9.399151702467787
117409,8.635689924566194
117410,10.514628289388728
117411,11.723061760327917
117412,8.068249522454295
117413,6.442334985122976
117414,11.342203877839223
117415,7.403135968843879
117416,7.560665469665094
117417,11.743791027568735
117418,7.568695504754386
117419,9.413666189294208
117420,9.961972711271194
117421,6.89252850447955
117422,10.435903555289851
117423,7.3369268665663885
117424,13.910233056419617
117425,10.96261278734634
117426,9.239234652645877
117427,10.309490964331037
117428,11.766959695887348
117429,9.925171784976595
117430,7.989101931688873
117431,11.514031899994492
117432,10.507566183309569
117433,6.398244978205592
117434,7.97051516025949
117435,10.094930397502512
117436,8.594552001549292
117437,14.659409937678262
117438,10.46326696226445
117439,7.403856795361783
117440,8.073589737098747
117441,8.205681554204855
117442,10.008973379055668
117443,9.482533778214737
117444,6.727586863018868
117445,9.638625287091338
117446,14.040885796185071
117447,5.569482041022139
117448,6.559505754557639
117449,7.9292702584517745
117450,11.546577878887147
117451,7.9150428381311375
117452,9.713532550327551
117453,9.64740942628092
117454,9.736971087787104
117455,9.216791590031974
117456,14.17607473619285
117457,16.668761782922175
117458,10.443446619122776
117459,10.72361767165906
117460,8.027322752423277
117461,12.235929793375856
117462,6.489034855698972
117463,8.238267143454056
117464,9.184203797111076
117465,9.853557736187767
117466,11.992142670711615
117467,12.143532243264882
117468,6.7061939508991015
117469,4.54931013014266
117470,6.0935709306569406
117471,16.083482306018027
117472,7.16155818552708
117473,11.956516399057437
117474,10.183322119067162
117475,7.542330483498688
117476,11.575721222881924
117477,5.059375976886498
117478,12.268816942815477
117479,10.473455151838078
117480,8.713496444892211
117481,11.873482307355024
117482,12.344960378853798
117483,10.65843125855822
117484,7.190373531899243
117485,10.560151074391438
117486,10.517283115730589
117487,13.666030708166863
117488,8.25171495567452
117489,5.559857459144371
117490,12.24475980426825
117491,10.074899551050034
117492,14.661554363573226
117493,12.108120872184866
117494,10.55272217758073
117495,10.425392719451434
117496,8.686927858298993
117497,7.160259497648691
117498,9.02156409251276
117499,4.494002224170274
117500,10.506751021026558
117501,10.515254593454681
117502,8.096093874428547
117503,9.763115281076875
117504,10.538329473885693
117505,11.872956900502636
117506,14.945093271182923
117507,10.594051783067746
117508,9.693659426731644
117509,7.805322302692534
117510,5.045540496764282
117511,9.213687105607658
117512,9.79924059627279
117513,6.153577889953325
117514,9.05438505630271
117515,7.000940054806657
117516,10.772559939651668
117517,8.390801637298866
117518,9.042735315067954
117519,7.567081912901574
117520,9.031377658421354
117521,15.78351418641493
117522,6.1667038311142734
117523,9.051795545229364
117524,8.42481922545576
117525,6.777800461523418
117526,8.71251829740855
117527,13.897754881340296
117528,9.776026505625431
117529,12.758467263080655
117530,8.996755260835227
117531,10.71691452448925
117532,8.49514637065371
117533,9.115216375088469
117534,8.262447019103973
117535,15.999537313565341
117536,9.503215117172005
117537,5.6478964066350725
117538,7.193213563550496
117539,7.825260856309056
117540,8.325865295210486
117541,7.513369420485487
117542,4.840022618979072
117543,9.255132442892098
117544,6.921903005716038
117545,9.734853380216371
117546,7.506018673955626
117547,16.956139148749912
117548,9.445973028639433
117549,9.468742692005028
117550,13.007309950209503
117551,4.522391034726306
117552,10.649894988826437
117553,15.751626999867588
117554,9.303967728179504
117555,9.639028036424872
117556,10.056959660992122
117557,6.071125435943161
117558,9.15181249913088
117559,11.705694692877806
117560,7.314822857047505
117561,9.782103639110463
117562,12.133779596162878
117563,8.965975173645713
117564,9.212615116353614
117565,11.019218665679826
117566,9.207705783326007
117567,8.904926024451544
117568,14.57024627204404
117569,13.392128973246566
117570,11.539523938542072
117571,6.90908985891046
117572,9.23455474650796
117573,12.222566517115634
117574,12.27567739066609
117575,16.99229655047562
117576,7.808110690367751
117577,11.866653770852285
117578,7.6960721313322065
117579,9.133053732374893
117580,10.303571713338396
117581,10.514533687661503
117582,11.071929605038227
117583,9.722876329671612
117584,12.966075550328586
117585,10.453093242217454
117586,9.051581511132335
117587,9.779627812790588
117588,10.72743412083015
117589,11.878429792231728
117590,6.974679421304019
117591,9.2691103848878
117592,13.377664223262752
117593,8.925767065733499
117594,9.345663595921721
117595,9.732013455235565
117596,9.385922528138385
117597,9.341793268734445
117598,6.992346405806844
117599,9.918007723041999
117600,8.838373673464451
117601,12.342593091071318
117602,11.403416034948382
117603,13.182318720423728
117604,10.581993546235093
117605,4.620047242191358
117606,9.688987066343916
117607,8.813352144641629
117608,11.578251973420567
117609,11.777598732062259
117610,10.207264132661887
117611,12.400316537244786
117612,11.133492711494682
117613,10.409608204909915
117614,7.070184830227815
117615,7.226714424661464
117616,7.1818156986887915
117617,12.613446614287673
117618,10.028051023511267
117619,9.401269054659782
117620,12.421427571284545
117621,6.806844999431819
117622,13.000146136381796
117623,8.128572329382747
117624,10.1994972832582
117625,13.538946181616513
117626,12.809322760435226
117627,11.967837209130058
117628,10.2051874546746
117629,8.612732576046849
117630,13.052994620024005
117631,6.357262878402945
117632,9.036277367223732
117633,16.39333807692491
117634,8.801189986906802
117635,12.2871006514093
117636,10.352651611622798
117637,4.773413569656374
117638,9.81855751176048
117639,11.520823499575233
117640,10.168274740179097
117641,4.73379910375502
117642,9.513390680613679
117643,7.0355497655381924
117644,10.807504331420853
117645,10.587109945468466
117646,11.651990928575653
117647,9.6542519550427
117648,11.682209059550573
117649,5.096595486821002
117650,8.167089592474454
117651,11.180200173995992
117652,16.26835831051651
117653,9.999986088548209
117654,12.058632243616007
117655,11.328036556835317
117656,10.165843582628742
117657,9.563027850533496
117658,8.191215544194645
117659,15.680353374192276
117660,7.597494373055691
117661,12.945867376256668
117662,15.729283805785297
117663,10.885528841697301
117664,11.89502324507552
117665,10.140476323551827
117666,10.15194438338862
117667,8.721629315116322
117668,13.31522760478305
117669,5.714923481365785
117670,11.472717825677815
117671,8.034403074409573
117672,10.167713273883559
117673,10.952048749114658
117674,10.182648523768481
117675,15.497513182442294
117676,8.658014963510487
117677,12.686160766387747
117678,8.993340979083973
117679,12.694552169768079
117680,9.49028255013805
117681,11.552268292568161
117682,9.304107785755123
117683,11.663058970531752
117684,9.584178727804659
117685,10.42326017733854
117686,11.119940337537084
117687,9.970147173329286
117688,10.121964101412715
117689,11.422671663117484
117690,12.579970443272094
117691,10.463080094406152
117692,10.346735112692828
117693,9.301928340039721
117694,7.521100598822099
117695,9.50197954248159
117696,12.068549566591193
117697,6.258260154622012
117698,7.766670877291778
117699,6.979088150673658
117700,11.952405927335978
117701,12.594023307256945
117702,9.033930545395245
117703,7.126026510899797
117704,7.253373364714537
117705,9.511059825181208
117706,13.546576950916583
117707,12.119046592790456
117708,9.54905284920019
117709,8.661538227511034
117710,12.615909281033609
117711,8.053591324359141
117712,13.358324019050059
117713,9.356502481891678
117714,9.46635839863829
117715,13.201298636017166
117716,11.876229555303446
117717,6.804094213036196
117718,8.001685534336596
117719,7.525967951824756
117720,11.186492002793212
117721,13.834036336336334
117722,7.809450135199215
117723,12.87301111704528
117724,8.958830798941092
117725,12.120744757346142
117726,8.52517807401514
117727,8.805167534327373
117728,11.980276476597927
117729,12.882863478201202
117730,6.472083827998901
117731,10.159352483781461
117732,8.207744104410882
117733,9.738055855751858
117734,12.945912519074762
117735,13.12775082649588
117736,9.746510506976929
117737,7.96259411049221
117738,10.608805114502593
117739,8.241391748838854
117740,11.396910778834727
117741,5.671299138347234
117742,8.321145141587229
117743,9.169274179879883
117744,8.715633237512105
117745,10.750964562661405
117746,9.02383341253533
117747,8.895840538619266
117748,10.400320196899244
117749,10.755439664392677
117750,12.69925968842281
117751,13.91238075147515
117752,8.858770007719915
117753,12.220854133400728
117754,12.882997379314626
117755,11.115491484237838
117756,14.508675627701233
117757,9.089209633483204
117758,9.123433263005845
117759,10.90902723316904
117760,15.820601319938268
117761,7.891918665115926
117762,12.628927767558128
117763,6.794956111479996
117764,11.148482421527296
117765,7.505645872764447
117766,11.58480629657637
117767,10.361414237450088
117768,12.487562568564854
117769,12.475062896741843
117770,12.62094127879582
117771,12.143693388480173
117772,11.321262483447018
117773,13.255984868936457
117774,15.242764316568728
117775,7.627904841481384
117776,11.799095699462663
117777,10.191383356386694
117778,8.760165008355369
117779,11.91290571547143
117780,8.277005278006241
117781,11.004051277012596
117782,6.647468539045539
117783,9.489021448971574
117784,7.516915011115048
117785,7.551182524197775
117786,8.55390381413881
117787,5.425471664147582
117788,8.461298992254068
117789,7.118365836065162
117790,7.728014311972484
117791,6.0970964535793275
117792,9.268790837146042
117793,9.31866233764013
117794,6.914107091191298
117795,7.245046256965097
117796,5.18684651077928
117797,7.877619175625353
117798,6.719094226767365
117799,7.986767624688072
117800,11.301522935660177
117801,16.66743074269804
117802,10.757239881812989
117803,15.054274622791633
117804,9.344934729179668
117805,4.558620378070204
117806,12.423069911171531
117807,8.134712079018154
117808,11.5419079175823
117809,11.661515558320843
117810,9.696242881284993
117811,6.127696412242209
117812,15.385701206578158
117813,9.660406333723198
117814,9.21825278365408
117815,7.851892693949293
117816,9.150718780399771
117817,13.933772765670636
117818,4.984458209338698
117819,11.449940629863777
117820,10.927417442537736
117821,6.1283627698220124
117822,7.9859072867115986
117823,10.529802639889908
117824,16.2332049357625
117825,10.841268409705048
117826,8.993638874669559
117827,9.080539699723747
117828,7.669804173787972
117829,7.555732757648096
117830,6.728746133069113
117831,8.206742145227556
117832,10.369360551492445
117833,9.678992380017956
117834,10.190517073962315
117835,9.33018675147179
117836,8.672577841330055
117837,7.756118598588699
117838,10.195297520215705
117839,11.342097673952875
117840,10.107433275232697
117841,5.562814125625631
117842,12.655209302250114
117843,8.149605971295912
117844,8.414477718471318
117845,9.47841386463329
117846,7.936403814456992
117847,4.795677192637589
117848,8.549908399313557
117849,12.57206687899629
117850,11.263774760637096
117851,10.17946679588152
117852,10.38554509418538
117853,5.674768790080743
117854,8.269224464295547
117855,9.605685191532485
117856,9.627253634074803
117857,7.389964113138309
117858,9.289690878266123
117859,12.470110784831839
117860,11.71469353395758
117861,9.522277911813307
117862,6.902797530742457
117863,10.072499406823024
117864,7.702815078074058
117865,10.890656202012238
117866,6.591824999606464
117867,9.272006154592587
117868,10.629061818844724
117869,8.979936595916307
117870,10.712470798788662
117871,5.7391519589440785
117872,11.666772701596345
117873,11.021737862502217
117874,8.054610276673248
117875,7.639705951963668
117876,8.20672539396562
117877,7.1243153038572355
117878,9.203405880252006
117879,12.57320016707364
117880,9.176841706570375
117881,14.889085825810687
117882,10.32961575075963
117883,15.118051694187491
117884,14.612412500974418
117885,8.00608103733703
117886,11.527982584013502
117887,8.548438857561646
117888,18.78290403902823
117889,10.687963709488548
117890,8.802569562405125
117891,7.074865648300737
117892,8.313437732778581
117893,4.333807607488405
117894,12.441014352298465
117895,15.577793197549287
117896,12.02889085665212
117897,10.677202081118773
117898,11.094854114661132
117899,7.712211717206716
117900,11.753976591497088
117901,5.034955719623032
117902,9.30876266311508
117903,9.68336790666817
117904,11.762183630662445
117905,9.275171137109016
117906,7.915546546287902
117907,13.296763898661013
117908,17.711481777423323
117909,10.305970073435066
117910,8.296885038395539
117911,6.7135088994597165
117912,9.369578417787839
117913,9.650212181785012
117914,5.907444287340413
117915,8.416605095340708
117916,8.950810608239673
117917,8.984337640101575
117918,7.276284773992442
117919,10.485182024085807
117920,9.414828204739383
117921,9.25259617478702
117922,9.67952008071978
117923,11.228957686367877
117924,9.759183700104511
117925,8.754833216499819
117926,10.018885680960924
117927,7.202581097160224
117928,7.6249491585505265
117929,14.369846005563446
117930,10.312468139497968
117931,9.206370369566402
117932,12.16831564250828
117933,9.732304333556554
117934,7.021117464676818
117935,6.938373181391856
117936,14.061222116269956
117937,7.042508790646534
117938,12.90810063203956
117939,7.243959146846281
117940,6.913290054196506
117941,12.174213201218821
117942,12.43225244250588
117943,15.394817755453
117944,10.373640371157332
117945,7.570665676796173
117946,7.059292098594964
117947,10.041810218868477
117948,8.09443476894787
117949,7.113467226496058
117950,11.315823422653091
117951,10.363677550287719
117952,13.113894698095825
117953,9.721090314914429
117954,11.023171055116437
117955,5.759069470227901
117956,8.672117204710451
117957,14.576981560250942
117958,10.208137248035134
117959,7.209509055519193
117960,8.307010140047444
117961,11.474009164400837
117962,13.639933615469422
117963,10.892042602377725
117964,5.562391479054465
117965,9.656767737465007
117966,9.689662082113951
117967,13.910326430694909
117968,9.50476697030298
117969,9.576793788296623
117970,11.67644966730222
117971,8.164341055225321
117972,10.93296932065472
117973,18.256211027936995
117974,8.950924798829089
117975,8.404638126198497
117976,8.777617848877714
117977,10.306416771177087
117978,13.677917381561798
117979,6.380969295293205
117980,8.85970208046972
117981,9.95354667025349
117982,7.02317296722147
117983,12.956649891660922
117984,9.646694802703482
117985,7.929817118282597
117986,9.0784983877917
117987,6.532413714781612
117988,12.272007833065638
117989,5.868222436663297
117990,10.657367081428783
117991,8.773243178166187
117992,10.682680803992746
117993,9.429872461634366
117994,8.89958588273553
117995,10.625171149498772
117996,13.342213032197202
117997,9.757737127344678
117998,10.037016724805696
117999,8.494056051630182
118000,7.52006371565272
118001,8.823938475033787
118002,10.052129165655511
118003,13.108819607408677
118004,13.158866223098382
118005,7.654381102641795
118006,8.282264909091168
118007,10.396944631667132
118008,7.065808432457833
118009,10.840957467274226
118010,13.635019086945414
118011,10.368507690345506
118012,9.12832605636685
118013,8.569232130923762
118014,8.741061483310538
118015,7.95177826679361
118016,7.891954765268328
118017,8.368372859234798
118018,11.656382332966803
118019,11.019444678629549
118020,9.775385941585613
118021,8.921710979714662
118022,7.834215711135798
118023,10.186501518068734
118024,10.811354161744163
118025,10.020609092031231
118026,10.725737682264207
118027,10.770169499835784
118028,9.896735012924106
118029,9.663638075674001
118030,11.126025834611344
118031,7.749033377271601
118032,9.626163542516391
118033,9.467481842218245
118034,7.238645953073538
118035,8.135396397042385
118036,14.781663018340089
118037,8.338185873382022
118038,10.08565441368653
118039,8.042032659507907
118040,9.303695519592491
118041,9.12094864628917
118042,4.606497929287047
118043,13.95002100788663
118044,5.307884898825028
118045,8.716348011096294
118046,10.205758112046093
118047,9.562651605277512
118048,10.006860306987607
118049,9.519740348491833
118050,9.459113665042036
118051,9.708309793370956
118052,8.230644158932066
118053,10.623765341587795
118054,10.789684368808947
118055,16.43076758497175
118056,9.12881773875923
118057,7.975956569742417
118058,11.337367277894877
118059,9.312082887250678
118060,5.221588355094109
118061,7.184894568704576
118062,8.51680049115497
118063,9.209959504831675
118064,6.628131265542646
118065,8.476220979275848
118066,10.570694318886348
118067,10.256775630659362
118068,9.398698444351819
118069,13.898421695625142
118070,6.430932678429732
118071,8.521198000944393
118072,12.920581679461364
118073,10.999115233667425
118074,5.056483987985425
118075,8.450715411625053
118076,10.971589337446591
118077,9.026114136074746
118078,9.998636571437405
118079,10.105219630727708
118080,10.645762711302378
118081,7.303745763631096
118082,9.223753681743236
118083,9.905371285131476
118084,12.02271721886839
118085,14.523305364094247
118086,5.995127208558882
118087,9.577130263292242
118088,10.917079470495766
118089,9.207272993009443
118090,8.971889299072174
118091,14.64135966235448
118092,10.924361748622848
118093,12.414403260513023
118094,13.341018930963177
118095,13.947561792674065
118096,7.174481766312502
118097,9.37591679123632
118098,8.666094509106276
118099,9.517503713129342
118100,4.68940934702618
118101,10.770576021929537
118102,6.071877080439841
118103,5.021179710115628
118104,7.146991992125488
118105,9.524398216227073
118106,9.742162212539096
118107,10.121789869231248
118108,6.833191546330182
118109,8.95544548709274
118110,11.806129940898618
118111,9.60085432181674
118112,5.001621422206738
118113,4.253251180337855
118114,12.87733550189849
118115,7.069396451055148
118116,13.113023636710968
118117,10.664722824364738
118118,7.7260738125893145
118119,9.756969491761067
118120,10.67317322130174
118121,9.059938656103068
118122,9.795547943237636
118123,11.432679877838158
118124,9.642209680311616
118125,11.446767943852546
118126,8.33905798407875
118127,13.807007312902712
118128,10.600241125886743
118129,17.246741527692823
118130,9.326460840517361
118131,9.367329567116347
118132,10.57159564501562
118133,11.518207690607621
118134,8.516794655387613
118135,11.615757745720302
118136,8.332021154116632
118137,12.671312104491049
118138,7.494414347440754
118139,11.42926069191854
118140,13.512928015575536
118141,16.754124450969005
118142,9.205381752245286
118143,8.622180147942965
118144,10.57441956749131
118145,9.164231779531574
118146,9.60508095833124
118147,8.280934850246132
118148,9.392396768026341
118149,11.76513808905828
118150,10.759984580851963
118151,11.559712577819557
118152,6.9754703049475255
118153,10.47117264442431
118154,9.558510321548647
118155,8.539850708118962
118156,15.089094356583251
118157,6.934678905578883
118158,11.123558904484591
118159,5.519694300952975
118160,11.588279066007464
118161,10.774629803099476
118162,11.85311554699714
118163,9.135921053833187
118164,6.808108288355518
118165,8.535706594179041
118166,11.632687104584036
118167,7.950186657921916
118168,7.326906325847122
118169,8.147873091380886
118170,9.111876495211664
118171,6.987997517489511
118172,8.018975220445842
118173,8.041434600030195
118174,11.556563930770617
118175,7.149885497524333
118176,6.324748923667869
118177,7.0765847833217945
118178,8.734306922526226
118179,9.747161882393648
118180,10.450661449752007
118181,4.7635488863613435
118182,7.596832591050358
118183,10.781276641022469
118184,6.539275714773798
118185,11.952743143195
118186,8.837532910409465
118187,7.129830696818774
118188,6.377202166571863
118189,18.185508397022534
118190,7.976725687281286
118191,10.065178604917017
118192,8.857698419833651
118193,9.401399932081862
118194,16.002910004551932
118195,11.36688881168671
118196,7.770084549269643
118197,8.037809611856897
118198,4.816747781757468
118199,12.515220267697575
118200,7.680918726838797
118201,7.834871038573516
118202,10.193298837486251
118203,8.40103024023224
118204,14.795831400675809
118205,10.30896839500191
118206,9.282773078261144
118207,5.745608848413482
118208,9.241146813433541
118209,9.78900448482263
118210,9.092913743978203
118211,9.13086967950448
118212,9.269646732968653
118213,13.679547364816466
118214,6.58305236015008
118215,10.359911913183486
118216,10.714888499651313
118217,8.134704523172308
118218,9.138519832470106
118219,4.794502414988574
118220,14.620822740218035
118221,9.724978311064785
118222,7.223589803364517
118223,7.2166700210579835
118224,6.997832871798406
118225,9.35967513275107
118226,10.313643199690715
118227,10.263786296552098
118228,8.41300006753422
118229,6.256658645263444
118230,9.070319980528344
118231,8.846056188565992
118232,7.515209030423867
118233,9.02632510243949
118234,11.976481785481662
118235,8.6153353825463
118236,8.227602197231398
118237,10.057209810662316
118238,9.265878770916931
118239,9.845885582291867
118240,9.398805478752733
118241,5.559438575865563
118242,11.73635972161191
118243,10.495178499032647
118244,9.347368437589719
118245,7.370994012060573
118246,9.986840336434895
118247,8.008615334602919
118248,11.843417409841425
118249,4.893641455730572
118250,9.416817022974382
118251,10.966762111442947
118252,17.7167720833793
118253,10.716824467504363
118254,10.076528369644246
118255,8.124077347766894
118256,9.777885334729753
118257,11.550167434054734
118258,8.149038896453597
118259,7.863547598914655
118260,10.78265512905443
118261,11.754123707936493
118262,10.96388132463864
118263,5.655083425854194
118264,8.41614710688379
118265,6.658591670427553
118266,12.218920579161907
118267,7.881415185789763
118268,8.320477052250288
118269,7.478587664256868
118270,7.5948358656266945
118271,5.057497074565701
118272,9.326383954797352
118273,8.526881573336917
118274,6.854974623759979
118275,9.02901243715024
118276,10.678485671553679
118277,7.702445634593632
118278,9.711746246001354
118279,12.64173681359851
118280,16.04646507669987
118281,17.10992190721394
118282,10.947455675492908
118283,10.919325202911548
118284,9.614409347320649
118285,9.859966485360236
118286,6.706085429288393
118287,14.945427037597119
118288,9.385979249354644
118289,9.345574540781808
118290,12.913840928961198
118291,11.573953776566999
118292,8.417085596278538
118293,7.1318692876902245
118294,10.94574978600534
118295,6.165555546450401
118296,7.4084652858894176
118297,7.389150502472286
118298,9.592246021727357
118299,10.182826576306404
118300,10.756319961834198
118301,9.203765739400138
118302,8.517855522780184
118303,12.59976728220197
118304,13.03202736766919
118305,6.915941040651845
118306,11.238718328995697
118307,14.88206117240028
118308,10.816124706256915
118309,6.994219456700416
118310,10.165202358945526
118311,5.680901684963887
118312,10.756105645439002
118313,7.057958377170008
118314,9.623634617156467
118315,11.848640586809378
118316,7.21428480415581
118317,9.98440696553401
118318,13.25248589933189
118319,11.554135884618992
118320,9.434664861071152
118321,9.331150948617141
118322,9.907849638635671
118323,11.48273753692545
118324,14.364159327872988
118325,7.9530221532638965
118326,10.12900879463405
118327,16.964483515226313
118328,6.884145007704194
118329,10.460571062162483
118330,11.515955577095777
118331,8.510768372424911
118332,5.487834890941055
118333,7.766888711288958
118334,8.828919047296882
118335,11.900108742211994
118336,7.5089722050589245
118337,10.190343026433705
118338,15.656828990631777
118339,8.683608531660905
118340,6.36479308718925
118341,9.800744363336497
118342,10.178032219411476
118343,18.627465167460638
118344,7.646527491674232
118345,6.4289187314562835
118346,11.761975856234187
118347,8.055982430484955
118348,8.972428969200555
118349,10.07569651595902
118350,14.525632497299407
118351,9.717265291261972
118352,9.073325766598668
118353,9.54781700787286
118354,9.56391131763497
118355,11.150178366285724
118356,11.036641214268197
118357,7.726122913206358
118358,16.145647448146214
118359,10.366555125689413
118360,9.527036860981843
118361,9.126811667290882
118362,18.668077004566005
118363,9.142236138433766
118364,11.234671446219597
118365,5.607277403265198
118366,6.398204498940942
118367,8.030863829468792
118368,9.6020610205024
118369,5.558569854742538
118370,13.786390595543276
118371,10.365951247170019
118372,8.328502693164397
118373,9.04861541719895
118374,10.420704615069727
118375,11.684824787828456
118376,10.53761515153872
118377,5.974656592118545
118378,7.357281147156527
118379,10.86520808674157
118380,8.292777911327438
118381,9.267094786266231
118382,9.656800779691153
118383,10.22836031875499
118384,11.014583301039488
118385,9.113721213703462
118386,7.237662011222755
118387,5.380708656142853
118388,6.949337844371351
118389,9.762447033175878
118390,7.980143927163553
118391,9.400644328014403
118392,8.975984745437326
118393,5.511973237257826
118394,8.65266702158494
118395,17.48386542829336
118396,12.073429199741152
118397,9.344822006338948
118398,9.389834791551577
118399,7.956441518788284
118400,12.330086572520575
118401,15.491694677187976
118402,7.844820158114691
118403,4.117022928093514
118404,9.1528028275908
118405,7.341857080274181
118406,10.87136765434524
118407,9.572375857630288
118408,11.881988498006665
118409,5.768154281991462
118410,7.861818373196115
118411,8.418804871022605
118412,7.508523474874018
118413,6.979357978796638
118414,9.35153928967271
118415,13.224840916612695
118416,6.596257050602776
118417,9.229540679151754
118418,11.052468908537866
118419,9.799553527487827
118420,9.146325927114557
118421,12.847566826213063
118422,11.270901366895021
118423,15.05612185748121
118424,6.92445648007664
118425,6.75060368399091
118426,7.251810135545665
118427,10.663121945212193
118428,7.402057972396837
118429,6.995119778847782
118430,6.166864439714007
118431,9.425416293360314
118432,8.77965743667501
118433,14.369845901779211
118434,9.656853757224093
118435,7.511563753992709
118436,5.776229584746643
118437,12.558189003458505
118438,5.9726862682030255
118439,7.346393784100899
118440,10.323641334220216
118441,8.900158550370978
118442,15.709374533415499
118443,9.673840636270075
118444,9.065179368351908
118445,6.530928286324155
118446,11.975745240798648
118447,10.989873296302754
118448,7.215991592540123
118449,6.880488434379788
118450,9.908938967157624
118451,8.171436131371186
118452,10.691006601050455
118453,6.644823609683466
118454,10.985588320298046
118455,10.497180072342756
118456,8.934237800807427
118457,17.66449614124713
118458,7.353412175861218
118459,9.407302903685258
118460,11.309510339998598
118461,14.96255467062017
118462,9.915702145682145
118463,8.111259060778542
118464,12.753192034699511
118465,14.956507387006269
118466,12.660875099968498
118467,11.857570364469252
118468,7.11959129739431
118469,7.8998597921691935
118470,8.14315582405028
118471,10.51675621906531
118472,12.593081567100047
118473,9.69481580388162
118474,10.722132096931068
118475,7.411411608876946
118476,9.975647425255145
118477,9.399078637182814
118478,10.899389819118088
118479,9.079153361323064
118480,8.488362638750752
118481,9.01525143615343
118482,15.296890876136057
118483,12.456391140649828
118484,9.440363674485313
118485,6.44203692194871
118486,8.712943327902373
118487,9.911377496649738
118488,8.033644573247653
118489,7.090080760453381
118490,11.301685532561198
118491,9.849918770822807
118492,7.513707255810347
118493,11.217178678284444
118494,4.103303275887409
118495,9.028118727462914
118496,10.954178505157097
118497,12.191101068679032
118498,8.857339719506392
118499,8.810377305744575
118500,9.427499904876225
118501,6.823279524091751
118502,8.502729322490037
118503,7.382910650865273
118504,11.211528635829003
118505,9.004064870143297
118506,10.125090739370204
118507,9.560710278426
118508,7.424644790126749
118509,11.415915489862416
118510,9.536258340383023
118511,9.105055570258346
118512,7.225247346937526
118513,9.694585829065069
118514,8.247200466763138
118515,7.021699628052318
118516,6.946427248349929
118517,10.552921741829504
118518,11.886755874576062
118519,11.974682292106474
118520,6.023922972344408
118521,7.384855394302257
118522,9.324700829139173
118523,16.519825568392143
118524,7.445796604022935
118525,10.414491646378163
118526,10.471984497477354
118527,8.150082164188152
118528,7.011303425009901
118529,4.998229256198943
118530,10.89500084297066
118531,9.885785403500005
118532,12.284124603746463
118533,8.357388287540443
118534,9.352602927261099
118535,8.16840160574877
118536,10.05517752130954
118537,6.312445218131013
118538,6.7947945587493095
118539,8.960840321926678
118540,8.031076454279413
118541,9.266384552462428
118542,11.733624158284785
118543,11.13405257658285
118544,8.743382008149931
118545,8.294605005960872
118546,6.147763907512283
118547,7.707043809122976
118548,9.807985899446441
118549,8.97279851149484
118550,13.054406040092578
118551,7.809130542740922
118552,9.94752921097993
118553,14.06585961521311
118554,12.659109920178226
118555,6.996385394694326
118556,9.879120605880312
118557,14.66516447961347
118558,7.648548389077204
118559,10.142678284524715
118560,8.79114457217481
118561,5.453933418165977
118562,9.938864062173478
118563,10.82980542600149
118564,11.379728173464011
118565,4.916865280139377
118566,12.409236929948273
118567,9.858707264131558
118568,4.529564030211682
118569,8.044877251450519
118570,9.586368614736964
118571,15.73794588463691
118572,7.353579792585809
118573,7.410502658499544
118574,9.041674248127114
118575,6.667499243493045
118576,10.39925268916159
118577,5.898757125908256
118578,9.479621546620042
118579,8.411103783639033
118580,9.871949850694609
118581,9.182620095046687
118582,12.034804184744285
118583,7.914793685961103
118584,7.9247372444390125
118585,9.548658510682543
118586,10.573768170689593
118587,10.447150158434095
118588,11.058379877382249
118589,11.212351025253406
118590,8.10445345358728
118591,9.813057062959192
118592,7.489777846301521
118593,9.542463439812163
118594,8.789568994603302
118595,8.66860311866877
118596,10.226297081139197
118597,10.652829819015045
118598,9.78177694787544
118599,9.564099715235423
118600,9.442185943814446
118601,8.010324807417451
118602,10.005897503699817
118603,12.098281071513332
118604,7.812496767362935
118605,9.565778263584262
118606,8.35616667586014
118607,8.123562375027381
118608,9.634783182637879
118609,9.361776925405866
118610,7.23727648259632
118611,9.642984913924888
118612,8.36912369179872
118613,9.952273026927873
118614,13.955866876925953
118615,9.475741984268762
118616,10.1812730085422
118617,8.24377017944958
118618,8.91507552048819
118619,10.459666879334645
118620,12.758337238066876
118621,9.328690352563726
118622,10.659991073018011
118623,8.700263369967633
118624,6.317744155862817
118625,11.288704868667418
118626,11.752812064419842
118627,9.701754983367561
118628,10.447575867386222
118629,9.561592913557176
118630,9.00050656050409
118631,9.469605108951804
118632,10.00170128737058
118633,7.548682428363364
118634,13.228836721915346
118635,12.219409238751634
118636,6.346110658415179
118637,8.56067433467585
118638,10.526561179875213
118639,9.589584817542836
118640,14.382442618827
118641,10.882378811872174
118642,10.847731142814073
118643,6.469175957284515
118644,17.866425960769885
118645,11.599703662442602
118646,16.703119209224617
118647,10.030629458553815
118648,9.227428830302824
118649,12.08455864570638
118650,8.700988007109832
118651,9.449070660418176
118652,9.297964619157458
118653,6.710572909449164
118654,10.234187644253968
118655,14.062423026377527
118656,8.164007456714824
118657,10.324769518760366
118658,9.633983382902867
118659,15.094104618629085
118660,9.192408114720966
118661,9.40400606846913
118662,7.224295060884929
118663,9.526186596794687
118664,9.032037629065606
118665,8.82065200859753
118666,4.425302124584973
118667,4.405457527566492
118668,9.66114226939058
118669,12.241780470836385
118670,12.346327176436388
118671,7.164756818736014
118672,5.676471300200015
118673,11.236165400238793
118674,7.289630643632537
118675,7.597771926291261
118676,9.756568575314095
118677,12.392799521467818
118678,9.191291125210121
118679,9.478129638139603
118680,9.04327178195447
118681,10.806061285302249
118682,10.728937113137594
118683,11.035178253796122
118684,7.146870800076149
118685,9.65424637462535
118686,10.325893172587161
118687,10.227106273749328
118688,12.999538895814226
118689,8.615907469187968
118690,5.824948745800802
118691,16.062780342951434
118692,9.160402606308077
118693,16.26076239496724
118694,9.689746002945153
118695,9.40241412470037
118696,5.399269606181789
118697,9.369069561167814
118698,10.112532245314357
118699,11.911530382469655
118700,11.661965075349608
118701,16.34613301529925
118702,16.023574375840052
118703,10.352738335385835
118704,10.114818857900888
118705,12.4838409667321
118706,8.316287678110175
118707,8.117583185710576
118708,12.506462246904931
118709,9.392055212852632
118710,10.65422626708868
118711,7.051037312876701
118712,10.331561091042476
118713,9.273091506565592
118714,6.149825617906349
118715,8.399141663640723
118716,7.264053264077377
118717,7.533880003357664
118718,6.5232683151321
118719,10.147993977640471
118720,10.329828185912774
118721,9.143284356910922
118722,8.643312920284712
118723,8.282182079427935
118724,11.530244816411315
118725,7.730036803378686
118726,6.573964371883934
118727,9.083769422876017
118728,9.557296975301893
118729,11.54743738932425
118730,5.141142290141997
118731,12.955972458104085
118732,6.424479528992274
118733,12.767799300659522
118734,8.834088301030352
118735,14.681729949737498
118736,13.572062727099308
118737,17.36198545400074
118738,7.483092926764
118739,8.39855588023281
118740,12.655374272675607
118741,9.114117624512442
118742,10.624527128787557
118743,11.159922971671145
118744,11.045072658614446
118745,7.152862641503226
118746,12.414800135056481
118747,12.653719766673294
118748,13.241887776515927
118749,8.929218263007286
118750,7.032793055378018
118751,5.204597387661993
118752,13.466878964355661
118753,8.59836326099059
118754,10.809939104901535
118755,8.24380212579176
118756,8.722040170477909
118757,13.919780368427402
118758,7.7296034804748945
118759,10.723232723173266
118760,5.983759019904569
118761,10.297630357301566
118762,14.114863548158539
118763,6.116256661232592
118764,6.844039416429939
118765,9.339745892029688
118766,9.508836679473745
118767,6.5890988009547655
118768,6.734217003669222
118769,5.195549838485747
118770,16.088408797068617
118771,6.4712869518646645
118772,14.498151139094821
118773,6.634361546101678
118774,6.805582099435831
118775,10.355917630952927
118776,9.256345813214159
118777,9.305837104120329
118778,11.49291806727445
118779,9.787199534793398
118780,8.708573627263776
118781,4.090503556876151
118782,7.9475546831825685
118783,12.452138997514105
118784,12.46785529893034
118785,9.838517052616487
118786,10.300004789063383
118787,8.933855095347086
118788,6.692248497411789
118789,6.7294768167348025
118790,9.632289127863771
118791,9.768183574744649
118792,12.431367391356574
118793,4.07646525420706
118794,5.611764885595977
118795,9.833937610695504
118796,12.624422627560415
118797,13.329262578740957
118798,10.68421979681061
118799,9.238717228826825
118800,12.57525492945744
118801,12.13662200911041
118802,10.43826678099587
118803,9.10981035203292
118804,5.604622566568096
118805,6.234255706450464
118806,10.991476681441883
118807,10.671921154231955
118808,6.471723244755266
118809,7.908655869514544
118810,10.477661633372696
118811,8.074049705467136
118812,11.39859432880564
118813,9.226805563304186
118814,14.626394361727165
118815,9.67867011094671
118816,9.167577183377823
118817,12.26315524193492
118818,14.81322229148015
118819,13.497626673000855
118820,10.630404340667488
118821,7.8422651403316905
118822,8.611949965696235
118823,10.601621540956751
118824,12.640136648610685
118825,12.726209181850546
118826,9.516245792727462
118827,9.70730744454222
118828,6.1022507787693545
118829,7.1931949280107705
118830,9.165106338780378
118831,7.100770203318881
118832,8.981378309994223
118833,9.251197502258192
118834,14.256031492977659
118835,9.64752125214178
118836,7.211660886922
118837,9.370522222538382
118838,9.050605522338687
118839,8.830275620162315
118840,4.873463693297912
118841,6.276160485516555
118842,10.613872539084706
118843,9.8173933098896
118844,11.472897464985262
118845,9.081222892188148
118846,12.40965814067674
118847,10.813080874371783
118848,11.161855801895728
118849,11.767432659300148
118850,9.561247191494877
118851,15.838000624085392
118852,5.619084565087318
118853,9.506874740734194
118854,15.78790283665426
118855,11.553430417070961
118856,7.236249608690011
118857,16.707067992769304
118858,9.920408601568461
118859,4.471927417056529
118860,5.5087937232569235
118861,8.419228036969105
118862,9.729862745014673
118863,11.47201883447065
118864,8.696951303099642
118865,9.383727451746575
118866,9.274568887483507
118867,9.88634911420532
118868,8.212508897622508
118869,8.098411837619754
118870,4.572047352834007
118871,7.58283086705311
118872,7.827865066433089
118873,5.004555590693431
118874,7.362431176823503
118875,6.307779037784268
118876,13.282658553843167
118877,5.537537594279195
118878,6.965490393267413
118879,8.887061308862327
118880,8.834621729817504
118881,8.902476054519463
118882,11.530841564877486
118883,9.03972296751407
118884,10.739119320332126
118885,6.2767992782513335
118886,9.815628998047204
118887,9.246335889396823
118888,9.455745285988856
118889,10.900370273217566
118890,8.843312446260288
118891,10.35804861233217
118892,7.5160134471220506
118893,8.566848111803864
118894,9.490089685654292
118895,13.639821272011948
118896,5.043382957828889
118897,9.926851492759175
118898,11.424003894997792
118899,9.810605476032418
118900,9.914525953380176
118901,12.167197245825356
118902,6.499316907907932
118903,11.476564830510693
118904,8.612006498519285
118905,8.283757387285396
118906,8.56680745679256
118907,9.688158757697083
118908,10.990847214117675
118909,14.329416364947459
118910,8.34375207294701
118911,13.90659761579298
118912,9.619023142455514
118913,11.837230298268256
118914,7.56219134931446
118915,5.155468194479977
118916,9.04537031811368
118917,11.686876845752138
118918,14.663750493392048
118919,12.215574422308189
118920,11.200006232268558
118921,8.47612617631448
118922,8.50834443869115
118923,10.080658444581506
118924,11.083198975240796
118925,7.251155622507102
118926,9.712781789852897
118927,8.27748475275751
118928,8.105124959841476
118929,9.817040610116514
118930,14.745077461887348
118931,8.600259387458276
118932,12.685690145933728
118933,9.181251316369611
118934,9.623378162053246
118935,8.392653238400722
118936,11.23532494622668
118937,4.619635380594567
118938,10.949744331515728
118939,13.602761669984343
118940,7.461986097358041
118941,10.989369338173603
118942,10.706796304446193
118943,10.150779306039311
118944,18.12493643885208
118945,7.60446491611017
118946,12.828389923645421
118947,11.183740870982437
118948,9.306928642378173
118949,10.470511255172143
118950,7.999273884896326
118951,7.191474861260952
118952,9.281243650793012
118953,8.212476514551032
118954,8.829256035376734
118955,16.77917715083302
118956,8.326071782618143
118957,8.854400192456776
118958,12.172761962051085
118959,7.011804237840357
118960,10.196837466694062
118961,8.512114388815768
118962,10.807436008288636
118963,5.419792425308665
118964,10.448186543942734
118965,7.706670440027497
118966,5.91699973109188
118967,9.657469812244463
118968,12.537015261704992
118969,7.275751444982236
118970,10.66148146594246
118971,13.687286967114565
118972,6.589204327780585
118973,10.634995909448348
118974,8.882072697907265
118975,9.929576831017897
118976,9.373499284865492
118977,7.462794232432387
118978,9.521266591161858
118979,11.152419246858788
118980,11.137602157410678
118981,9.332608191340592
118982,9.032463287724084
118983,9.91013656776744
118984,6.1714385839966726
118985,11.497701169432142
118986,14.885776926923421
118987,12.155427593072211
118988,6.859200133644916
118989,10.906969396325792
118990,14.512450090070455
118991,11.145305877323356
118992,13.584308070779548
118993,6.869179125890575
118994,9.59526068510311
118995,10.644187740631986
118996,6.615217492970894
118997,9.810718179328855
118998,9.611606022770246
118999,7.397808853799165
119000,11.68281018036691
119001,8.15447539697801
119002,9.752328041834087
119003,6.592472776112297
119004,11.143385809129725
119005,7.443440312926586
119006,11.631270111986819
119007,9.231367442728612
119008,9.43366856013599
119009,9.01157861638805
119010,10.713281018365745
119011,6.292261575374234
119012,11.520516767366907
119013,9.739392161239367
119014,8.646656162578399
119015,6.9306485565663705
119016,11.771215272695668
119017,5.316838274402649
119018,10.313897801721845
119019,10.877865218604171
119020,7.753788928039091
119021,7.10440514485087
119022,4.049907389390568
119023,7.46948892539284
119024,9.733700200334253
119025,9.029842657225098
119026,9.654978784740916
119027,12.538783819315158
119028,7.563231267116751
119029,15.611951399724797
119030,9.293553802289605
119031,12.706541931707354
119032,7.139421518127475
119033,10.493265418841181
119034,9.207791615889665
119035,10.477745892285188
119036,7.357778427431372
119037,8.85242506549637
119038,13.44557567117675
119039,11.312349870407438
119040,10.119292632763992
119041,8.869093652567408
119042,5.048344290543298
119043,10.639779060235288
119044,7.719792739041337
119045,10.098541010922995
119046,9.753458569639319
119047,14.131860009433984
119048,7.172744397473693
119049,10.744061939797573
119050,5.1852693751604475
119051,9.187593215569542
119052,9.104721993135843
119053,11.85907158574525
119054,13.44976123358077
119055,12.312883621135034
119056,10.026787453929936
119057,11.276386755909282
119058,11.079341376443455
119059,11.761244378615874
119060,10.46596335654015
119061,13.459564195828358
119062,8.89144814504265
119063,8.21552224087609
119064,8.555752693662523
119065,9.75489790335224
119066,12.957711109905855
119067,7.348806521470235
119068,8.515936861865192
119069,7.419734427443068
119070,9.069640967023892
119071,12.23483016962805
119072,12.379703614620205
119073,11.831353693132103
119074,12.80650013033399
119075,9.144016765100467
119076,8.511654057518262
119077,6.432124546987849
119078,10.17158575182694
119079,8.345015146559561
119080,8.211011970763424
119081,11.701692199559707
119082,11.042866944908145
119083,9.059000124479255
119084,4.5066952401117835
119085,5.862088776129971
119086,7.796616933145512
119087,11.420555891597582
119088,13.440616611157907
119089,12.61368052714132
119090,11.831356236688613
119091,10.641532779998892
119092,11.578525119905601
119093,7.771830444058926
119094,11.49742700942237
119095,12.523594218623558
119096,6.273363277405685
119097,4.458082456855284
119098,6.424530533324154
119099,8.20671573882978
119100,10.676680458661433
119101,8.989814048247075
119102,12.292196452346351
119103,12.692212450987007
119104,8.546233119085546
119105,9.820590774599252
119106,8.667512662130687
119107,8.287321490563286
119108,11.244000184415983
119109,12.2333075599648
119110,10.396922982627633
119111,10.000721550554541
119112,8.300726143294389
119113,14.463553578103324
119114,9.589536307919499
119115,10.283501728534679
119116,7.761904388991415
119117,13.94195485284927
119118,18.143829738631243
119119,9.155577819341953
119120,6.795622267140108
119121,9.909012599481311
119122,10.39183844202476
119123,9.550776529829848
119124,6.455265627001131
119125,7.483599793327715
119126,10.554054811725774
119127,8.10607931663109
119128,8.543164863148322
119129,12.423045204823751
119130,8.921309910277415
119131,6.152887557089312
119132,12.644449475384352
119133,9.61723383344713
119134,8.655692429792396
119135,7.949838402835953
119136,11.477352613861491
119137,9.269367881703541
119138,7.1225987155768165
119139,8.9299002250197
119140,11.087646908861762
119141,14.799566235607477
119142,12.653862605520827
119143,8.528662665526692
119144,11.678205080579005
119145,11.158938024186249
119146,4.739037324698591
119147,14.411465406011995
119148,7.017388634309135
119149,4.943291116251312
119150,12.27162224664367
119151,5.724920412284732
119152,13.586277372863497
119153,11.514097349187532
119154,9.478623734658598
119155,8.369285734530404
119156,5.809679342927687
119157,10.226934237969374
119158,8.19141258057605
119159,14.08272029138053
119160,9.206257146944525
119161,10.556716019930608
119162,8.864077834013896
119163,11.71152126608522
119164,11.240650745937288
119165,12.09810244701127
119166,7.613354473553225
119167,8.41208614746374
119168,9.55937588912701
119169,7.750957745409923
119170,8.641385838453488
119171,8.519506503840415
119172,13.149159782140378
119173,8.371835259504504
119174,12.472108762312573
119175,9.695242105531559
119176,12.035941070589699
119177,8.873969941179386
119178,9.978723892549397
119179,6.896019658833753
119180,8.648085840737005
119181,11.012987488996691
119182,14.966094898265712
119183,17.61666327103422
119184,11.749520121423458
119185,7.6558153420926915
119186,11.366692424634653
119187,9.66425155008437
119188,7.939333465386534
119189,10.151614410236549
119190,11.206985719566607
119191,15.578492788187413
119192,8.206204144750824
119193,4.615151264313358
119194,11.22582761713828
119195,10.82049721178618
119196,12.946351106929834
119197,15.279246548134541
119198,5.103820814328914
119199,11.483264770960643
119200,9.295586077511233
119201,9.002361963553588
119202,11.85302468489056
119203,9.843820218279125
119204,8.589743293227633
119205,8.626544778083536
119206,10.539451570183079
119207,10.756766553269184
119208,8.21436773674463
119209,3.9670746997696815
119210,7.975407429127609
119211,7.706525549548334
119212,9.304554341277557
119213,9.347266388257362
119214,8.723850287935061
119215,10.976627864001502
119216,7.792020013311384
119217,14.175793574166923
119218,9.529150288787296
119219,9.56766864213407
119220,10.278439682405288
119221,15.970526554106115
119222,8.50856775448642
119223,11.16095370123748
119224,10.679468347557679
119225,9.437531761471778
119226,15.088913169301446
119227,6.976468024065797
119228,7.676539630441246
119229,10.699821753829593
119230,9.349598490800739
119231,10.572113486760054
119232,7.298966521836394
119233,10.958851475329332
119234,10.405965955804033
119235,13.441369132434124
119236,8.657059673796297
119237,9.065856038325038
119238,12.830994267398944
119239,13.874393917045717
119240,8.349676394697301
119241,12.913149822285282
119242,8.571044626515292
119243,11.26407405042608
119244,6.294240944241271
119245,7.034172081527243
119246,9.125155283282016
119247,8.591048746943951
119248,10.815013374059117
119249,11.194340049927199
119250,7.1238142628340055
119251,9.4249771987375
119252,10.965120231869408
119253,14.01179337590502
119254,12.97627929973983
119255,12.583987877091861
119256,16.445090074496456
119257,10.514228511059065
119258,6.641227856616757
119259,10.070695682230802
119260,9.342706401136372
119261,11.40140906668913
119262,7.096844589558353
119263,7.678328361822446
119264,8.32960917179085
119265,4.199894737783614
119266,14.075057599109622
119267,9.117120451446032
119268,9.779587527690985
119269,9.971519151324568
119270,9.750869291166412
119271,7.419090360789111
119272,8.539686018769519
119273,11.044994087070148
119274,12.170572520318924
119275,7.04500245096258
119276,11.055063283999653
119277,11.410374717818039
119278,10.650588950281094
119279,9.252881753870138
119280,10.142031504965905
119281,9.820675624164371
119282,13.668032016505535
119283,9.338589096268976
119284,9.610890262425661
119285,9.12108267059684
119286,12.477739214708452
119287,9.4858289114456
119288,7.9218177249382915
119289,8.713619833221404
119290,11.594214316881715
119291,10.63787366896442
119292,5.3824528834670975
119293,5.693729442275708
119294,11.210362156432252
119295,9.625067410892475
119296,10.652180123829966
119297,8.144047735477244
119298,11.334175740064202
119299,6.213484822117842
119300,8.374478796218842
119301,9.928801576687306
119302,10.613396473946352
119303,9.893648971404833
119304,7.345017897590701
119305,10.998881827461982
119306,11.383422183767358
119307,6.154016050137235
119308,11.328146574458406
119309,9.359943212837104
119310,11.39699611387993
119311,9.180610347730038
119312,4.023745316975786
119313,7.229081906429623
119314,10.953535817545184
119315,9.149821999328088
119316,7.14074373126557
119317,5.519473685655859
119318,7.517236726293312
119319,6.8023216298657205
119320,12.072401877416116
119321,10.025728925884648
119322,9.74448414547562
119323,10.10494706499449
119324,9.812408651629989
119325,9.73110141924127
119326,11.275988251685629
119327,11.959415802760992
119328,10.289535677202734
119329,11.163942846764753
119330,9.984540844503979
119331,7.838339906242714
119332,8.93040948231892
119333,13.845873720182732
119334,10.166909684232317
119335,15.377927430877065
119336,6.826810787984014
119337,8.514339388690548
119338,9.907768873805974
119339,4.904954112561467
119340,9.958879687422696
119341,14.864789674133636
119342,13.210014456519016
119343,15.35307231650344
119344,6.296823142905609
119345,6.431859720257663
119346,11.570992883891781
119347,9.818747424644195
119348,10.221217744238054
119349,13.79349951986752
119350,10.71445079261371
119351,13.229748282337095
119352,7.246977219159026
119353,11.14244107979563
119354,11.359566560623696
119355,10.474691659347553
119356,5.423189006111242
119357,9.491695619945782
119358,8.443177466139762
119359,15.381781777410243
119360,9.166553081192257
119361,11.086695180293408
119362,8.690546912506806
119363,6.804362633312486
119364,6.306302226730281
119365,14.20626984550517
119366,8.953190040532808
119367,9.232643489367703
119368,9.761518417577728
119369,7.869973788354668
119370,5.743921425861348
119371,9.70927506593917
119372,10.104668534957373
119373,11.405654145208512
119374,11.45612196961001
119375,6.175097648640056
119376,10.804317478030264
119377,10.350843371238051
119378,10.204045875027472
119379,7.7165047161870515
119380,11.989065226168965
119381,8.71192901122599
119382,8.018509800567113
119383,9.93240315395379
119384,9.886185634748085
119385,7.308908676188262
119386,11.49831064324198
119387,10.222825509381579
119388,7.1015184518399295
119389,7.317651065191306
119390,10.71517853649232
119391,9.035787259032947
119392,8.42951105503648
119393,11.324691938904163
119394,9.403454042270058
119395,11.67841331409269
119396,4.394034129539255
119397,8.506431599449094
119398,9.592067489853438
119399,5.5893719606618735
119400,6.6774236433802745
119401,10.312810415666315
119402,15.04600983338526
119403,9.123522720750248
119404,10.864606427958138
119405,9.178383843764488
119406,13.12831281266558
119407,6.899638892182786
119408,10.466581847130058
119409,18.188813724424183
119410,11.278507272067063
119411,8.801890633934924
119412,10.949216974525154
119413,11.011202288380357
119414,9.723650411139218
119415,14.759105474187843
119416,6.575640084436101
119417,9.532102658624419
119418,15.247809460054125
119419,6.765319137439545
119420,9.803753792097714
119421,5.328916663421241
119422,11.711353206314609
119423,12.063274567947825
119424,14.239548980321882
119425,10.787823073593055
119426,15.962236658533106
119427,8.85941060407068
119428,8.586902805083964
119429,9.19594031648084
119430,7.6850032314507475
119431,9.61593349678709
119432,10.180265669146477
119433,9.505997093223936
119434,7.231557393689046
119435,6.406519784852975
119436,9.981987216336448
119437,11.097686065876287
119438,7.890274484767818
119439,8.712883653986292
119440,14.458747523194575
119441,11.815573832828312
119442,8.623863317058783
119443,7.7109001058237725
119444,8.382472834152624
119445,9.481121586515588
119446,9.086259697543927
119447,11.908587685243301
119448,11.113657703927924
119449,9.57013288109564
119450,7.664690317433255
119451,13.545381966021882
119452,6.856857305596037
119453,9.045116561550042
119454,6.963052407645532
119455,8.52429570668394
119456,6.6606358341952845
119457,10.051977861044517
119458,10.91870840940489
119459,9.000145653893208
119460,13.873060253114948
119461,11.603245856415459
119462,10.265530348135206
119463,11.474551551481776
119464,9.150337407171715
119465,8.88571474849529
119466,10.314531287426876
119467,12.083608080217115
119468,9.397272935451308
119469,10.576267991087189
119470,11.798816736025103
119471,14.439046890630484
119472,13.641034813308792
119473,7.352075408280953
119474,13.27665654407096
119475,10.108343560207075
119476,7.3382220352250345
119477,14.638009238105232
119478,6.67182592537535
119479,11.339709669979072
119480,9.965701431526572
119481,9.553053595598579
119482,9.142076207050781
119483,8.445764191252614
119484,10.716175411251655
119485,6.90227525330347
119486,6.277879911763071
119487,11.474769761753915
119488,7.623542131809859
119489,11.229089623805958
119490,9.054668697029095
119491,7.048139746855426
119492,9.904544296020427
119493,10.616221178924693
119494,10.785056446268191
119495,12.45028234339301
119496,10.143824658910308
119497,10.197464024437405
119498,11.581271978584967
119499,9.623729565601135
119500,8.632330112598055
119501,16.110324609650153
119502,8.34649654597457
119503,12.642402820875834
119504,12.463034052211839
119505,10.253790537445155
119506,12.786365746892065
119507,13.039793075279224
119508,9.06902369934671
119509,9.938089642132189
119510,10.140179100842733
119511,6.222765168344026
119512,11.053316137668158
119513,5.8431591004697605
119514,10.980837935727177
119515,12.114474393602492
119516,7.933139629072637
119517,6.192941762529354
119518,10.341474839422762
119519,7.1658803488696226
119520,8.232869927563359
119521,10.024319577778094
119522,8.191460490740207
119523,10.807200652093488
119524,9.417712098071275
119525,10.256366317742092
119526,6.130001794077011
119527,10.143284748312139
119528,10.701168010363588
119529,12.696935805314254
119530,11.722372033309558
119531,10.935742414014689
119532,7.998148339683323
119533,6.398732210258051
119534,7.605193099428942
119535,8.552018505678992
119536,12.679901448162378
119537,7.239162786698985
119538,5.525086721469
119539,9.6503099693837
119540,11.909567566838296
119541,8.145652524516056
119542,9.12347181279489
119543,5.367968489430528
119544,13.10698423579999
119545,13.967361208622236
119546,6.830421188543816
119547,9.137069825367453
119548,11.257117949787462
119549,14.138885973708213
119550,8.526364212343376
119551,12.338452196465298
119552,7.250104975832466
119553,7.899971939035045
119554,6.5364480122632855
119555,9.747550944133822
119556,15.034550181416023
119557,14.607408651866072
119558,10.585941309795432
119559,10.138651252389153
119560,9.42358943615611
119561,7.803166224973569
119562,7.37830072973906
119563,8.244233418035249
119564,7.137103064589485
119565,8.994351751024485
119566,8.182603105251326
119567,8.653448650804524
119568,10.711751672090005
119569,10.463108583238155
119570,12.845054738841032
119571,10.03773277153267
119572,12.280651915102439
119573,11.945346851809623
119574,7.183829023348845
119575,6.928749057714077
119576,9.206822080668003
119577,11.085675825482252
119578,9.50914830093041
119579,13.164527725802907
119580,9.921239789363035
119581,6.226515884033807
119582,12.698897383545782
119583,9.032811423920844
119584,9.047666242344722
119585,7.989261298995222
119586,6.297458626385188
119587,8.981451375970169
119588,9.33037579864185
119589,10.222972207431578
119590,11.175361806893722
119591,9.808984515060162
119592,10.420015906388926
119593,10.04692584829355
119594,11.856068338323718
119595,8.201488499632312
119596,12.519045960553576
119597,11.672128501981067
119598,13.27589920102481
119599,11.551512807727029
119600,7.4110600967562705
119601,10.753798487256088
119602,9.518777835656634
119603,10.080462137910379
119604,10.68869921849095
119605,12.074575478013939
119606,6.056656496192149
119607,9.17571837442628
119608,12.763633017172177
119609,7.028590438426018
119610,9.4682010633346
119611,6.664175381703382
119612,7.9934522981014
119613,10.35612494567456
119614,5.816683828622585
119615,7.782126016861914
119616,8.970617649831997
119617,11.292496636524428
119618,9.858958831184651
119619,7.008533087024799
119620,10.047322713295296
119621,11.935396776681882
119622,5.568523576162144
119623,11.699794114975948
119624,9.231955453115924
119625,5.530318038968376
119626,13.70043559756589
119627,6.6767042650801045
119628,10.843798513868316
119629,9.581862122506655
119630,16.676214325179373
119631,13.205300977600942
119632,9.45935942392225
119633,9.346115201666965
119634,9.343418061026364
119635,10.528739265350369
119636,9.396741044974492
119637,8.382310001533217
119638,9.379611892895714
119639,10.605779342817506
119640,11.998721894406122
119641,7.797494215478449
119642,12.084068140989672
119643,7.199933335165033
119644,7.963898908038265
119645,7.96537884577706
119646,8.157391533881677
119647,8.831755088583789
119648,9.03859761943404
119649,7.924920586739883
119650,6.551173034307153
119651,9.510046722086738
119652,9.01280320751436
119653,7.157210261675848
119654,13.420951453063594
119655,11.172827629354163
119656,7.262229151648732
119657,7.827370523583463
119658,9.522353924511943
119659,15.706195034391147
119660,16.61033587083896
119661,8.287037138674796
119662,9.536831646737976
119663,10.082262109829639
119664,7.729954431862313
119665,10.723593150205822
119666,9.688899753623241
119667,4.354492509949205
119668,8.26949966184175
119669,8.49326177583605
119670,11.005486606064093
119671,7.694296625612589
119672,10.571625075179414
119673,7.512416071804651
119674,7.79791523377124
119675,7.733193286849065
119676,13.129222261003331
119677,10.67729669412508
119678,12.762922318364172
119679,9.307898448431592
119680,7.907244969461006
119681,7.841533487905286
119682,8.462997629141716
119683,9.732240324953477
119684,16.187790147978724
119685,10.237681956775186
119686,6.965478385762405
119687,10.529959238179384
119688,7.244223148930034
119689,6.475216469155081
119690,13.130596504431633
119691,13.171152355872493
119692,10.188843514415396
119693,6.535467979666812
119694,12.166887335578789
119695,6.85652212614017
119696,6.6529991914435955
119697,8.648533493475359
119698,11.519653976902696
119699,12.204676777691876
119700,9.810328982198472
119701,11.015134699553059
119702,6.8384465487522075
119703,5.695603737987189
119704,12.840366769984257
119705,8.819228642084244
119706,11.979717784049514
119707,10.205718400308019
119708,8.964087819179015
119709,9.24552751819579
119710,5.891401866549601
119711,8.782746778116712
119712,6.339311099699183
119713,6.473942332475188
119714,8.286699067312165
119715,7.5246648888618894
119716,17.05790779157449
119717,5.829575599728293
119718,4.966326532201121
119719,7.099986574896533
119720,9.199245501403098
119721,11.978707003361194
119722,10.085039749986112
119723,7.415393425572676
119724,9.109464367392498
119725,9.604452260179016
119726,5.681960162377125
119727,11.272393607805288
119728,11.094453734700698
119729,12.487849630176985
119730,10.177168545776864
119731,11.806027405346516
119732,8.97004847603328
119733,10.706123001137717
119734,10.233567577032371
119735,12.467100453398169
119736,14.130428746800442
119737,7.3205061944690595
119738,16.05749333613197
119739,13.816679239606021
119740,9.089162557999988
119741,7.036421262060256
119742,7.438945201479337
119743,6.2600562588818365
119744,12.109783346338514
119745,9.973568270199637
119746,14.47575929476269
119747,12.341535665461146
119748,11.876047912261717
119749,16.55667278640289
119750,6.977893211929647
119751,11.127173496696388
119752,9.616505039422098
119753,12.104140955658545
119754,8.942910896806001
119755,9.37159932995146
119756,9.19406143782366
119757,12.022685684125452
119758,4.249288844610822
119759,16.572168581794518
119760,7.909006142121908
119761,4.737665327266831
119762,9.810093829943494
119763,9.441278603286246
119764,9.316131688496487
119765,8.30047782865769
119766,8.198708478251296
119767,10.04477411168637
119768,9.959554968366648
119769,8.412199407726996
119770,7.303845409975949
119771,16.109791175257254
119772,7.923815139555723
119773,11.008256743505502
119774,10.562365341859499
119775,9.578398977669242
119776,9.947153159387684
119777,8.035234382826033
119778,9.041763162322383
119779,4.586347921837524
119780,10.278629698182815
119781,10.070356769956268
119782,11.261305169079046
119783,10.19688437970025
119784,10.984377117238157
119785,9.959896936013559
119786,8.356318946430378
119787,8.92740951081538
119788,9.380166616578313
119789,8.670573850538693
119790,12.243052394815754
119791,9.882490992772052
119792,7.194354574005553
119793,15.162303934694567
119794,8.54120334044362
119795,7.967702435550052
119796,14.842149611392637
119797,14.170233772983693
119798,10.548072928457328
119799,9.297264331022228
119800,10.197520614282116
119801,9.622051780951189
119802,7.55326759179805
119803,9.195515713640164
119804,9.363989318850644
119805,7.636376439437262
119806,7.427835262160795
119807,9.435533853356166
119808,9.562076428331258
119809,6.983026646860135
119810,15.395071651157199
119811,7.960126286833562
119812,9.87221468149436
119813,15.93183231702552
119814,8.727550938593964
119815,6.381703993893512
119816,8.887190462800607
119817,8.915591699631696
119818,8.139921257336365
119819,8.77426742088105
119820,6.965193555271661
119821,9.777907261573938
119822,17.337510449190233
119823,7.5399085780821435
119824,10.351958232060298
119825,9.66825893860729
119826,9.571800954242532
119827,7.187828008489009
119828,7.441381933067371
119829,9.246896192496799
119830,6.532365629534593
119831,10.311574644630111
119832,11.431309829350104
119833,7.745012407065926
119834,9.476804858313383
119835,10.640866963117862
119836,10.213751821364538
119837,11.721053859429848
119838,9.684250275585685
119839,9.504899872848318
119840,10.180361522149635
119841,16.611553543322238
119842,11.307887743913733
119843,6.935330995409549
119844,4.738647853908392
119845,11.954637220724097
119846,6.862677386138969
119847,13.990556610020658
119848,10.152793989550219
119849,4.333107291307328
119850,9.88066845019804
119851,7.03164190325009
119852,6.6000865175811985
119853,9.434209067443668
119854,10.778944355433289
119855,11.502540510148137
119856,9.01669759932243
119857,9.700463201798954
119858,8.291876219469476
119859,7.935525901333658
119860,6.710147782422036
119861,12.372390395580966
119862,10.04016852653085
119863,8.565789013309622
119864,11.169054881427478
119865,17.562610435571866
119866,8.429444281862004
119867,11.395854806788368
119868,6.103183904794414
119869,11.858934630619117
119870,7.465426505040652
119871,11.07234769348365
119872,10.621808293332196
119873,7.206070699142119
119874,15.049210624961926
119875,10.799863444446382
119876,9.963283869071418
119877,7.355779368532609
119878,11.587074252241607
119879,9.870284789463756
119880,12.199115152612219
119881,10.449090172539595
119882,7.6346604557726865
119883,10.178048560778882
119884,9.573743493929479
119885,8.789108721287535
119886,10.527352080246278
119887,15.442198940712654
119888,5.740422707028467
119889,6.957291351361677
119890,12.161291657132367
119891,11.775602461942194
119892,11.81128928327281
119893,5.885018967788301
119894,9.835903194750985
119895,4.90700493600742
119896,6.966297291782199
119897,8.812415620845618
119898,8.083721570338033
119899,8.250382885127411
119900,8.974870725846689
119901,7.172716369446104
119902,9.695240848471125
119903,11.484319922368703
119904,11.920029695447877
119905,10.484989576698727
119906,14.448003672165402
119907,6.070729498589697
119908,10.151420005523974
119909,5.81565998891822
119910,11.939510734765953
119911,5.549300468016969
119912,9.820993464140107
119913,11.444527131876416
119914,6.76415462059642
119915,7.731034953435774
119916,10.600699004917749
119917,6.963602921567943
119918,9.106973282659782
119919,9.17833935201208
119920,11.319692234648809
119921,4.693498709778512
119922,3.981296677514589
119923,8.395843188921557
119924,9.042150974081695
119925,7.935861771747969
119926,10.54511247104479
119927,6.647276803735269
119928,11.531747549541917
119929,14.444191770566936
119930,7.667582931020372
119931,12.475597136041234
119932,12.145758164784436
119933,9.358324190434127
119934,6.341484947720192
119935,8.945066974825284
119936,8.237372672315342
119937,12.391649664920369
119938,6.882769326243569
119939,7.493366847821318
119940,12.378911991738388
119941,7.622512313109093
119942,11.044907736621084
119943,11.78944960530331
119944,8.74015486959585
119945,7.630789904931106
119946,10.245913021544983
119947,7.114128062467749
119948,5.014426163662394
119949,7.4029823292322785
119950,7.1337692859625985
119951,7.50287386873548
119952,7.730756353330078
119953,8.331846619047898
119954,9.61551112295933
119955,9.508031734529695
119956,6.694850996980404
119957,13.283941421877326
119958,10.223007127884552
119959,7.166626952416129
119960,7.373351710974795
119961,10.227075943673617
119962,12.12962760073217
119963,7.470117761550291
119964,13.224883024136636
119965,10.972395640960197
119966,8.114572753975793
119967,11.499415047460769
119968,10.021147317957318
119969,12.234405545956424
119970,6.731904698835578
119971,10.068704403338717
119972,13.852213038126829
119973,11.103977849721359
119974,9.843249614245357
119975,9.3105564083424
119976,10.583653203176357
119977,10.422766914167545
119978,7.134968482256748
119979,9.616477414578526
119980,8.972611472223338
119981,6.154547618873665
119982,9.656076119236644
119983,10.750794159342226
119984,10.085763853617227
119985,7.436664596435096
119986,9.218093383047664
119987,12.933100187692977
119988,9.77793714970692
119989,9.472370295507776
119990,10.163070037369495
119991,9.182338681313478
119992,8.171133041640639
119993,9.41686972922406
119994,5.917970908959469
119995,11.667184597116007
119996,6.995083383218985
119997,10.900532487969722
119998,11.274561969591524
119999,10.880277777361707
120000,17.662641084195762
120001,7.687024824027522
120002,9.395068125844947
120003,12.524211893311406
120004,6.1079200357500065
120005,11.821603215699936
120006,10.270083727557363
120007,8.421412472361165
120008,10.59073723098128
120009,8.84472309073045
120010,9.756189446888369
120011,10.42825757508013
120012,5.787994005381401
120013,12.397502728438138
120014,10.230399385205109
120015,11.915022346065275
120016,8.491497143701137
120017,7.773574325347627
120018,6.1601708707282965
120019,10.658868935164358
120020,4.384951514707972
120021,5.908321156969299
120022,10.254007948229399
120023,13.403137854744852
120024,8.681393977043902
120025,9.746335551908606
120026,9.75201868921987
120027,7.866085004448301
120028,11.196397904622728
120029,10.330524523152807
120030,9.209957620605122
120031,7.348418194486092
120032,9.648199920366329
120033,5.003988542779243
120034,5.704488583656036
120035,9.125379177610528
120036,15.967277152326659
120037,8.525883682232784
120038,8.048423707063339
120039,12.787531901797474
120040,8.74788426110104
120041,10.469253168403768
120042,10.655022747112335
120043,14.810670668902365
120044,6.744239214402424
120045,7.822793279751478
120046,8.993435620742956
120047,11.264131811136489
120048,9.979132497509777
120049,14.0021740935185
120050,8.051953568022407
120051,9.412983108400443
120052,6.966875278765903
120053,10.825737860786884
120054,6.089774300785647
120055,6.897122149235391
120056,15.76581689944255
120057,14.370622305314319
120058,7.441260540021203
120059,10.794634007560669
120060,9.220164789730333
120061,10.271412014535574
120062,7.2032095355153345
120063,16.19203595138241
120064,16.983147423399334
120065,7.3892975232083815
120066,9.673400581264556
120067,13.446402268762736
120068,10.6993947386547
120069,10.946714125576873
120070,14.363791266692184
120071,9.718549774512947
120072,11.02553008229455
120073,10.65738248097946
120074,9.509455659895794
120075,8.9094569944182
120076,9.338230670949226
120077,9.381240124063357
120078,9.404474321808689
120079,7.192045958382657
120080,9.470369198566877
120081,10.767438144427652
120082,7.5284499137777745
120083,7.253498185128633
120084,9.71430665471423
120085,9.287071636779226
120086,10.185688027744426
120087,10.032978576604823
120088,6.2894497558408435
120089,9.916103727813734
120090,11.635295930577083
120091,10.246915567985731
120092,4.51915092074703
120093,7.254167280843913
120094,7.963958267964104
120095,11.60087997427268
120096,9.247458551816438
120097,10.009403602399622
120098,6.915305928175781
120099,9.404944503944764
120100,8.216030853747341
120101,8.852772870958566
120102,9.118084330506766
120103,5.918622223395679
120104,13.347263533749537
120105,11.702533493198464
120106,6.624659781758043
120107,10.47229976529676
120108,5.459610338723446
120109,9.9366870761416
120110,5.466781797728831
120111,11.260097217165853
120112,10.12890813700759
120113,11.202354883455056
120114,11.450389062179358
120115,9.992570322967842
120116,9.562014282037048
120117,7.010457701586015
120118,8.406558801585163
120119,10.679014015801705
120120,9.386989145983524
120121,9.547711118373211
120122,7.8104644750194385
120123,8.341794284571867
120124,7.8004330277962906
120125,11.75181638106886
120126,9.78463867863854
120127,11.009470336391955
120128,11.569012374313889
120129,7.289287752928947
120130,9.585898232775545
120131,11.341782701397147
120132,9.86618695528681
120133,5.644294433104984
120134,8.454561634432025
120135,10.614861706474986
120136,6.400628518430781
120137,11.48765530562647
120138,9.320914359325235
120139,10.797084226797537
120140,4.786444632039733
120141,11.728082024034807
120142,6.290162764677184
120143,13.93685755497368
120144,7.339505270607114
120145,11.584880861910303
120146,13.745267455136096
120147,9.764313903463256
120148,7.626096732114905
120149,12.302968252780172
120150,6.284087514094493
120151,9.759581047435548
120152,8.490169029359807
120153,8.911413452408407
120154,9.462751286599826
120155,10.037700723663818
120156,11.5524591424643
120157,10.46466197082059
120158,7.1454247070331816
120159,9.887440813145396
120160,8.77467129700259
120161,14.010903299655794
120162,10.41758245425377
120163,9.119410358667158
120164,4.117036004670014
120165,9.343508019498909
120166,5.639151628381593
120167,10.48678798857639
120168,16.311429819401663
120169,9.162815581138792
120170,16.15706315776664
120171,12.120540384096785
120172,7.94557472988036
120173,10.906606479274846
120174,8.235711640813118
120175,14.546271861195223
120176,8.146677048423086
120177,7.470204483605879
120178,9.081258403351718
120179,10.765072439768224
120180,12.937948027273638
120181,7.27631506690283
120182,10.976678538510518
120183,12.0271701099736
120184,9.895229796343148
120185,6.684482745824001
120186,12.507039161656277
120187,7.325652276530759
120188,16.374266295466107
120189,11.366189236965356
120190,9.277234483348554
120191,10.309574042573592
120192,9.098321181657813
120193,12.099344317417017
120194,9.888507531638709
120195,9.183169182391968
120196,7.167596335172197
120197,10.243910443384062
120198,6.74472502525821
120199,10.335260157945392
120200,8.528455657259084
120201,5.4397322395201835
120202,7.222375170421243
120203,6.543768024985198
120204,8.732663229842256
120205,17.337389527527282
120206,11.126802756402224
120207,9.23197147727041
120208,7.049698601561357
120209,4.634394273063732
120210,9.705155157811703
120211,9.18181096736449
120212,9.777988673514042
120213,8.806798613268485
120214,13.703596739708004
120215,8.949681983399133
120216,9.3651607597055
120217,12.118905145681683
120218,9.647225693094757
120219,8.850001834039592
120220,11.086233880745969
120221,8.888684741525903
120222,14.542213231898506
120223,10.485906302825303
120224,9.613860404694773
120225,8.989068795953601
120226,7.93990175065957
120227,9.560226641442929
120228,10.878332179598441
120229,8.492645578381762
120230,9.06789650893051
120231,8.076391537136672
120232,13.92741970922458
120233,10.379838620145867
120234,9.233240514948303
120235,10.413432629648272
120236,10.378442094682258
120237,11.193534949645837
120238,10.43804269573806
120239,10.087309979715618
120240,6.733344614750163
120241,8.358732657927352
120242,6.856356073096938
120243,6.763631125930003
120244,9.51772980411818
120245,8.743670517073852
120246,10.312869302989986
120247,11.667656245166064
120248,9.26944595283619
120249,7.062555207535077
120250,11.596559073470015
120251,9.403411433745521
120252,14.176017322800025
120253,13.616081350303991
120254,9.16186212322093
120255,8.533016360161712
120256,7.414287124839285
120257,12.076235555470566
120258,12.391965087980457
120259,14.984395391278884
120260,17.58927887595664
120261,14.086081507114354
120262,11.282799966397686
120263,15.755249195079083
120264,9.241551352480837
120265,9.188339605943707
120266,10.161399114751251
120267,9.170103182309127
120268,10.374238391276029
120269,7.135791666265661
120270,8.424849171474737
120271,10.412323100630191
120272,17.528818288419316
120273,7.405232949918475
120274,10.806265020840083
120275,5.253660766481547
120276,14.18655766388444
120277,9.465135253010875
120278,9.07508436400951
120279,12.262042452976
120280,11.563679112699848
120281,9.739743134431372
120282,10.228139491206225
120283,12.323533939152322
120284,9.777344855720946
120285,10.460712049753235
120286,9.81282197700465
120287,5.796180765670047
120288,9.499873973302888
120289,6.870658693684247
120290,10.238859344315784
120291,7.6077827668634015
120292,13.694263520275422
120293,9.908960666490007
120294,9.28259531304784
120295,14.000628834560334
120296,9.62949517234355
120297,10.675404558431902
120298,8.923453265256908
120299,7.153490985169658
120300,9.214805473490827
120301,5.625076236254229
120302,9.822545595034658
120303,9.565944636251748
120304,6.151798348075065
120305,6.314782730034767
120306,6.3908484426336525
120307,11.21444038792911
120308,9.053902911347224
120309,8.299509505059312
120310,7.600445649247847
120311,11.118019212259181
120312,16.534373114285536
120313,9.594764001045842
120314,9.513879017861608
120315,13.08197522177434
120316,9.388416389235747
120317,7.169593952272327
120318,6.255699799790708
120319,10.477100748742592
120320,9.593502034367072
120321,9.904454759555932
120322,11.14311726973604
120323,8.988028897471523
120324,10.198943769227501
120325,7.222405651118007
120326,7.888436433898818
120327,6.975133151584998
120328,4.814828548306221
120329,9.89706691550354
120330,9.975366768259631
120331,11.166995709983572
120332,7.541035947649798
120333,8.890297920189129
120334,8.199072497729029
120335,11.777206853631581
120336,12.5348793254506
120337,6.684566056787068
120338,11.221624686532369
120339,11.188156319152224
120340,10.334027165795423
120341,11.253169988691994
120342,10.88038627904551
120343,6.824363875920715
120344,13.447178404515515
120345,7.448113362024179
120346,9.384693356847475
120347,9.604884938407759
120348,10.528496760086446
120349,6.2310520678419
120350,8.257791689486115
120351,7.396808550709561
120352,12.706443097810821
120353,11.315717653055284
120354,15.297482798033352
120355,7.863658758915747
120356,12.634408536772682
120357,8.342869077585242
120358,10.490967324469747
120359,8.814911074430855
120360,7.4465042975193585
120361,9.971220979243515
120362,7.157889391609236
120363,12.121729036823117
120364,9.264805118284706
120365,6.132568944924133
120366,10.969908974809208
120367,7.697587048652342
120368,9.912305898689862
120369,7.900868780298024
120370,8.20729953647556
120371,8.671720476921607
120372,10.042515185257827
120373,7.465223837936962
120374,11.694834896694873
120375,9.82783379768918
120376,11.011888926289837
120377,9.33929856658833
120378,5.817955519832563
120379,10.75274094359908
120380,9.31617774833
120381,12.693408415969174
120382,12.915176371472644
120383,8.754736432165764
120384,6.195586766165929
120385,10.715967123048689
120386,10.895508655342445
120387,9.30452849234434
120388,10.527930146263625
120389,4.584092935796659
120390,7.309351010753586
120391,9.329821264889475
120392,4.7128165789628715
120393,9.00996333264538
120394,11.634779702710842
120395,9.181175450197042
120396,8.28967551326782
120397,6.916451195660959
120398,10.190890203754936
120399,9.64496685533925
120400,10.531957578620604
120401,10.063422192782289
120402,9.26550022731799
120403,7.901660250778411
120404,5.665633491315096
120405,11.389997692702337
120406,5.685483340131361
120407,5.642117286860433
120408,6.0262955775967875
120409,9.692851331195865
120410,7.381968016798666
120411,9.443485564519438
120412,7.008549677894566
120413,10.53009956474094
120414,7.405790760058965
120415,11.60082807269048
120416,11.713659955258768
120417,9.091488026480329
120418,12.219068790632946
120419,12.191271350532851
120420,9.191862685341505
120421,12.405091818988485
120422,8.690359149545703
120423,9.189806033198876
120424,10.681164048153198
120425,7.188267339813405
120426,17.536660124506795
120427,5.819235504249778
120428,10.612124541346512
120429,9.510477903916085
120430,7.260513128208221
120431,10.395088366450457
120432,6.743138650098027
120433,11.759022939544755
120434,7.07379309379535
120435,6.701985298064346
120436,7.474709511400285
120437,12.513357842284526
120438,11.739634535666964
120439,7.935468863402403
120440,7.006116453161697
120441,7.523886250769794
120442,7.879556828628372
120443,10.40954845050635
120444,8.190513244061384
120445,12.171360669335622
120446,7.460919121867429
120447,9.669276373878413
120448,10.45578195919885
120449,7.113994189047918
120450,4.845487563354885
120451,8.087264219343183
120452,9.942486722332559
120453,8.250167613932032
120454,6.850943445846657
120455,9.045384063816686
120456,4.809289994786727
120457,7.398980579897267
120458,5.785112238672985
120459,7.243825049828419
120460,7.6768005555008205
120461,11.415555522184036
120462,9.990490859935255
120463,9.181463520240921
120464,9.19101998479003
120465,10.08354996755414
120466,7.227747974058069
120467,14.087370532195555
120468,10.602420343968879
120469,12.467560912014283
120470,9.277840749609611
120471,10.384991967718388
120472,6.9792410526507
120473,11.302605752235399
120474,6.685865103436791
120475,9.011873293453455
120476,9.795892388250277
120477,9.733848612355839
120478,10.332519754120328
120479,10.245262900307436
120480,12.078984022621622
120481,9.41197747411215
120482,9.314343024542396
120483,8.035662100547464
120484,12.944329921798522
120485,4.759573823158766
120486,4.224567226562889
120487,5.389599449450538
120488,14.587168137688128
120489,8.139270128422515
120490,10.533797486530862
120491,7.443342186300326
120492,13.719915417982643
120493,17.02022749122871
120494,9.864703401533859
120495,10.323436281735132
120496,10.11964006775867
120497,12.596404753861464
120498,4.849926823325359
120499,6.61701936962514
120500,11.630513305525167
120501,12.697271165203286
120502,4.429173686407644
120503,11.285656676855016
120504,6.162189526709017
120505,11.166753067446397
120506,10.720694834001014
120507,10.097378829110426
120508,10.438469151106007
120509,5.668584208303953
120510,9.661673500032961
120511,10.792370542221681
120512,8.247337373281201
120513,11.906286301538003
120514,11.008873466337292
120515,9.156182182990497
120516,11.036330684039726
120517,6.80576305053556
120518,14.615947101575989
120519,6.958991840574058
120520,10.770111600088143
120521,8.657425195895634
120522,10.583195855604306
120523,9.569161088473338
120524,9.387949771056556
120525,9.794385091889833
120526,8.788360819983776
120527,9.231194291121444
120528,7.0518718631461565
120529,8.990332886809801
120530,11.621411864777851
120531,7.6013357877212515
120532,7.987881161621414
120533,6.831733598445413
120534,5.133584178363764
120535,7.854694604605614
120536,12.876458125572162
120537,5.95447441118923
120538,8.488205765005755
120539,9.667346668459187
120540,7.410600048222146
120541,6.514856545039754
120542,12.235903050409737
120543,15.535691115407186
120544,9.222457304389275
120545,11.047386133476815
120546,14.123864813465213
120547,9.780595320060133
120548,9.209463837691239
120549,10.12342424779833
120550,5.168414232135806
120551,7.14695060265033
120552,11.594186309638719
120553,7.114431133652805
120554,9.995813182975166
120555,6.24967886570086
120556,13.603409473653977
120557,14.863187365474378
120558,11.0976667787121
120559,11.057075111625991
120560,8.068400852737394
120561,8.86072958522997
120562,7.275872699498853
120563,14.789205327850008
120564,8.426389359192232
120565,10.961974596371554
120566,5.852387391632976
120567,6.768364146696209
120568,10.011677884101717
120569,8.861932618606598
120570,4.01330969270154
120571,9.259491187026416
120572,10.717757187013792
120573,9.71786404076978
120574,7.482106564814343
120575,9.554841795189452
120576,13.676541383056776
120577,12.968929498321168
120578,6.013637399167038
120579,10.27012622363698
120580,7.204947474793204
120581,14.718058099662652
120582,11.2765826807504
120583,15.421796561126536
120584,7.085930879662717
120585,6.943412782651896
120586,10.167403325995434
120587,8.415291112744683
120588,11.525747087029833
120589,9.287059238365803
120590,4.905367139209314
120591,8.862940922226832
120592,9.653244995447405
120593,6.91929517031586
120594,4.991589312714181
120595,11.866235769573654
120596,5.788084255530558
120597,12.51976257883519
120598,8.575306454488407
120599,9.431529839558262
120600,8.303461968976837
120601,8.81074110485481
120602,7.587892490340524
120603,11.41242916163309
120604,7.414920633208533
120605,9.211453473672288
120606,8.149998999542285
120607,11.998987823507745
120608,8.753749323469473
120609,11.63890653429451
120610,10.7643346861271
120611,8.955531538391819
120612,5.998435662590979
120613,8.458885937428608
120614,9.131992355167037
120615,4.154489283740836
120616,9.532418308314867
120617,8.94140353069431
120618,9.576929965666631
120619,9.682279868825216
120620,6.264154599119784
120621,8.2258490951547
120622,9.384805758587195
120623,9.944761721700155
120624,9.326846813344574
120625,8.80192543457867
120626,10.846690537035174
120627,9.801768478701721
120628,8.455139827343825
120629,4.7752961383587555
120630,10.175431430070452
120631,14.536968969027157
120632,9.174317192040743
120633,10.323625450215678
120634,11.5396717813551
120635,6.963776427900726
120636,11.859731413551968
120637,4.966944964723631
120638,7.868436235985922
120639,11.28508454811598
120640,9.066140069015223
120641,11.480754733377642
120642,7.271196539498217
120643,12.155595154127917
120644,7.0282947730945065
120645,8.739481210135775
120646,9.371126123024606
120647,9.31044464496738
120648,9.453984443951787
120649,5.755317471858237
120650,9.3906543237273
120651,13.357091318044004
120652,16.561806289708873
120653,11.488604872922217
120654,10.208584907684338
120655,8.665836535097148
120656,5.066682449425665
120657,10.308697434040335
120658,7.4766998108972995
120659,7.284793531292179
120660,9.774210680354447
120661,10.902008286347883
120662,8.401889141517568
120663,9.20619230225658
120664,10.152118153220737
120665,9.806911448422717
120666,7.364983186505985
120667,13.566521621603552
120668,13.353323079072151
120669,10.730414342571361
120670,4.918739145316165
120671,10.658725178658752
120672,8.580370021052897
120673,14.093971452665013
120674,6.615902502535815
120675,12.72467595871885
120676,10.20113370631446
120677,9.444346171214587
120678,8.452421213395203
120679,5.295432843469116
120680,12.924005120556398
120681,6.902381336406691
120682,6.777408643827377
120683,8.06526375137353
120684,10.421336326458354
120685,11.584519180833851
120686,11.41360689366952
120687,9.759446317402583
120688,8.317565694909096
120689,10.346263341461652
120690,7.849626013258418
120691,11.729752043926677
120692,7.632308616562317
120693,12.849654929771713
120694,10.551559104959159
120695,8.232789768939375
120696,6.750358701509223
120697,9.300894186509277
120698,8.164025030408041
120699,6.138771886924805
120700,9.988720687834444
120701,9.339059229506466
120702,14.22921623277342
120703,9.204052275177675
120704,8.308815659293767
120705,13.358340015949178
120706,10.673558530758829
120707,7.603298201795272
120708,7.136204272044873
120709,9.539561648679102
120710,11.022105773202833
120711,7.279695318715338
120712,13.621089455545555
120713,14.184970424126579
120714,11.785356254653154
120715,8.684495492683782
120716,9.4909525442928
120717,11.214792084631643
120718,5.788614143208429
120719,15.192629238148665
120720,9.533703641506625
120721,11.309872287014189
120722,12.6183709713244
120723,7.194290272638168
120724,10.333708788834034
120725,10.848805993141376
120726,9.745629367913153
120727,11.021372515046727
120728,7.245953116054307
120729,6.990224606460332
120730,10.629704146196833
120731,11.880422163869923
120732,9.553534591782135
120733,7.38201226617016
120734,5.755609864345308
120735,7.947903928331305
120736,7.544466034943953
120737,10.83087261349708
120738,9.984040983040476
120739,10.34810849569286
120740,6.433817173567618
120741,9.050747035755396
120742,5.303137857905608
120743,7.881626954280398
120744,9.575081037187783
120745,9.36292323725051
120746,10.012207683117548
120747,9.18994477895835
120748,6.348295809188171
120749,11.368215040384781
120750,10.039187460974961
120751,10.685722009093363
120752,9.504835227041346
120753,11.402446452295518
120754,10.131299116656775
120755,5.686064727757534
120756,9.73221606346653
120757,8.107436688557138
120758,7.976883248955519
120759,9.153293864297625
120760,4.726679933250869
120761,10.450502149376003
120762,9.265297447085016
120763,11.34015840013237
120764,9.059825629123496
120765,17.498510566704574
120766,7.3143585356611585
120767,13.065941812907074
120768,9.045520881416298
120769,6.794114543316589
120770,9.178236547976164
120771,9.693641123270968
120772,13.712778847662927
120773,7.344517863393122
120774,9.645923233291208
120775,9.107109945772642
120776,10.116039407333343
120777,11.18075403875318
120778,10.398654216967483
120779,12.155331028453189
120780,4.896511152153375
120781,9.919065420645854
120782,8.116699705236789
120783,7.163820679490598
120784,6.7725904812536255
120785,4.760086684691324
120786,10.997610002555282
120787,4.358648944562372
120788,9.244268295982803
120789,8.853833437886568
120790,6.145863215970431
120791,10.870841892005906
120792,5.475925626179056
120793,10.632373308926162
120794,4.112076419170376
120795,8.783423212803026
120796,10.107257523630562
120797,10.977808691331731
120798,8.591441792528558
120799,5.6337435839688395
120800,8.30647723984718
120801,11.083058571280814
120802,10.508963619042564
120803,8.366155361155027
120804,7.6084261899430885
120805,6.949904140924562
120806,7.56633559115015
120807,9.398835929998423
120808,7.361621881221933
120809,10.670146324592514
120810,9.298009147291333
120811,13.495681584487638
120812,10.883202955194735
120813,6.9464522058429825
120814,11.053974940828073
120815,10.660172834268476
120816,8.786354188421901
120817,7.151540853691341
120818,10.06451959033907
120819,11.42290304781525
120820,9.390471858583421
120821,9.090814894271409
120822,8.026803115380384
120823,11.653229161785983
120824,7.02618848001205
120825,8.025939274170277
120826,8.769073470152094
120827,9.785576357572948
120828,10.246105390714357
120829,12.816308202323086
120830,12.245685041437639
120831,10.577699047702128
120832,9.38825034691209
120833,10.340317118305316
120834,14.305857674899562
120835,8.902766071932973
120836,13.337879631925725
120837,10.165014218326828
120838,11.487806741209877
120839,7.25807459394898
120840,13.024285179305377
120841,8.437092033255075
120842,4.2070651611833085
120843,8.066184204236905
120844,11.237824228615901
120845,13.411833305315971
120846,15.885436974383932
120847,7.279691501506188
120848,8.28210966136598
120849,10.407072552267962
120850,13.538566090544132
120851,14.815164955034968
120852,8.012599153351047
120853,11.201160529306728
120854,9.533329080125771
120855,7.566208984212295
120856,9.16510671488186
120857,15.389037507253391
120858,8.381190396121251
120859,8.634809772949952
120860,10.371523966230999
120861,13.32721835745171
120862,9.720926826636928
120863,12.274076589213221
120864,10.908691519563858
120865,9.111708983931967
120866,7.963813543865872
120867,11.914151309712953
120868,10.739312657156743
120869,12.325300940512111
120870,9.69220535295479
120871,5.261569201486536
120872,13.961284141970676
120873,7.520256781736916
120874,12.400518267922902
120875,6.839398724135441
120876,9.872756617905372
120877,12.880344736271663
120878,7.458631965777056
120879,17.29939532784353
120880,9.77591180845575
120881,13.423930127312687
120882,14.176408920050681
120883,7.765988559273529
120884,7.953762155246039
120885,7.991581962752095
120886,14.484555060961615
120887,6.467134020797298
120888,10.191348611501573
120889,13.789424730194611
120890,4.9967722287042315
120891,9.717688282240827
120892,12.63648837610235
120893,7.923611917858425
120894,12.13892297543129
120895,11.300886680874038
120896,14.910540108204694
120897,11.020354216917676
120898,6.780087883719844
120899,5.908940873377171
120900,8.103627813129169
120901,15.058684320457814
120902,11.152625391913377
120903,11.398247738845235
120904,8.028213343056391
120905,10.321425757044977
120906,7.502309924680754
120907,8.143610630661124
120908,10.43024171875618
120909,12.359271394715611
120910,11.3411095678631
120911,6.03908186519964
120912,12.696385433039298
120913,9.456465374482413
120914,11.338454511360535
120915,11.335355371858773
120916,10.793158796292182
120917,7.460745384996045
120918,12.107366714957518
120919,17.696058753678887
120920,6.841616121024583
120921,4.6064025306367125
120922,5.082351467501406
120923,9.190262707764754
120924,11.246923437256395
120925,10.581376713967995
120926,6.9364030991447905
120927,5.969491820798657
120928,8.349418043584858
120929,7.540293064373872
120930,10.856904877973113
120931,10.844687485872072
120932,7.293201131486706
120933,9.57873989515339
120934,9.116337828106698
120935,7.97865515502384
120936,12.668226552589596
120937,9.429208319375103
120938,6.6990800855240185
120939,5.527008684069815
120940,9.602908913565456
120941,7.7517648701461415
120942,8.494325154623835
120943,10.128645343227461
120944,12.027900309819316
120945,9.961305934923871
120946,4.070240845414911
120947,9.969848919324406
120948,8.172968208275583
120949,7.230480804418524
120950,9.255254690720358
120951,8.996830139014993
120952,6.700790348962822
120953,6.739064319944421
120954,8.915564421361239
120955,13.312905195907073
120956,10.247543580833652
120957,15.564130383955279
120958,8.960569735780133
120959,12.091969308895667
120960,10.347281622867701
120961,11.279977605750478
120962,10.824803317027166
120963,9.060314734085464
120964,9.697244544073465
120965,8.102525864558586
120966,10.925734759992007
120967,8.927529460919688
120968,6.9213009472335045
120969,10.233494848788297
120970,7.031019509502782
120971,8.739743507287397
120972,9.992900624147856
120973,9.050605726146708
120974,5.6106013816898415
120975,11.46111886741674
120976,9.847100655810488
120977,8.187802447259099
120978,6.214806203473118
120979,7.512279411564677
120980,10.416920092756865
120981,8.77245500839831
120982,5.246118269866211
120983,9.612861546426528
120984,8.065874182063101
120985,8.035276879617387
120986,6.413692865824105
120987,10.438766198870791
120988,9.22187333956013
120989,7.56182528392863
120990,10.192591277034316
120991,7.100695046470267
120992,7.990335984314716
120993,10.866679293393766
120994,4.25488262502124
120995,9.648433751940644
120996,10.331898054739307
120997,10.955353975235436
120998,13.74843607908663
120999,6.470276874709425
121000,8.604461994740298
121001,12.15790325856281
121002,12.325244506748522
121003,9.324139556439354
121004,12.50721085954061
121005,10.511787393270264
121006,11.724435465044094
121007,8.737105365536284
121008,7.089998770823536
121009,8.176398272146008
121010,10.386475977935296
121011,13.496407626579463
121012,8.817752019208232
121013,10.630323220443822
121014,6.96776070735866
121015,4.963644442287585
121016,12.076899855323598
121017,7.663914985294028
121018,9.947554997404454
121019,6.665460011174254
121020,7.342195574808036
121021,13.741288060372298
121022,6.016085423389822
121023,4.2593739444469305
121024,9.615544909376299
121025,12.477611550655427
121026,8.495685375123593
121027,12.70674590875952
121028,9.94406681067949
121029,12.253170940240416
121030,10.725253949729362
121031,12.567772055384282
121032,8.593956541974896
121033,8.71015506783888
121034,9.94625078581237
121035,7.118196270546202
121036,9.233186860321434
121037,5.216184565587688
121038,12.658700022832045
121039,7.901765029137674
121040,8.013507903045687
121041,10.566501838221146
121042,8.299431073346858
121043,10.409863421546772
121044,9.301874429185187
121045,8.915318403389653
121046,9.387846539792948
121047,11.185970337356133
121048,10.70624160444888
121049,8.525617182148974
121050,10.010338720344336
121051,9.532794211720153
121052,8.33594889869558
121053,9.965935578766256
121054,7.352789488519585
121055,8.778871239568463
121056,8.19218239931058
121057,10.501788866993962
121058,11.168467016928094
121059,14.246114644461553
121060,7.239096832646993
121061,13.583396051439882
121062,7.595813106123448
121063,6.7958207786006755
121064,10.725323378842658
121065,9.215730383984857
121066,9.06551689373623
121067,8.281261222198466
121068,7.349727210351304
121069,6.145064981916568
121070,8.88821710725544
121071,6.157947846575566
121072,10.447496432956644
121073,7.7028867660862135
121074,7.981468138544422
121075,9.588519581830639
121076,10.10380760532492
121077,13.039163806255885
121078,9.372815733314276
121079,6.797513446489285
121080,9.948914888363761
121081,8.665244873775425
121082,7.788382902981356
121083,9.573785307568862
121084,10.375511311180972
121085,10.509509993257463
121086,9.345163714603045
121087,13.694204158188032
121088,10.693115406212275
121089,9.63935080646098
121090,9.131728062325628
121091,7.049251108893411
121092,7.34919836180791
121093,6.780421622101189
121094,7.703737956315206
121095,12.186541678656948
121096,9.904249517390506
121097,7.365730609643417
121098,9.11965586614396
121099,15.433517848674597
121100,6.160759367363774
121101,5.2944218995653385
121102,9.81307787678637
121103,7.955589827659049
121104,12.03890781153559
121105,11.260494029212508
121106,4.04203012079566
121107,7.041244483299385
121108,7.179343821546406
121109,7.249801857025756
121110,6.967627561817261
121111,10.451852928486858
121112,6.846277021538187
121113,11.055998508549834
121114,7.315129731329615
121115,8.23295185928503
121116,13.272375035117454
121117,11.32369429749838
121118,6.600112361612486
121119,11.755245943269035
121120,9.831452406190158
121121,14.155290088884465
121122,15.936925044900088
121123,12.473733572197117
121124,5.704994727452953
121125,4.152385479633382
121126,6.3498758743116905
121127,11.628409220898869
121128,4.529459978571128
121129,10.10647112118733
121130,11.313893963588527
121131,9.70665577005462
121132,6.201660019652971
121133,6.48188164933684
121134,11.145285682461004
121135,14.501088892460709
121136,12.185567097628265
121137,6.133688254188189
121138,9.787820280353056
121139,9.722943601901324
121140,5.842619442374674
121141,8.696171578673574
121142,16.25986521588321
121143,9.48451124216029
121144,13.10704285741122
121145,9.505124335990176
121146,9.639055178318241
121147,9.001927105715447
121148,4.6846780320491295
121149,8.1928088173568
121150,7.451349683309462
121151,9.504744092276223
121152,9.365203175976712
121153,6.720658933108247
121154,10.343972404507973
121155,9.450400845696509
121156,12.683877176745423
121157,9.524405236668358
121158,7.65928614073989
121159,6.355355398872097
121160,15.079231601504844
121161,9.716202319661766
121162,9.935339690541346
121163,8.022576741278233
121164,16.760182038835506
121165,9.500487936086738
121166,12.512414791327512
121167,12.81150467883538
121168,10.470904592673616
121169,8.44068277697924
121170,8.143956909382698
121171,7.622053921017306
121172,7.48077018157292
121173,9.11275403859528
121174,12.23343061420366
121175,6.498976952514461
121176,9.946402775951793
121177,6.931146490110017
121178,9.301147448353534
121179,9.438680543308596
121180,9.006681104573294
121181,9.216293435982163
121182,9.930613157665022
121183,9.408850950021264
121184,10.076848597157873
121185,9.88376279671574
121186,10.379687140681023
121187,12.001220842406411
121188,7.781550410113928
121189,7.415687350202217
121190,11.212253161701286
121191,9.193275277058182
121192,11.55123026606016
121193,8.693920200117148
121194,7.521660396669875
121195,7.506617856087713
121196,11.632809470171377
121197,9.800309528805391
121198,9.559787955180333
121199,15.996394821183419
121200,9.100304448607913
121201,8.11694596774187
121202,9.370080793265785
121203,12.185579225322801
121204,10.404691257758198
121205,9.01060549726985
121206,12.44140297314937
121207,13.015355585485755
121208,10.685763104470537
121209,8.037722551010518
121210,10.253220461386551
121211,9.49752644942187
121212,5.145459611704715
121213,7.919058814758754
121214,6.666958643799907
121215,9.964813027284466
121216,10.634748837833914
121217,8.233037026370852
121218,10.466827649071414
121219,7.59528716024017
121220,9.239845042834625
121221,8.205442857228558
121222,7.236246580053812
121223,7.6323677788821644
121224,9.73535173992671
121225,9.644221572232803
121226,8.160466461056831
121227,6.432910215962733
121228,6.453245768135837
121229,9.737937644723969
121230,10.654177641726054
121231,8.97104804210937
121232,12.957638253662873
121233,7.168128614144651
121234,9.100588147892271
121235,6.008172361401928
121236,4.995614829099532
121237,11.293523627430107
121238,10.159511460838988
121239,13.029785479256853
121240,4.668333992191914
121241,8.829629805144513
121242,8.181106148533521
121243,6.172992743189477
121244,12.025179427932816
121245,6.5482541668350365
121246,10.41198438699125
121247,9.963535323251982
121248,7.250918298814147
121249,8.37121368625553
121250,10.81977323431434
121251,10.621225735891901
121252,11.574296354143673
121253,8.61450739419684
121254,6.737809719692452
121255,9.989388881207597
121256,14.814941598545568
121257,5.887188849429729
121258,11.847099381376676
121259,7.4517230832389005
121260,8.066766910584695
121261,7.993738302190968
121262,9.432668060747137
121263,11.365298775469876
121264,6.984278113914134
121265,8.725591548320772
121266,7.119699145970745
121267,4.633562372545754
121268,7.821986519267584
121269,10.001932095778571
121270,7.2764025133932915
121271,13.370224397626458
121272,12.646738637924203
121273,7.427423846752046
121274,12.265988253876504
121275,10.3086905163897
121276,8.435162918116967
121277,10.976908323815847
121278,10.404692951498754
121279,13.419603323317421
121280,9.469866399335142
121281,7.328154488381736
121282,13.163019912753253
121283,7.06854806194297
121284,8.676677527116219
121285,6.596902320562454
121286,9.550900912507
121287,13.743507632684452
121288,9.082130044673656
121289,12.497056540794162
121290,12.117341272449393
121291,8.42976060679963
121292,7.024495326473702
121293,10.605628158124098
121294,9.871097809522924
121295,13.464450755633738
121296,15.75708788872871
121297,9.446928849445102
121298,9.741371076974321
121299,10.952200914755876
121300,10.826361706258242
121301,8.536691774052986
121302,10.458017285120567
121303,5.534628240575401
121304,11.793876531180647
121305,10.102527399693836
121306,10.796964563679584
121307,8.849825273475046
121308,8.402813144763766
121309,11.085608430568072
121310,14.31023004328974
121311,10.1668747430123
121312,11.693893562460705
121313,9.565626193663972
121314,7.52030892761208
121315,6.890609810608984
121316,11.94341208200324
121317,14.011801154533234
121318,13.269192068317025
121319,14.973432540140967
121320,9.726091104580346
121321,7.763649256153563
121322,5.049994655015604
121323,14.594160220729828
121324,15.109860746832165
121325,8.327243511762497
121326,7.2528518593942195
121327,9.400927943816622
121328,16.840053153847784
121329,6.472419594217364
121330,17.69448853398098
121331,5.671249943368165
121332,8.535466328871774
121333,4.594349123092224
121334,4.9023853776978585
121335,10.090406311517032
121336,9.903262886304528
121337,11.096470331744976
121338,14.202718109416555
121339,14.183086386151667
121340,7.032538745111365
121341,14.377589479848552
121342,13.761648773632235
121343,9.80401998633042
121344,7.42562688386233
121345,12.52019108378101
121346,9.080607217264664
121347,6.54433389383658
121348,10.026962766228772
121349,15.483006752002847
121350,12.187046202922502
121351,10.187766280483514
121352,9.150726410707163
121353,6.983663253564619
121354,4.088087973195588
121355,7.640697873083164
121356,9.489616609515041
121357,9.580658379498528
121358,6.622237973468886
121359,11.053614336127817
121360,6.850145595954601
121361,8.894721078275701
121362,8.988597724097968
121363,6.800982050976901
121364,10.528593698576904
121365,6.416509108995605
121366,9.837988291566493
121367,10.093417075250047
121368,7.311844295639719
121369,7.758695464094872
121370,11.227954213927802
121371,8.889739357486231
121372,9.523889044871872
121373,6.8872275963581675
121374,14.6847544004214
121375,7.962405082466122
121376,9.32475196618945
121377,8.017538738140482
121378,8.405436707098918
121379,9.456616661932834
121380,13.814541900741537
121381,6.083189869847592
121382,11.386419242082471
121383,10.568536936913093
121384,10.181700002342899
121385,16.324176392769996
121386,11.880322717447974
121387,12.223655458162762
121388,11.887264477269422
121389,6.079943391264438
121390,11.251629996753815
121391,10.18904764079976
121392,13.587619297350864
121393,8.674937326389633
121394,9.576229256583748
121395,9.04039085137641
121396,9.457725175735682
121397,9.011929750558545
121398,11.361190971002134
121399,9.374765810611239
121400,6.821684867552831
121401,8.667287883930115
121402,8.014324469713097
121403,12.219310486578301
121404,9.493468621283771
121405,4.728657620189592
121406,7.875697860948319
121407,8.285316705380968
121408,12.169361895142027
121409,9.055083407003359
121410,8.677146281127524
121411,9.648435974529047
121412,4.053301775549512
121413,9.476007405488918
121414,7.8427624700039456
121415,6.950216321187679
121416,8.969914821902554
121417,11.847620610467853
121418,10.09745039820244
121419,10.494084546199216
121420,14.549125943958307
121421,8.564794706610897
121422,8.685636449390422
121423,10.773686758063503
121424,5.838649748579263
121425,8.563122031069682
121426,6.366959375692232
121427,9.200432726270446
121428,13.126299262135879
121429,8.629584360161655
121430,11.377088446420832
121431,11.946948382209822
121432,11.697656118652516
121433,8.222669237158334
121434,7.859599615474193
121435,9.809566751009438
121436,11.514812016117835
121437,10.065594210565973
121438,10.473428634627474
121439,7.88948175758198
121440,16.18513162616469
121441,12.42597303888869
121442,10.506127957521864
121443,9.162661961028745
121444,7.298291959031522
121445,10.58277617799989
121446,8.014958397905644
121447,11.335712172313483
121448,5.684714561447985
121449,9.40557515379318
121450,7.498973543283839
121451,14.852349569727973
121452,11.35299682552777
121453,9.703503755962412
121454,7.104853729553019
121455,10.26511459988972
121456,10.011946989052877
121457,8.893144437644402
121458,6.000345524067422
121459,7.121889881273939
121460,9.35732365671382
121461,6.186235210578811
121462,10.403726443209736
121463,9.173987558074462
121464,3.9821245396085887
121465,11.437694110052082
121466,11.451597221472506
121467,10.303785823765438
121468,9.62185984852319
121469,7.937213854722477
121470,13.4563771071442
121471,6.784944688168297
121472,8.540000840725183
121473,7.236670642644702
121474,7.300030700035828
121475,11.403893998515937
121476,10.48643958767685
121477,7.712651508209838
121478,9.514726262990344
121479,9.230660076520005
121480,9.250660601577778
121481,9.487912904838865
121482,7.4428882847053215
121483,12.047860623199295
121484,12.280233225258431
121485,5.893892693939475
121486,7.01066430403008
121487,9.199078330445815
121488,12.819064533673952
121489,11.645502108223663
121490,7.237087638457867
121491,11.244349555336182
121492,11.4245637143403
121493,11.42146864748572
121494,11.807880891042563
121495,5.111690484249547
121496,12.566187062434564
121497,10.13431801994222
121498,13.069049914472647
121499,7.930541153642094
121500,6.317705774092184
121501,6.82807066054544
121502,11.329668141350407
121503,11.407123658393818
121504,4.916195880749571
121505,11.775479312834296
121506,11.586628142051627
121507,12.0073071469529
121508,9.309910747188486
121509,9.117541143340775
121510,9.188198035274173
121511,9.447797118189486
121512,8.512809290199488
121513,8.322677495096297
121514,4.676927131305599
121515,12.063398144005196
121516,10.533788083322355
121517,13.192413546356311
121518,8.671145510339338
121519,7.071249550680394
121520,9.507256596882906
121521,11.012298063452036
121522,7.675569814477852
121523,13.854215382690185
121524,12.343185784639493
121525,10.157793796343174
121526,11.291668766361934
121527,11.337044911994727
121528,12.572436015031464
121529,9.321518188541718
121530,16.95578311335276
121531,6.868965545984318
121532,10.601670660021043
121533,6.996544943936966
121534,10.66323392406513
121535,9.457461062552847
121536,10.11165084663611
121537,8.288689606840894
121538,7.538935567314754
121539,9.815535701826532
121540,13.841489152451658
121541,13.255403058414624
121542,9.698857133238253
121543,10.050119271674843
121544,11.527914836243351
121545,9.2373278009979
121546,6.141378224623054
121547,9.291424147029346
121548,7.764675295174499
121549,9.487512108759134
121550,13.501297965009579
121551,8.388608508782687
121552,16.41755726712651
121553,12.10710025467871
121554,12.569588957233476
121555,5.321570966746018
121556,6.654003651295303
121557,7.351743191256501
121558,6.740539394931287
121559,8.36528907511877
121560,7.729821725083928
121561,11.562893274346143
121562,7.846938096089369
121563,11.447643718457325
121564,7.40159938027206
121565,11.461428603960059
121566,12.50050209781168
121567,10.372891898774412
121568,7.503554334298267
121569,4.718341254140968
121570,4.421619079083546
121571,7.6205905512821825
121572,7.237184011578047
121573,11.269212230127584
121574,10.649466374604103
121575,6.856554263311385
121576,10.446901856210772
121577,9.29876410922962
121578,10.949816639246496
121579,7.0255868708587474
121580,9.164389833586979
121581,9.221446497676128
121582,11.543366328193077
121583,9.545034743597157
121584,8.356828292329473
121585,12.299899005041377
121586,11.60689347068976
121587,6.043782245368577
121588,10.895341126671989
121589,8.322596790814462
121590,17.364082339475907
121591,4.838805209839606
121592,8.589942892263085
121593,9.632437887642785
121594,11.451446190178348
121595,9.669080985370222
121596,7.010427925593215
121597,14.829872111460991
121598,8.0260227247504
121599,8.106601614479288
121600,11.42258974039748
121601,10.086590097775291
121602,13.701772505821362
121603,8.898840255292138
121604,9.470961943596723
121605,9.403794770982557
121606,12.469732392558205
121607,11.171564771498698
121608,12.129378711220923
121609,9.135528117506869
121610,13.509403810663963
121611,5.396699648987955
121612,10.007442647410114
121613,11.866801523300433
121614,7.130950750628057
121615,4.864105331944431
121616,9.68119747616672
121617,10.196874089901566
121618,6.957122647226884
121619,14.528616286552596
121620,11.104075389318094
121621,15.967556639415246
121622,10.478686381244739
121623,7.344751830966476
121624,7.290695880865495
121625,7.215100075363497
121626,9.673823159712303
121627,16.208269644103314
121628,8.728408797131497
121629,10.809902339148262
121630,9.966300926734903
121631,4.7433538399746835
121632,9.477531573392763
121633,9.84679600264442
121634,9.893885374314703
121635,8.824158482725421
121636,11.1488455214675
121637,8.812061440124971
121638,13.077869945083739
121639,14.268152930212025
121640,7.436016380523483
121641,5.523638602418581
121642,9.558001606617443
121643,9.809623495935067
121644,10.471432773628901
121645,9.319716427725576
121646,8.957827105028834
121647,7.351341644371855
121648,10.967481041479981
121649,8.580361268122951
121650,12.4171448998109
121651,9.015672040345441
121652,11.68096209488878
121653,6.238108569552424
121654,7.102446731515792
121655,7.132146304097501
121656,7.374588802504869
121657,8.749496462574474
121658,4.780838598146314
121659,8.401577658301232
121660,4.750705864540107
121661,10.490267615697507
121662,14.657036936721891
121663,9.693304799822553
121664,11.580336314761785
121665,5.195714559416068
121666,11.723530392225967
121667,13.463635574242613
121668,10.852466961277486
121669,9.583199503745245
121670,7.819876361300577
121671,10.83303348457574
121672,10.666610203700955
121673,6.124991975356615
121674,12.882623220112544
121675,9.785021693960015
121676,9.95273484215311
121677,10.034354662691403
121678,6.469197107545028
121679,7.922882196039216
121680,14.715173606839917
121681,9.200914197608459
121682,6.093811876872033
121683,14.430435574054817
121684,17.743710779287046
121685,9.649615613222542
121686,8.286741269474314
121687,12.465622701188334
121688,11.1093036526336
121689,7.934257495936592
121690,10.55403715396229
121691,13.9820123121281
121692,10.081470818373353
121693,7.952250229544217
121694,10.304839971515936
121695,8.297610222113557
121696,11.055947869641896
121697,7.545936697275702
121698,9.667101911933084
121699,9.745683374567399
121700,4.853152367667865
121701,12.998742680962152
121702,10.908162550629864
121703,6.7810999695122405
121704,8.17930759210538
121705,9.35597341319563
121706,5.535946581601413
121707,9.883205767251447
121708,9.166179999484598
121709,10.202113946243008
121710,5.798560890787482
121711,8.92315620676263
121712,12.228399324022885
121713,9.033891309637204
121714,7.556742401396041
121715,7.163662909331438
121716,8.686456715503688
121717,12.288653580086875
121718,5.692683449285293
121719,6.97885512786479
121720,7.2037680845729355
121721,11.308232326837684
121722,8.04389859794155
121723,10.705257959677484
121724,4.86653837496206
121725,9.620111627081762
121726,9.387725681036354
121727,9.289870336222421
121728,9.805936629090374
121729,11.716030905632854
121730,9.323032823563533
121731,9.225202989457975
121732,7.412254159558965
121733,8.683183707384947
121734,11.310872191161426
121735,6.3551899974185675
121736,12.921647501906895
121737,7.113416640954955
121738,6.852826279243496
121739,11.267060213733007
121740,14.495934257586669
121741,7.795396944831202
121742,7.3107933863956776
121743,7.210093829221495
121744,13.996532163673816
121745,9.162818419430915
121746,10.831587516452975
121747,7.585312682233031
121748,10.938892944701262
121749,7.171150051835717
121750,12.945908231305543
121751,9.063820324890127
121752,8.410301217704953
121753,6.364658875681658
121754,9.235023450703512
121755,12.22414129236483
121756,11.939195733878098
121757,9.428568125059678
121758,8.913430687625716
121759,11.346393975084416
121760,9.507768523094756
121761,9.379402822587412
121762,9.060773272676723
121763,9.763886191411736
121764,8.673244878711749
121765,10.125218355242694
121766,17.29598844798261
121767,6.975128089193615
121768,7.172224554487573
121769,9.472661019656773
121770,12.154598239288886
121771,10.826544346935764
121772,9.982653904943817
121773,11.410954241928529
121774,7.200661821864304
121775,10.92986306308851
121776,10.2202315371825
121777,8.922973695274973
121778,9.829389053116518
121779,7.418896931923959
121780,12.754410533532614
121781,13.700666004863546
121782,8.155560993336415
121783,13.555167439685516
121784,10.416960607040505
121785,10.416586000136222
121786,4.765423156836304
121787,8.598941034877125
121788,12.124139157289786
121789,8.574538204468102
121790,7.738539735026473
121791,10.215896369811757
121792,7.54822476032661
121793,7.699069618151616
121794,8.641873677342975
121795,4.057342106746093
121796,9.856813784920053
121797,6.798017236502579
121798,11.890083101576751
121799,11.123843191066781
121800,9.162526849646706
121801,12.035755675536572
121802,12.943892221568401
121803,11.57734079498461
121804,9.414037370562912
121805,7.22805358807622
121806,11.569400138009824
121807,10.756728538821363
121808,7.745769081886084
121809,7.353802438302677
121810,9.814809477071195
121811,7.5229637484307235
121812,7.124254710309911
121813,8.91773935368047
121814,12.722691606715474
121815,12.46438031712444
121816,8.637847109997367
121817,11.899189373355322
121818,5.618026546150318
121819,7.288314010843611
121820,12.020361657862292
121821,13.897497547831119
121822,9.839638501245698
121823,6.667114691286606
121824,9.503647204478025
121825,17.31825401843968
121826,5.769066409019042
121827,7.422543039262736
121828,15.543731368559104
121829,10.545458404587198
121830,14.691428922941768
121831,9.91031721915157
121832,10.183799316014909
121833,8.084971487194599
121834,10.76929114822175
121835,7.7561440535336885
121836,13.353598956052554
121837,8.689324728962847
121838,7.785197867631946
121839,9.304598690826339
121840,13.9926741421604
121841,12.918927504559841
121842,9.401374929671778
121843,15.418668394137146
121844,7.041347529091702
121845,4.251294149403569
121846,11.104173726545811
121847,8.332266213346367
121848,7.4460824425736005
121849,10.17247419050651
121850,9.080765912396684
121851,9.31447106182127
121852,6.742548574798289
121853,13.568960719035298
121854,11.897602987611474
121855,10.204004873400635
121856,9.400084244781887
121857,12.742506398589319
121858,13.446606255158864
121859,14.107572691828924
121860,7.398330726013472
121861,8.41967510140488
121862,12.126209813416837
121863,9.594846102344263
121864,9.462601730418797
121865,9.062400096581104
121866,7.048786837719949
121867,10.082810398113836
121868,11.609459782561164
121869,12.032262274081369
121870,16.653389064228396
121871,10.267330780791784
121872,9.777142789191712
121873,8.262334233423923
121874,4.312012716797757
121875,14.390175433828025
121876,12.795944219403417
121877,8.896868058267877
121878,8.886275043431692
121879,4.148716704432586
121880,8.618093851254073
121881,11.585662066531984
121882,10.704247648404298
121883,8.054022641937634
121884,6.856377907860558
121885,9.683757493990282
121886,9.171923041658115
121887,7.190958771319005
121888,10.378892335854832
121889,10.491175716851139
121890,7.289729804314914
121891,7.387332013261816
121892,8.49101615876123
121893,10.717188175832892
121894,10.591360176139322
121895,12.921992805829579
121896,12.672853800828118
121897,9.78762170345769
121898,7.83425470750858
121899,3.9691925914991253
121900,11.985606280357302
121901,9.501956834153033
121902,5.249321536669187
121903,10.159750794242715
121904,7.456855134317287
121905,9.88800655480036
121906,11.267511034356868
121907,9.925493640671778
121908,8.339472246006066
121909,9.590526905675159
121910,5.723151401286848
121911,8.363974975781785
121912,7.577258247105496
121913,14.440310089590316
121914,7.662763089553328
121915,9.125133975406488
121916,11.415874572200828
121917,13.293733976581786
121918,9.576172307903366
121919,9.388483853403978
121920,5.713318895386601
121921,12.57014653877214
121922,13.528900546628654
121923,9.80191828051743
121924,11.334360201246595
121925,7.164752418108051
121926,11.114173010549084
121927,4.670200776280476
121928,8.48494520427497
121929,4.117414241017001
121930,8.1111220566501
121931,17.943821700913936
121932,12.012476971593438
121933,13.093799916267898
121934,9.441468037961569
121935,8.952420877959938
121936,11.549845707860307
121937,10.350836520493583
121938,8.990136482174202
121939,8.328361456125904
121940,9.64036645623317
121941,9.453427990005107
121942,15.796131901096027
121943,9.264793524096707
121944,9.248141761097422
121945,7.541270411823102
121946,11.099048037753251
121947,6.2071058892594815
121948,13.417571613219366
121949,8.73756120540926
121950,10.26844661292674
121951,9.577498682451212
121952,9.828483387034073
121953,9.51058950016863
121954,9.6992305789034
121955,9.083927469160997
121956,9.33791680199138
121957,10.267421846299495
121958,6.512828944081764
121959,9.230225642891716
121960,8.661573269980419
121961,11.269270475192283
121962,9.928612786224317
121963,8.859073972820608
121964,10.871990517296663
121965,8.10884036683054
121966,7.010847671317272
121967,13.75654924781755
121968,11.044833014654378
121969,10.834997872868971
121970,11.736291860643922
121971,8.77977095256048
121972,7.172096283417249
121973,8.65346461671157
121974,10.634420089441756
121975,6.173965731393835
121976,9.803625837160798
121977,13.00411723494285
121978,10.043972170142235
121979,9.330622971211197
121980,10.699177896904398
121981,9.957053689295446
121982,6.859649432588573
121983,14.03972308006873
121984,11.360228696730664
121985,12.50309917744078
121986,10.65231032356056
121987,12.088133429010181
121988,7.394262675599218
121989,8.074721370314718
121990,11.19495607557934
121991,5.189776699605129
121992,6.113590931794822
121993,12.934299945013294
121994,6.543158260849526
121995,8.322212428039355
121996,10.01895007146627
121997,11.957842336502386
121998,9.768912840831607
121999,9.460460276400685
122000,7.5854917593817195
122001,13.945066076366498
122002,11.092794393570555
122003,10.044389897609474
122004,8.274443454019975
122005,9.538431639139496
122006,7.048868510962014
122007,6.783346368846625
122008,5.132761277424821
122009,10.923737795512958
122010,8.78141342126116
122011,10.816676043340383
122012,13.223928610509097
122013,6.93202694783893
122014,10.292329987086443
122015,11.6945162482649
122016,10.767681031385205
122017,9.926447000154386
122018,8.708932996917742
122019,5.994806994564829
122020,10.480368493072328
122021,7.003088407099729
122022,7.5230547625714195
122023,10.017123836795802
122024,9.416427906952267
122025,11.100960522234066
122026,9.499772188601622
122027,9.844918822652302
122028,11.966696306289442
122029,10.337833967333736
122030,8.38477530117929
122031,10.270817136417891
122032,10.426487396363314
122033,15.390874143183774
122034,9.86252126550944
122035,9.035853218328144
122036,10.245403012520393
122037,9.621252551951823
122038,11.655261894522344
122039,11.560876029223689
122040,10.061317898389598
122041,9.486834991484793
122042,7.0003997673205305
122043,8.539922667302188
122044,9.873358679479193
122045,11.51351820823906
122046,16.676373920379156
122047,10.78905585479331
122048,12.298658664163593
122049,9.681948136504412
122050,11.170618047714523
122051,9.898186220791933
122052,8.907919918689256
122053,4.902105280283133
122054,12.648849125325645
122055,6.050430690813205
122056,10.346057526581282
122057,8.980282542555301
122058,10.130617367126163
122059,12.64262528655675
122060,12.275581182058499
122061,14.336728174726218
122062,15.116200064632974
122063,9.775596787078062
122064,9.203090276983948
122065,9.56756865761511
122066,11.017007776313818
122067,9.734361632105239
122068,13.04977065016582
122069,9.23530335831638
122070,11.187267766584444
122071,11.614475436718049
122072,7.05047501668886
122073,9.715374502301279
122074,4.679811291240348
122075,9.896586471650288
122076,8.658395533732696
122077,9.826837874839573
122078,9.450770328981614
122079,8.399534252319
122080,10.072852399832746
122081,9.460494353581579
122082,9.540556841153215
122083,6.507195273398215
122084,10.592803875407668
122085,9.670574368084383
122086,12.685013545714886
122087,7.242147673982312
122088,8.175550943685883
122089,8.389449283546929
122090,6.889184293066165
122091,9.237737281172496
122092,12.512070584083235
122093,9.69524042342626
122094,11.236894069866242
122095,7.419418130445367
122096,9.705753650797742
122097,11.012882667755935
122098,10.070804669709812
122099,8.99295695994412
122100,13.111115478141334
122101,11.04484172451369
122102,9.78872608669892
122103,9.157837789204793
122104,8.807722447004224
122105,9.994257547433376
122106,7.113938810702448
122107,10.832560840975193
122108,10.299875517353735
122109,11.108971025553373
122110,9.177108876505455
122111,12.101741153919692
122112,8.783747842392577
122113,17.1351330083419
122114,9.582130863867015
122115,9.159111971797502
122116,10.855082283056174
122117,7.754958623602619
122118,9.582728940673793
122119,13.433557507379172
122120,11.867282134833758
122121,11.187364033500602
122122,11.561468195411889
122123,9.675567427655249
122124,7.4483021885987695
122125,10.270407124421505
122126,12.364975543607292
122127,9.571782158716351
122128,9.185807891636262
122129,4.7680418059493945
122130,8.367593286063423
122131,9.481407275494734
122132,7.29111501273791
122133,11.864451618944328
122134,7.611476090929121
122135,10.701823966374638
122136,4.977692314892154
122137,6.940707474171608
122138,7.66932102200189
122139,7.3207182263244
122140,10.582920978979208
122141,9.837535921719237
122142,7.915350492172701
122143,12.336019981547732
122144,10.618684488153848
122145,5.706881284211449
122146,11.31936940786127
122147,6.885804101349697
122148,8.742860300660153
122149,8.331472339771384
122150,8.944223976922226
122151,10.779595842569933
122152,9.913711598091282
122153,9.145139067588298
122154,8.354326577585956
122155,8.610046169516677
122156,8.292817380383687
122157,7.542256575654375
122158,10.956856463625652
122159,12.784777386316819
122160,9.636316137723236
122161,9.917852913875334
122162,11.177077666966756
122163,11.25583196129772
122164,7.254644141964507
122165,9.00720690804611
122166,9.498050315535469
122167,16.729305818888086
122168,9.802572225322992
122169,12.409950993530733
122170,16.057917800792147
122171,8.523889937989281
122172,10.334206429455508
122173,10.20353849898858
122174,9.571403816423592
122175,10.905847675102931
122176,13.981004351644355
122177,8.218707159156668
122178,10.709375929033795
122179,9.870774336757524
122180,9.828816808013215
122181,9.740098402846705
122182,9.63528774239982
122183,6.674663525296866
122184,7.307890983431264
122185,11.983254281760747
122186,10.302524432936588
122187,11.6457185699873
122188,9.341353821590843
122189,4.451877939956292
122190,10.642136189891563
122191,9.90523734048523
122192,11.264913390175076
122193,8.329446037865585
122194,6.555275255543218
122195,10.721630108077644
122196,10.432487943890044
122197,11.002548304528064
122198,9.798986214705298
122199,7.51557844463282
122200,7.49060269988608
122201,9.272427268592306
122202,10.04287364075643
122203,11.40802626273556
122204,15.222111252344508
122205,10.982174908408663
122206,9.109619515945555
122207,10.236401451059427
122208,6.856037161496722
122209,10.813015581973254
122210,9.102499569130666
122211,9.419996202996305
122212,11.218971724620099
122213,10.942999337020977
122214,7.445887706623703
122215,9.572339950116781
122216,5.12980079643747
122217,8.852639579628114
122218,11.245228057640736
122219,12.611548793693865
122220,10.753184529687427
122221,10.5615027241012
122222,9.92094802886665
122223,13.944377021575708
122224,10.61978529161283
122225,9.374806790708686
122226,11.563890736174804
122227,7.01328747924871
122228,4.046858867758939
122229,8.071869017223102
122230,10.07934844054619
122231,4.244559973004191
122232,8.260588480996757
122233,8.440238512873545
122234,8.18818262508594
122235,8.509396533640563
122236,7.634947513669476
122237,10.07239803522459
122238,9.827687300072151
122239,11.166470286835256
122240,10.912689447746752
122241,7.297273095573364
122242,9.228071984311116
122243,8.500851653676829
122244,11.77676070811712
122245,13.531645240599142
122246,8.49500000706848
122247,9.717398209247202
122248,7.791429048208694
122249,7.722114525290221
122250,14.406408345599644
122251,11.003979475973857
122252,9.899457060010942
122253,9.508496101812923
122254,5.347497111739536
122255,9.206662524428307
122256,5.537604842899088
122257,11.548339146900151
122258,12.066618978731778
122259,12.441570786122409
122260,13.42944141641693
122261,8.891891264649466
122262,10.71361574411264
122263,9.19995618766903
122264,11.879645114856078
122265,9.800636849242734
122266,8.436498713862164
122267,8.44215890819952
122268,8.512849653543423
122269,7.618228927980335
122270,5.722066457457261
122271,4.140967422154026
122272,11.163603104573227
122273,11.00152359156026
122274,10.799581365982263
122275,9.659980133736799
122276,4.50258104247606
122277,14.774635288469478
122278,8.303716390946487
122279,5.719189968393979
122280,11.40370488970149
122281,9.638474648763417
122282,8.256281689940087
122283,12.228596805205013
122284,11.690513456517504
122285,7.745677560312093
122286,4.766499403471844
122287,11.083942956298767
122288,9.620542799550659
122289,5.217580880816568
122290,14.125810083412834
122291,11.219422388278991
122292,12.083771512395021
122293,6.79861114485544
122294,6.730506125557023
122295,9.051749191870513
122296,11.949630973711571
122297,10.59815374733957
122298,11.808683912892565
122299,7.051469025125063
122300,7.998642061551709
122301,8.956720785049301
122302,6.948908277273238
122303,10.10142406743964
122304,6.774545883860597
122305,12.364167842369742
122306,8.73700132780797
122307,12.869634792087481
122308,12.498167041419197
122309,8.380544439220248
122310,7.147577139404516
122311,10.10365867174143
122312,9.54991941204498
122313,9.192962129655145
122314,7.5506809823738
122315,10.581906480828511
122316,9.610296613233716
122317,18.358921592716094
122318,10.040139585145862
122319,12.984152873767044
122320,8.976244826886077
122321,11.85504212419637
122322,9.335350125594292
122323,11.852172205788511
122324,6.206776962261032
122325,9.94323890957492
122326,7.659208834680565
122327,9.751383273813076
122328,9.905460334132895
122329,8.954442691309854
122330,11.74835958846245
122331,9.755476152445407
122332,9.928303665763593
122333,7.10270406333033
122334,11.148013991171014
122335,9.636032358688352
122336,6.194391910365952
122337,9.54295047661254
122338,11.7931183526654
122339,10.574450679111232
122340,11.860859372276872
122341,11.124196000040255
122342,10.096756417630198
122343,11.161195338124122
122344,8.33333457309817
122345,15.065312956683135
122346,11.308301140963978
122347,10.758138636429978
122348,5.502372200351495
122349,7.26512186827509
122350,7.3348963989629965
122351,9.813751809010615
122352,9.559719939754455
122353,9.024988167072802
122354,10.869958328337724
122355,11.950341369332008
122356,10.25181672131909
122357,11.297866614064446
122358,6.22355771870625
122359,7.715125934987841
122360,9.055053595907445
122361,7.707929301699245
122362,10.384522104358686
122363,5.820004447616801
122364,13.41717956954913
122365,11.186507081622796
122366,10.769468772977115
122367,15.20319573231078
122368,5.753823776202887
122369,5.534929102379779
122370,9.28789030964959
122371,9.716601633789105
122372,9.669158537123241
122373,4.3763058939915584
122374,13.534084209209691
122375,11.390291784459695
122376,6.949834443051749
122377,11.613300963552565
122378,9.88604274350227
122379,10.97870148007894
122380,10.825902833075684
122381,9.428944259219204
122382,12.221313602321914
122383,9.570311260160409
122384,10.560620718209147
122385,9.385777055402766
122386,7.005286293298288
122387,9.274133675763128
122388,9.807128956070681
122389,10.533992476513735
122390,11.285689670458689
122391,13.921668295622226
122392,9.184999338990533
122393,8.700893534172259
122394,8.935868463721786
122395,9.032395959658368
122396,11.035833051053894
122397,9.906535195541748
122398,12.539365192819796
122399,10.927059808580838
122400,9.211846041473654
122401,11.00576424874823
122402,9.816730284039743
122403,11.160627822235986
122404,9.563714135517461
122405,12.23338692144834
122406,7.815084958848466
122407,10.030472090075245
122408,14.576876587931764
122409,9.788526711053
122410,10.086036248239452
122411,14.686948783729
122412,10.335876204033186
122413,8.915607984870391
122414,7.720327911603246
122415,9.227879412740128
122416,10.599315368915947
122417,8.809864265460138
122418,8.623334577589091
122419,6.468865093531347
122420,7.990514590782412
122421,7.427434243960894
122422,8.748377049031435
122423,10.882039136798406
122424,8.728606797682579
122425,5.753539061338401
122426,13.796839685482178
122427,8.042163458790776
122428,8.487639270433926
122429,13.490183797606562
122430,11.29890089545779
122431,6.352178384298131
122432,8.41082549418286
122433,13.675434703384123
122434,8.929331678547873
122435,6.6696765641554565
122436,7.1080097071123305
122437,10.816819351358646
122438,8.359339007525469
122439,5.05796644561965
122440,9.698272726811833
122441,9.147560067793883
122442,10.463847276762673
122443,12.599067162948625
122444,9.995975795338783
122445,5.069950642746258
122446,9.366109207536686
122447,9.990162583083515
122448,6.747290508212953
122449,13.441594078412944
122450,14.01950919750015
122451,11.243480891163376
122452,6.180945892911532
122453,15.754410265087595
122454,6.503892284616671
122455,8.83877244971685
122456,13.084550405946516
122457,15.78674454606988
122458,5.382833012038402
122459,9.334928864212475
122460,10.190988236479658
122461,10.997057888861379
122462,11.533469940707192
122463,10.961361372408513
122464,8.881086584558272
122465,8.526614333379698
122466,9.973459140330942
122467,8.980300939590418
122468,10.609228622049544
122469,14.175372544257888
122470,9.068611075059216
122471,7.754821581781165
122472,8.229284104341836
122473,10.148901688616034
122474,11.866691325301634
122475,7.1436997050967275
122476,8.172364746323634
122477,11.634511366133971
122478,6.831362312663636
122479,12.76381276222474
122480,12.794935243071764
122481,7.861746269052908
122482,11.104621627342604
122483,12.901247598264936
122484,14.6034064065188
122485,7.2847826837477445
122486,9.946267267193168
122487,11.743683234509778
122488,8.812209678365218
122489,5.611037844999464
122490,14.923926466736992
122491,10.207668264786397
122492,11.390987167132545
122493,9.884505034096636
122494,10.108269615140461
122495,9.756321677098907
122496,11.865987645959498
122497,10.32991016713214
122498,9.807338570019486
122499,4.039516551834934
122500,7.587449247854916
122501,7.45421708319883
122502,8.553561578104468
122503,12.580586060202164
122504,10.569830027175373
122505,10.853913029890327
122506,10.380145040617405
122507,5.660783344858457
122508,4.101800117223698
122509,9.763561830829925
122510,6.745703927369045
122511,7.085922020425732
122512,15.073093368717258
122513,9.412937220930257
122514,10.92682573831338
122515,6.5991020281255
122516,9.34540543149054
122517,15.578571937425147
122518,10.90723495005133
122519,8.06026887248729
122520,5.707960897649642
122521,6.981120971532573
122522,12.978902384609858
122523,10.265637808156349
122524,9.233635491527277
122525,8.911724544075298
122526,5.055335071679354
122527,7.263592833262909
122528,9.998719387417278
122529,11.081831676783754
122530,11.102129940865828
122531,8.798268914786851
122532,9.531012408990016
122533,10.50016308240993
122534,10.094824167976132
122535,7.971020643219751
122536,8.380021589391939
122537,7.922319526433479
122538,9.06590068049729
122539,10.59897744459263
122540,9.451288865038908
122541,9.571446667911127
122542,15.310582611016386
122543,11.263553643566649
122544,11.756195075579349
122545,10.050246139886873
122546,9.420915618765907
122547,7.919614274491259
122548,10.710220034958407
122549,9.231264633071664
122550,10.268018540697536
122551,7.047754027161972
122552,6.684199528639885
122553,9.838765829135678
122554,9.505463283326037
122555,10.577582656818471
122556,8.802898861747305
122557,8.230747315435613
122558,7.510851245767656
122559,8.378832711540008
122560,10.828911226360844
122561,10.187676675461184
122562,18.07094630951322
122563,5.6688607182034945
122564,8.753843296481504
122565,9.53550662692033
122566,9.325012967507703
122567,10.045450385105266
122568,9.248251285305567
122569,7.976482905905444
122570,9.177317403571534
122571,8.249917585058093
122572,11.110337536650984
122573,11.191924703055049
122574,12.708634464491457
122575,10.600915132844431
122576,5.630072880510715
122577,10.128481505394097
122578,14.567344892767528
122579,6.970542964927354
122580,9.130367956953549
122581,11.803725207163081
122582,9.455779852124872
122583,13.858146187438098
122584,7.728679899568169
122585,14.057203630276277
122586,7.547658117944775
122587,11.366476531465372
122588,9.522325519967534
122589,6.861055638886009
122590,9.098967303740489
122591,11.826044251778548
122592,6.767410641432569
122593,11.708489150216904
122594,7.505841167509963
122595,6.624593059267276
122596,7.728497454955653
122597,14.762408866218774
122598,13.600000245081779
122599,9.575151216497863
122600,9.117247845291754
122601,8.013683189331292
122602,8.477938609822136
122603,13.511621278255081
122604,11.081378820656136
122605,10.070424640071137
122606,12.851209679333937
122607,10.966808980935616
122608,8.331547477316615
122609,10.150860330910472
122610,9.971134398351035
122611,11.838648077997224
122612,9.369761655029187
122613,9.651220256418343
122614,11.426888727052564
122615,10.536185752380485
122616,9.486916913060586
122617,9.52342242408398
122618,10.044324440385246
122619,9.970784829097276
122620,12.559019191893112
122621,13.206797927785448
122622,11.985195161301283
122623,5.482064447672354
122624,12.104465840212471
122625,9.53090915333307
122626,8.886305919502579
122627,11.58654149964364
122628,5.02633031680312
122629,8.028255925824327
122630,9.425438242208392
122631,9.745646609851349
122632,12.647210696425587
122633,10.057750236433929
122634,12.106551489892807
122635,9.412955464781485
122636,7.450241314902695
122637,9.346739516961215
122638,14.403815255869464
122639,9.691425309294974
122640,9.213312737084932
122641,6.23103855885012
122642,9.910447189662715
122643,9.241827049907796
122644,10.437141846352436
122645,9.89787630313633
122646,7.368215176972841
122647,11.90382963161432
122648,9.996650792534734
122649,8.54919527238576
122650,16.631769254113163
122651,14.867817598685225
122652,6.090134153049498
122653,12.891056228105535
122654,8.215868235077343
122655,11.223125469023547
122656,7.484614564151866
122657,4.07971191415102
122658,10.268641579916201
122659,6.781713894305068
122660,9.21396095684919
122661,5.848435211864619
122662,10.592530560140371
122663,13.447462321253317
122664,13.26366807963901
122665,12.181220050570113
122666,11.013062172857897
122667,9.622140438239352
122668,9.647259421395978
122669,9.20053725173243
122670,7.240107252242138
122671,9.958836119731036
122672,5.972099718586208
122673,7.686032911188827
122674,7.317295543181784
122675,8.781200749212612
122676,9.188196519165706
122677,15.308323549821575
122678,7.525404335479093
122679,11.08937789728309
122680,10.065223434479794
122681,13.384614528537337
122682,7.579430666755566
122683,9.157334152441335
122684,10.700721311763527
122685,10.794251101167864
122686,6.254754762015184
122687,9.511506099373017
122688,7.586506461808474
122689,5.983844826541591
122690,11.403154144332822
122691,11.833334679233662
122692,11.423906192054126
122693,9.982861337337576
122694,11.890117071875292
122695,9.525006111666846
122696,10.01705118675617
122697,13.807894303579653
122698,9.5796994923259
122699,12.537889887494691
122700,8.92229124877802
122701,7.842798916678882
122702,11.122856910051757
122703,11.342500000406037
122704,8.979253764588007
122705,13.297151045486407
122706,6.821409474739985
122707,9.872482070621814
122708,9.118902661775788
122709,9.136317932968817
122710,8.365825596906452
122711,7.947243933682898
122712,9.517899818852662
122713,8.34827652505698
122714,9.974506704927549
122715,12.838860901527372
122716,13.484948731627838
122717,13.028590710302609
122718,4.340329868606847
122719,9.783346517156195
122720,9.74302546162931
122721,6.745837502937097
122722,9.891705611961834
122723,11.029210663075066
122724,10.845779011202438
122725,8.946867231205381
122726,11.871676991053974
122727,9.624324871771112
122728,14.876377636633123
122729,7.8583744578193215
122730,7.857877037298609
122731,8.422927630835307
122732,13.759809941381832
122733,12.993900545181708
122734,11.606478038001057
122735,8.753013614610856
122736,13.738030426279204
122737,8.846368928468369
122738,10.13951616060513
122739,9.984944064631907
122740,10.602311158312508
122741,9.205479917132545
122742,14.26558289998226
122743,10.020194446374443
122744,5.288436598233163
122745,14.125325364672756
122746,7.084282991263639
122747,4.400732536826241
122748,7.334061378011912
122749,9.199482414518748
122750,12.741144585892457
122751,10.060352596990185
122752,7.278996396250866
122753,10.78075152149719
122754,10.466236415710233
122755,9.20188134381753
122756,13.587598844595458
122757,12.377586789851545
122758,11.52627275961947
122759,4.705633967906546
122760,17.36124487543519
122761,9.547959652319737
122762,9.213103787001433
122763,12.065058163606668
122764,8.408925048568133
122765,8.401418267862422
122766,16.61702247311252
122767,9.731383170809435
122768,6.134577073120773
122769,9.179460509410566
122770,12.125266236541888
122771,13.040601043704493
122772,15.35316409790506
122773,8.898807690680378
122774,7.163660168751197
122775,9.37276723455437
122776,5.364213687560856
122777,15.365536908944193
122778,8.346166332708203
122779,6.30656074133645
122780,11.41785213277495
122781,12.759260866087525
122782,10.856346143400577
122783,7.022225358377042
122784,10.385371596774602
122785,9.440577356346376
122786,8.024798252418197
122787,13.986366682151564
122788,10.344314668200678
122789,9.360302091214923
122790,6.128212155057297
122791,10.928404029220363
122792,13.427085777241995
122793,9.091637305467797
122794,11.020608607485588
122795,7.134292385854563
122796,8.294669614139519
122797,12.337561066796193
122798,4.911641070182157
122799,9.903368575827216
122800,6.21354812296631
122801,10.601227670170731
122802,7.302677804557331
122803,10.047157710603805
122804,4.824844034906209
122805,10.835380016569065
122806,13.397729434815128
122807,8.215032834291188
122808,8.231423656777146
122809,10.916956191610897
122810,9.362920732817372
122811,9.91151477611778
122812,9.442478166509572
122813,7.926365025145017
122814,10.140837400434648
122815,18.23653164652371
122816,7.403947314033031
122817,10.08332448493627
122818,16.085725829641643
122819,12.422131692279743
122820,9.065824334931074
122821,8.57850365374561
122822,10.727527980151777
122823,10.021160800571717
122824,6.7759396314109015
122825,9.516467088585859
122826,9.86791358704075
122827,11.690878224322846
122828,8.179962148267638
122829,9.758640208742179
122830,7.168858757594547
122831,6.677276628561186
122832,9.708817048976114
122833,9.627881037926711
122834,10.940071753324208
122835,7.2199843294415045
122836,6.0306806573604925
122837,8.426851335087076
122838,8.528046724690782
122839,8.460940173804213
122840,7.230279498609718
122841,7.5925453870649005
122842,9.410834040198797
122843,9.753311340963531
122844,9.36487698625937
122845,9.774038420017003
122846,15.16367269273754
122847,8.759134270440736
122848,10.488650903739387
122849,5.8010486740628515
122850,6.193515034398387
122851,11.260817902765151
122852,8.816896059819069
122853,7.987908366789535
122854,8.173894083992808
122855,6.993642069385599
122856,6.108185461232247
122857,9.640999412912828
122858,8.050313618505173
122859,13.489090151003273
122860,10.206082928242347
122861,8.36231082840926
122862,10.7661266557832
122863,11.585742361732468
122864,8.298308147924677
122865,9.478267297165953
122866,8.366776791336045
122867,10.085476006516277
122868,6.829430563477336
122869,9.307360124834663
122870,11.603676279385592
122871,10.419149656753026
122872,6.6784731718374015
122873,11.167742279037878
122874,6.769396093681519
122875,8.522948614372984
122876,13.690038558868977
122877,9.411568233028401
122878,13.868165121162173
122879,8.487464127665977
122880,12.548498644258423
122881,9.203160388909463
122882,7.437894006186871
122883,6.460360382178675
122884,10.930935523939205
122885,11.882330440814862
122886,11.08396113931801
122887,11.294720965802188
122888,4.432512896456202
122889,15.236487569116367
122890,11.888787461262476
122891,4.599707151336049
122892,9.105334285698131
122893,7.258136704922693
122894,5.621850705127577
122895,7.386438488862121
122896,9.90091086914406
122897,10.981094612594548
122898,11.865117707129851
122899,8.956482861085256
122900,9.97397207473683
122901,10.758786465363338
122902,12.889457357090677
122903,7.375794129501868
122904,11.472488743285854
122905,8.574355155057507
122906,8.394432736606227
122907,11.559363677171898
122908,12.011591234343147
122909,6.347449877221749
122910,7.026188770322666
122911,8.415478839151652
122912,10.265755566011846
122913,11.905047746474779
122914,4.058967184751544
122915,10.970568678616177
122916,5.423946967013501
122917,11.11068997752083
122918,8.556121360093448
122919,10.729422764143631
122920,5.186938839424842
122921,4.0567452511607
122922,8.1881903472122
122923,11.463616914856434
122924,9.738700813310418
122925,8.45159330114372
122926,7.465923619204385
122927,14.195663450530006
122928,8.326386696082405
122929,9.671966156512715
122930,13.466092075201882
122931,8.06788730170411
122932,4.9280405144627215
122933,11.231401740619892
122934,4.707415043378335
122935,4.766571802758619
122936,7.095056290316336
122937,9.706818628667174
122938,12.416850314168238
122939,10.063666756724386
122940,10.19049264261781
122941,9.329963754125796
122942,9.110128730194905
122943,11.06457958269288
122944,15.765736603915752
122945,9.321175539634613
122946,11.838313485126156
122947,5.127022863510674
122948,10.355060645750587
122949,7.021825517211026
122950,10.620653967202042
122951,12.042542646282374
122952,4.9766808587898606
122953,5.995293348982972
122954,8.295774924409837
122955,9.40112997049288
122956,10.844031405444587
122957,4.432409284366775
122958,9.624156318016217
122959,10.041548228423983
122960,9.793805981260585
122961,8.984332317456749
122962,9.603850225140349
122963,7.671823205335686
122964,7.691387342682188
122965,13.436017887866148
122966,11.596559212834856
122967,8.8899584716299
122968,11.629360416020791
122969,10.713665483401371
122970,4.588096645709424
122971,6.12926015819236
122972,10.216393141949736
122973,9.407380338979584
122974,9.761072151931337
122975,12.390833190536679
122976,13.348149264779014
122977,7.9563877330545
122978,6.978776973082512
122979,9.34219173023504
122980,6.129803217645646
122981,10.031978553789987
122982,10.060993375551686
122983,10.843527398677427
122984,6.549241096589791
122985,9.199167560327279
122986,8.596084117974385
122987,15.19255770488384
122988,18.646215142965907
122989,8.327874075426639
122990,7.390419701632799
122991,9.042928990264238
122992,6.860210456724543
122993,9.850612931975277
122994,9.111409188784517
122995,13.525911792062644
122996,13.020107539684039
122997,13.517921646490356
122998,14.630316546865055
122999,10.846935357444005
123000,5.696522038458189
123001,10.544574388619361
123002,6.602177276857593
123003,9.12968924911986
123004,6.175162372217616
123005,6.633972857640805
123006,9.858902847512326
123007,9.397451192266484
123008,11.612536015806366
123009,10.035600863291721
123010,12.071601164975496
123011,6.555151030221237
123012,10.454564987698529
123013,7.491846309026895
123014,5.75380697758918
123015,18.05152183941106
123016,9.82195984935099
123017,14.679265819204995
123018,8.75477842820644
123019,8.882163417693132
123020,10.502039805961079
123021,11.325972995383392
123022,13.491457715488767
123023,4.940173618813937
123024,9.731113715871246
123025,9.384479962596938
123026,12.23098671762157
123027,9.410518272441518
123028,4.7426733602927404
123029,10.979297433764643
123030,12.122492180341542
123031,9.542739599393622
123032,9.795078949576904
123033,7.664970423640286
123034,9.371097314847562
123035,9.823225234226573
123036,9.306673696810966
123037,9.811742899953702
123038,7.082056596305051
123039,11.934850415966013
123040,9.65143164764672
123041,5.209504423539879
123042,12.807435393111891
123043,8.021738071466261
123044,6.765759167501758
123045,5.435857313909713
123046,7.016284131611217
123047,13.359637611636387
123048,14.840200369139371
123049,15.793082285874007
123050,11.315138796687592
123051,6.036276657612592
123052,8.028298407288915
123053,7.090174775621487
123054,8.256731078944037
123055,8.290567482016248
123056,9.658162794372169
123057,5.9597057988142215
123058,16.1137417927479
123059,4.284755416741307
123060,9.399919283834224
123061,9.236527247177705
123062,9.532872382556455
123063,11.861742090334186
123064,10.779060223680878
123065,9.6792080739373
123066,7.565284253113423
123067,9.07858646114113
123068,5.121162363045759
123069,7.710625876720632
123070,8.374256508060352
123071,11.638409334333907
123072,7.436015437357682
123073,8.870555177898535
123074,9.320224197132761
123075,7.925991869766695
123076,10.145950503148159
123077,7.092745283533712
123078,8.837430874355244
123079,11.759995732902814
123080,13.281843889360493
123081,9.411346662094335
123082,7.000157215677719
123083,11.581164110149054
123084,8.669474570722372
123085,11.601583407622641
123086,10.528728891929102
123087,7.481252983022801
123088,9.813210474142258
123089,8.97730312422775
123090,9.825558364453531
123091,16.777433170421084
123092,10.02790850480765
123093,11.096235598365224
123094,8.44700230734038
123095,6.540319527615426
123096,9.813564365165847
123097,9.186803392878286
123098,8.10827234631272
123099,8.92023343579423
123100,7.370021502953492
123101,10.087648622172713
123102,7.976783093874076
123103,8.244371313840736
123104,7.42497587538181
123105,9.2067849012954
123106,11.384818402415297
123107,17.464582460429785
123108,16.423710675182363
123109,9.218191392670272
123110,12.617231492544077
123111,10.360536837071486
123112,11.50229061161236
123113,9.18985702565968
123114,9.146427710801715
123115,7.536036414893202
123116,8.884252161705628
123117,9.432450625950832
123118,11.959586404505856
123119,12.373454892393124
123120,18.061593320249504
123121,11.67411351856864
123122,7.942746156607102
123123,10.192582505437574
123124,13.512402732093634
123125,5.906175760753901
123126,11.349797974074223
123127,14.898610424103206
123128,6.8799189788468835
123129,13.190792203162365
123130,12.196731376210526
123131,10.445628020304849
123132,6.396542043400737
123133,7.587758259285931
123134,12.57043924280165
123135,7.956794476961875
123136,10.041503212509896
123137,8.968476955765523
123138,11.857254111669613
123139,8.967728438537753
123140,12.130651024871154
123141,8.267991203260042
123142,9.661079157732374
123143,6.611130201376153
123144,4.647625854148947
123145,7.429360910665963
123146,12.422649956562164
123147,10.087418707896894
123148,16.230699949057044
123149,8.988367235094172
123150,11.642870529553216
123151,11.593404261071948
123152,6.163288940317549
123153,9.502017282035457
123154,9.572250624039228
123155,9.896503616327712
123156,8.544919338220803
123157,10.910532880392465
123158,10.11518582042957
123159,6.2266789373204166
123160,4.676473665044091
123161,9.054874559957067
123162,10.234081223374883
123163,7.908217751601578
123164,5.415466252731207
123165,7.3651847517015625
123166,7.458323932714846
123167,11.699143445843752
123168,8.672185854500295
123169,8.945621552995798
123170,11.147320934609764
123171,9.796173236773155
123172,8.123132982528134
123173,8.831038710826556
123174,9.263301141138616
123175,12.568934497249854
123176,15.262653162565929
123177,6.798347533562707
123178,7.801986152881556
123179,9.375071008449677
123180,15.159637505280537
123181,9.266261243186628
123182,7.436912997523066
123183,10.447028688790947
123184,11.891266441358983
123185,9.409350156868305
123186,11.155563176608187
123187,8.01168299414243
123188,14.858666514932263
123189,8.18290031128538
123190,7.167472531029794
123191,13.28367871626357
123192,9.81647127248549
123193,11.263279426541942
123194,13.069919589452862
123195,8.790955901779245
123196,10.602204945651135
123197,10.512026481838884
123198,8.323496540922472
123199,9.316580603870204
123200,10.050078110752867
123201,11.387757502032144
123202,9.423992974320509
123203,11.406019604534087
123204,10.583886262376542
123205,8.056418406652936
123206,11.365103026298303
123207,10.559326741244579
123208,12.480787525380407
123209,9.323049469056874
123210,9.35002465072408
123211,14.135250371775573
123212,11.728490600144337
123213,9.258417813341753
123214,10.297363085604042
123215,9.552213769691443
123216,10.737385159128909
123217,10.075279584379777
123218,9.392404059083109
123219,5.906979082847249
123220,12.454100089153458
123221,7.156950422533979
123222,12.735926351252152
123223,9.183852239790495
123224,10.778667176265197
123225,9.850648028402706
123226,6.819273314369587
123227,9.264743326131667
123228,9.685600592081624
123229,5.975707462641379
123230,10.658068468961183
123231,10.539658455028361
123232,10.759803602349173
123233,11.405426006231943
123234,9.200897145972132
123235,6.8381699972189
123236,7.94098341363028
123237,7.756701391476291
123238,9.198650906013762
123239,9.077933437886163
123240,11.844049196533698
123241,8.532540251651461
123242,11.276045330610916
123243,9.381100674850263
123244,9.524466557578418
123245,15.642952959635423
123246,12.151154278130686
123247,13.898573700570434
123248,12.146587787912576
123249,11.590535775421603
123250,12.18756744424645
123251,8.859865602599104
123252,4.630499565072996
123253,7.922092908299481
123254,8.778106219122561
123255,15.579410924928109
123256,7.483989575492435
123257,13.492618801175245
123258,9.658615378722184
123259,13.099607397400671
123260,13.995604442115502
123261,14.149596261013158
123262,10.399870557441325
123263,9.942768677451541
123264,14.408547400276746
123265,14.067055427718838
123266,9.079470422692358
123267,7.693363768931377
123268,9.912952251705786
123269,11.444722510785052
123270,11.663454163433794
123271,13.470616190996031
123272,10.062349564234832
123273,13.410518165254974
123274,8.207297637919131
123275,9.557326891783946
123276,9.845327818372857
123277,9.884730089661264
123278,8.124461615669063
123279,7.453237889817636
123280,8.717486418164583
123281,13.226887361224689
123282,4.105807681631424
123283,7.847786755196037
123284,11.913467914226391
123285,6.610698214389194
123286,11.016061432216244
123287,8.206683091793945
123288,8.34606745226067
123289,8.240700650148778
123290,10.126678323781364
123291,10.871069193291696
123292,13.617780251405213
123293,11.536369985540688
123294,8.98900190089716
123295,12.763013456142298
123296,6.5300375809381395
123297,8.600632999513575
123298,8.229040247977892
123299,12.018657922276228
123300,6.3245008427020455
123301,7.927498020136916
123302,8.816595153220383
123303,7.948774248024341
123304,12.182465792542654
123305,7.144710489551987
123306,4.732802129084467
123307,7.144783844111545
123308,10.38621574217928
123309,10.049088975231172
123310,12.748897768499672
123311,7.090409309516426
123312,8.039084217957553
123313,10.471307547703109
123314,8.828080350391371
123315,9.464575882111983
123316,8.178963212192594
123317,8.955353119016404
123318,9.207746763523382
123319,7.8582573838367775
123320,9.987103348646002
123321,9.875693437904621
123322,8.100011296391296
123323,7.745087864565553
123324,7.249136576426345
123325,9.338584920458532
123326,9.412940352930445
123327,11.276105407486106
123328,10.6053338148625
123329,9.72579388022334
123330,9.891631713095768
123331,4.735902945932152
123332,8.45512610405101
123333,11.780341683474969
123334,12.34622856565438
123335,6.2278872916703145
123336,10.726146255308887
123337,8.60826596454982
123338,15.58416944253248
123339,9.49264850943949
123340,8.019853893570774
123341,10.309723636801243
123342,8.985813197058445
123343,7.65271623099864
123344,8.51866074700483
123345,14.618731327458722
123346,9.593209467191198
123347,8.140914012255426
123348,7.188935783569806
123349,10.76487103799838
123350,7.844862515493307
123351,9.494855348652512
123352,9.627436586935522
123353,9.913924492964195
123354,5.849294430593104
123355,11.588294348293577
123356,7.2290100329941165
123357,7.566152814988683
123358,8.683484333469744
123359,7.619905167843619
123360,9.095583996966907
123361,10.80611905408205
123362,9.6544659364671
123363,10.616627372731227
123364,13.798280963673795
123365,7.403552715615876
123366,6.592558211506396
123367,11.885447153890048
123368,8.83012422533071
123369,11.71602553656209
123370,4.024450516424601
123371,10.697058708150468
123372,8.982688490508188
123373,8.291932685686024
123374,8.811589873145895
123375,9.7340748345844
123376,11.871362972761123
123377,10.137197731413755
123378,10.418131102983034
123379,7.951154859785643
123380,9.536705409544888
123381,9.098962236738274
123382,10.450846258521349
123383,10.548176449506581
123384,7.462356089238933
123385,12.088495213802391
123386,9.365545116717723
123387,7.1681525368344525
123388,9.455871106264855
123389,4.829954154255952
123390,8.430616340032376
123391,4.1147807493706265
123392,11.476720720605599
123393,6.875770026366465
123394,10.298961662711537
123395,7.952650693654979
123396,10.582589228770175
123397,15.04739289454947
123398,8.583163229943063
123399,10.095181964128383
123400,10.228064756694486
123401,11.977839959564207
123402,8.216553309182762
123403,10.158217398299902
123404,11.355418432796313
123405,13.418963748306487
123406,9.505104827798117
123407,8.959460785651686
123408,11.338685854682948
123409,9.644541369185053
123410,15.259640034463178
123411,5.63498643363547
123412,9.857129199818573
123413,11.520288799795177
123414,6.666929582657316
123415,12.85814225018937
123416,6.314332068382192
123417,12.77215094113033
123418,8.797898176185404
123419,9.602529639936801
123420,6.702457899254815
123421,5.0874562884212695
123422,10.369559206584999
123423,10.771507268905228
123424,11.528590483576853
123425,8.302597386769046
123426,7.737886272349806
123427,8.567501635680404
123428,10.546046108859752
123429,6.288582282623588
123430,9.998867185293006
123431,6.997667706629845
123432,8.430772855752124
123433,11.55834352755851
123434,6.202143717949015
123435,11.012347575175419
123436,4.115694189317725
123437,10.289614822263502
123438,10.354399452411485
123439,5.856122035864239
123440,9.558981074078186
123441,8.028819057857493
123442,9.261315873171863
123443,11.779953692641708
123444,9.153015590779766
123445,8.483624224315731
123446,8.372470461340747
123447,6.071193565483506
123448,9.366182995325104
123449,14.325831924168757
123450,11.134309950932941
123451,8.514629517199296
123452,7.327511287444457
123453,7.336884718168809
123454,6.983435432070853
123455,11.07025822317918
123456,8.620841266748826
123457,9.114486716359815
123458,10.48970151295053
123459,9.605545063644657
123460,5.6323287354094465
123461,7.873335686166008
123462,5.225994214137671
123463,9.517425905591343
123464,14.703234713251712
123465,9.04509151236702
123466,9.515562293762716
123467,8.174777600189618
123468,9.183275342978082
123469,12.17422497858108
123470,10.294022230802389
123471,4.09347532715094
123472,6.252930875052092
123473,10.701790509780988
123474,4.139673372993835
123475,5.717247426268939
123476,11.824548525239399
123477,9.802843595457492
123478,9.906584510518032
123479,8.876141952449874
123480,9.370434628879975
123481,11.30523230977359
123482,6.90470192772887
123483,8.379259222500682
123484,10.486505726991876
123485,6.240105578807773
123486,8.567349297379359
123487,11.196957698734064
123488,10.357317980743781
123489,10.607859640589501
123490,8.34826473682746
123491,10.124599829208954
123492,8.225482815267295
123493,10.467698310628045
123494,7.284049628560294
123495,14.29374723286558
123496,14.610493747205831
123497,11.381786818704656
123498,9.194088427210506
123499,13.162367556305025
123500,6.725913735669543
123501,10.44923882652008
123502,10.899577933398735
123503,8.693714738713716
123504,7.513272279709254
123505,13.103857982636868
123506,11.367067913936083
123507,9.537648884315436
123508,14.387714895572529
123509,9.065956811958246
123510,7.249497168562675
123511,11.011871837357177
123512,9.936505865187968
123513,13.261286557787034
123514,10.444083626171505
123515,5.392535516038846
123516,12.277014578404282
123517,9.579090546570706
123518,14.634250241206473
123519,7.497687497187674
123520,9.505270529882129
123521,4.546061241615037
123522,10.116677058678231
123523,10.038155195512186
123524,11.827267968302404
123525,17.922789788028446
123526,9.427410877205878
123527,7.473108945685228
123528,16.709915203595543
123529,13.981179623043582
123530,10.42093035278133
123531,11.49480614388968
123532,10.755616085174628
123533,10.672127476946576
123534,9.838303590146541
123535,11.27789321347171
123536,9.492725492927752
123537,10.906089451802377
123538,9.678803901771087
123539,12.314952080539275
123540,12.490376615907447
123541,10.918636782377991
123542,8.5274890820857
123543,5.531944588180486
123544,7.520504756150944
123545,8.300467150213397
123546,7.334237217168754
123547,9.851763167926899
123548,9.883401345276871
123549,9.927235151577197
123550,6.4969020553447665
123551,7.062413513886254
123552,7.356349937667102
123553,10.132564721763092
123554,10.942605526905535
123555,9.671669737723224
123556,11.1523634153551
123557,9.184197073412765
123558,7.394290708023921
123559,8.45410152629031
123560,9.294341062746437
123561,9.730133025231103
123562,8.264376732596439
123563,8.338117005604236
123564,8.703942792081639
123565,9.193238960191078
123566,9.88862969066228
123567,6.804940112181252
123568,10.02258854177285
123569,9.324448454496652
123570,10.383736212140757
123571,8.706471211714101
123572,12.19591898758916
123573,6.794197865049746
123574,8.397595837507396
123575,10.332394694475346
123576,8.178085478961476
123577,7.480922538997227
123578,11.168224277763201
123579,12.010697444183311
123580,15.408337398297714
123581,12.639132014316619
123582,10.022500656228777
123583,9.969761619144808
123584,4.145221234909825
123585,11.279651926554454
123586,9.217879781624315
123587,11.962812973443274
123588,11.368711178810994
123589,9.024657428514907
123590,12.084553690657453
123591,9.98418314739603
123592,10.494898013576053
123593,10.626613562014146
123594,12.754544533682692
123595,11.23473466673481
123596,13.319239836586377
123597,11.684350070235359
123598,5.798022404700951
123599,9.074928938861365
123600,8.670985841962716
123601,9.462272162936248
123602,4.450433142968301
123603,8.943447529045331
123604,10.726150340123919
123605,11.516978826250432
123606,11.816434782768152
123607,9.589295356067996
123608,9.566960668051527
123609,14.289125090293009
123610,9.451940857011696
123611,9.084811453263125
123612,4.779443498774841
123613,10.102677169465528
123614,7.249093095204055
123615,10.423767979608865
123616,13.51351548561355
123617,10.820463272971121
123618,6.132915132876392
123619,5.857346544999824
123620,11.07014281778245
123621,12.780027803958108
123622,12.999873862736209
123623,9.62200199608364
123624,10.715004471975565
123625,9.274688027668185
123626,12.31968825262492
123627,7.910642960643872
123628,9.026642697170358
123629,9.776839238104287
123630,6.959149919987903
123631,9.134756383496761
123632,10.092671475300397
123633,11.676003645697353
123634,17.340041515347547
123635,5.491540381343041
123636,10.966705351767647
123637,13.296284299720792
123638,7.496786282419274
123639,8.0444993792192
123640,12.845367753278822
123641,11.84130342379074
123642,11.416801717238291
123643,8.197293324540484
123644,5.557206521938786
123645,14.661890466327986
123646,9.52557808075051
123647,12.73872949507891
123648,9.148412047941912
123649,4.41448626994076
123650,8.417878990364885
123651,9.409712637869994
123652,6.863569897434995
123653,8.141360842687849
123654,11.101143418353717
123655,12.515955004475087
123656,5.126420568034688
123657,7.105372006080968
123658,8.724491796929708
123659,10.757309888338316
123660,11.584302135836106
123661,9.143922326928834
123662,6.7080193662417384
123663,9.188103221226958
123664,6.775268418105471
123665,9.756980077008054
123666,7.097325650419739
123667,7.674422364395733
123668,8.02711823237252
123669,17.013257595086085
123670,7.218826593789387
123671,5.521152818570549
123672,10.445985569195239
123673,13.669782137374265
123674,6.913739812514021
123675,11.884324123741361
123676,16.547987514658054
123677,10.59835281768572
123678,7.452493542931572
123679,9.257158919887683
123680,9.990832555748668
123681,8.645569143877356
123682,7.110180587036419
123683,7.608775678413471
123684,7.67884531155769
123685,9.873341432602597
123686,6.342774623366129
123687,6.086826646161815
123688,12.022675761507804
123689,9.42602481118644
123690,6.4284044960063245
123691,4.517589921724306
123692,7.67975272581951
123693,8.076297389657487
123694,5.1073873124635085
123695,11.573511844437427
123696,6.61178487291902
123697,9.506347819797694
123698,8.17887700495146
123699,17.68057834454573
123700,11.805493003447893
123701,8.578758819863776
123702,11.342294322042212
123703,9.240634378447345
123704,12.216058392269527
123705,16.090696377018496
123706,11.513182669761655
123707,9.446057382716429
123708,11.769946228937863
123709,11.275840339750285
123710,5.555085494743145
123711,8.310862193883441
123712,7.195362649400835
123713,9.130124985427184
123714,9.417049840005792
123715,11.836739517254387
123716,4.32871822418283
123717,6.07779531871725
123718,9.14104496611348
123719,11.595585793462261
123720,5.663251911848937
123721,10.458406700695287
123722,14.451012448679716
123723,9.393197803431153
123724,12.40947470000559
123725,6.450671684822534
123726,9.512611632385461
123727,8.704951757309633
123728,7.276689981222996
123729,11.391715697727864
123730,7.301603528034178
123731,9.019963931990645
123732,11.974013148881456
123733,10.235675546324021
123734,18.447508716140554
123735,6.1832660884495585
123736,14.061972794653553
123737,13.307576332802052
123738,8.331082556209518
123739,9.800892919034343
123740,6.175385745909493
123741,13.97387759186079
123742,7.313181201543577
123743,9.591713541957267
123744,16.021009130574765
123745,8.853072522787688
123746,9.308666873662329
123747,10.582219605336164
123748,9.86843771998397
123749,11.002509749227695
123750,9.657824706692283
123751,6.305567210692695
123752,8.98037483707094
123753,13.741093171712762
123754,11.794716139038432
123755,7.616865974930716
123756,10.307143690213787
123757,13.422705528951274
123758,4.128509167570027
123759,11.293761596597996
123760,9.499966735239205
123761,9.482457632392675
123762,11.876024265495596
123763,8.853850082840932
123764,13.19354572920054
123765,10.279647305167297
123766,9.760425982535423
123767,12.009214405835468
123768,17.464589975988083
123769,15.111446670416896
123770,5.2527694307674215
123771,9.175118957187518
123772,9.233501743799854
123773,8.194030114335531
123774,10.04532083961109
123775,9.835685841527019
123776,9.856946743097026
123777,4.220138942467403
123778,12.0426813160847
123779,12.492568459392773
123780,8.513235854443334
123781,9.362977135967604
123782,5.208684581601136
123783,5.5901169807107225
123784,10.32906527215766
123785,12.023107208239576
123786,9.281199677315865
123787,10.090390942821436
123788,13.779198140815023
123789,7.432548909706474
123790,11.897968989069819
123791,8.980542418129566
123792,10.609162155312896
123793,12.220037114501924
123794,9.995769365036164
123795,9.282481185012823
123796,9.479896557334824
123797,11.948442132532474
123798,11.283700356032407
123799,9.944786918268798
123800,9.74329456981622
123801,10.798903067048306
123802,9.2399756180926
123803,10.592685712146372
123804,11.251608400924322
123805,7.024249864755167
123806,8.365921002844555
123807,6.924292528744497
123808,9.415150634749828
123809,10.94525983217167
123810,10.438514880119644
123811,10.052202721102011
123812,9.992989852325389
123813,9.337127060497487
123814,8.83217628395303
123815,4.486402620377299
123816,9.69373968404404
123817,13.483941887825264
123818,8.294568089042532
123819,8.877677053386957
123820,11.50611717731179
123821,11.653978665467404
123822,5.601283018553079
123823,7.463178598971922
123824,7.676044866362039
123825,12.082598224988192
123826,7.642651490632636
123827,8.066366892791942
123828,7.746035648900471
123829,11.989251583887484
123830,9.0094120065976
123831,10.245178984117784
123832,6.068028061314676
123833,4.5362735029309
123834,14.898708722564654
123835,8.163449513263123
123836,9.761898028188043
123837,6.692147217214114
123838,8.726575741144554
123839,14.276301001250687
123840,13.104254984483953
123841,9.826189169236716
123842,10.561486373533736
123843,5.942185712251526
123844,7.138115894899822
123845,7.86558725985321
123846,5.4029045777500935
123847,6.710627701571385
123848,9.829236504748408
123849,10.277108114260562
123850,9.496127155521814
123851,12.016742562591906
123852,12.343614760643215
123853,11.32308289521814
123854,10.89813950034932
123855,8.811118844151968
123856,8.09301604518831
123857,13.666505139371106
123858,8.787341608667523
123859,10.716122347681564
123860,10.555756036354293
123861,13.16575980559217
123862,9.53280498827542
123863,11.289025400222437
123864,9.47312833449232
123865,7.026083304507745
123866,12.270407964120807
123867,10.818363058883666
123868,10.052680450714778
123869,9.172256341121773
123870,8.356519493668863
123871,11.49152624375427
123872,10.226695727052848
123873,9.308524491790703
123874,8.512758752226627
123875,10.260296190119075
123876,6.316775169305053
123877,9.499657528529088
123878,12.906971322579173
123879,9.04680913865219
123880,7.60083509353654
123881,12.053990053546707
123882,12.679149055989066
123883,9.262545687530388
123884,8.510493453708884
123885,7.220257300385592
123886,16.269404856780987
123887,11.4122546320166
123888,13.640197817464028
123889,15.782843074502432
123890,11.573235389440686
123891,7.631837748608477
123892,8.459966998281931
123893,11.975004652341422
123894,15.526733112713762
123895,8.824916225258036
123896,8.093562532189383
123897,4.390621367893031
123898,7.595869673811762
123899,7.736703421534007
123900,9.043726441010765
123901,9.665879415625039
123902,10.47894286825623
123903,8.819192619727534
123904,10.321812195884654
123905,4.915933148106054
123906,6.92931231815475
123907,8.786720892279602
123908,12.013050150080257
123909,6.151686023083252
123910,11.980902739848528
123911,11.352264920827718
123912,9.16670674626725
123913,8.070423410749251
123914,7.122673650673882
123915,6.4468601935137375
123916,7.467633393798925
123917,10.22562059864649
123918,16.3026751444827
123919,9.118381075107546
123920,8.487373389896035
123921,8.273796903167158
123922,11.958674351659383
123923,9.66609349825006
123924,14.773844833445992
123925,10.059852199573223
123926,11.51971226570548
123927,15.43475069616749
123928,11.257505056398042
123929,4.468306153554242
123930,9.78313273001523
123931,10.810593578285197
123932,11.431000383910245
123933,8.181407029279418
123934,16.78772527079348
123935,11.243090293935264
123936,6.451925233375507
123937,3.9634825801500604
123938,9.582990203232768
123939,5.797936219934963
123940,9.473181455304225
123941,11.240137544141081
123942,8.324133299805089
123943,7.247878378404394
123944,11.347734345002273
123945,8.82946031425669
123946,9.0191489823073
123947,12.700777398534294
123948,6.705621822874558
123949,11.792654751328602
123950,8.153830077815456
123951,9.997630079020961
123952,11.744882135573016
123953,12.787477738388436
123954,8.406942200206442
123955,12.233426669509033
123956,15.215099428998561
123957,11.319892413747514
123958,9.615228889508774
123959,9.127781990254432
123960,10.248528306731398
123961,11.099411185183556
123962,10.907324503449676
123963,11.523853017679395
123964,8.54142516587122
123965,3.9801100388552144
123966,8.518226949410295
123967,9.0830112297233
123968,9.49088497946072
123969,9.610616595370104
123970,5.959312879336036
123971,11.316790356965225
123972,11.819470855010639
123973,9.66981754538492
123974,9.059037079141369
123975,13.110245210993629
123976,9.253281887047674
123977,7.698813043696399
123978,11.853430466904573
123979,11.338318649465617
123980,8.558158521048448
123981,10.653463802913686
123982,12.174959337106728
123983,9.036408915151393
123984,7.352931142908187
123985,8.933726379905156
123986,6.333079663165508
123987,8.934334673310355
123988,7.603651554798859
123989,8.480232794816972
123990,6.890349748816469
123991,3.979179280050036
123992,15.526157678971941
123993,13.954989759879268
123994,13.04179154034999
123995,7.199870480184503
123996,8.132726348742123
123997,7.443982624458341
123998,12.177401246251817
123999,11.174112492509302
124000,11.041097768051031
124001,9.232432662353016
124002,11.081725339516975
124003,5.5505004762227275
124004,9.57370011752187
124005,9.55757214003891
124006,13.052277852300818
124007,12.619631034251316
124008,6.785926918907682
124009,9.615077502866695
124010,12.633992413050358
124011,9.812517264620476
124012,8.60269330343813
124013,9.897341633065427
124014,10.328178296499306
124015,13.826365571143143
124016,7.427780980781132
124017,11.383328844871698
124018,7.5327541286637985
124019,11.070549039581064
124020,12.583315807205398
124021,16.39053236618217
124022,8.582473363890902
124023,9.638933939273068
124024,9.731627843890553
124025,8.387766731876514
124026,10.371669700404697
124027,10.021137226646747
124028,7.966680061719219
124029,10.923388694986219
124030,9.65840802993908
124031,8.25216827989579
124032,9.218964790855336
124033,11.303869761973662
124034,13.862913781833793
124035,11.294954714970988
124036,7.410988207468638
124037,8.126315754091788
124038,10.589471367902927
124039,8.061586112173533
124040,9.845771302187417
124041,11.596064140869554
124042,11.63078023778298
124043,7.021603610702057
124044,13.86822274037855
124045,8.739455399722567
124046,4.6477907461468835
124047,7.233217357755859
124048,9.336324677214947
124049,10.50362049287845
124050,9.967091559700421
124051,8.95641118409324
124052,9.412831489510054
124053,9.793739660603462
124054,5.83791794273975
124055,4.134790517852361
124056,8.330812934397505
124057,10.541168439852033
124058,13.888166989465038
124059,11.627937839496365
124060,11.510873570397687
124061,7.255952842164236
124062,5.116510455446762
124063,9.225662422044229
124064,4.699595145656707
124065,11.959704907420932
124066,11.648661006461525
124067,9.07154693655716
124068,9.237016638449322
124069,10.267639785894668
124070,9.16223965096942
124071,9.66194919640582
124072,4.45965397589361
124073,7.331791563701449
124074,8.070642321451142
124075,14.7080547910578
124076,10.225352262737088
124077,6.924200274520549
124078,9.373593121711993
124079,8.366347506069
124080,8.765853253232955
124081,11.245600059941543
124082,11.153103431980739
124083,11.495837719819253
124084,6.365454686260925
124085,5.365027612356101
124086,8.72313495016949
124087,4.645082774736409
124088,7.533016723165986
124089,8.663801834707254
124090,9.579271587006403
124091,9.805992613101365
124092,4.777478545684088
124093,5.843289617055944
124094,8.777336847605044
124095,9.432837610443222
124096,10.115428365813443
124097,8.584447366844154
124098,7.638050185402905
124099,11.12801859924934
124100,11.07937472514333
124101,7.776419688278452
124102,10.700479407521943
124103,7.886101688269385
124104,10.133512890013309
124105,9.442027459875241
124106,6.889757079011889
124107,7.455188767441447
124108,5.383921082955359
124109,4.380020828738319
124110,9.929887889464466
124111,8.744307185593712
124112,12.48819623922398
124113,9.590295336904438
124114,4.192908348761862
124115,11.363094216479684
124116,6.398280909793001
124117,12.527202321386813
124118,9.887229678408769
124119,9.979768016179886
124120,10.460702068577376
124121,12.684669708754265
124122,9.38821864909454
124123,11.94987491176765
124124,10.22325979406103
124125,12.926652795036016
124126,9.608780170828954
124127,9.625959310236459
124128,12.085525229611104
124129,9.82536683975121
124130,7.115787791282543
124131,7.041935826382233
124132,11.075155501771475
124133,5.5056102691218225
124134,4.877536110040833
124135,8.393902517306213
124136,13.074072555528932
124137,7.455140036767898
124138,9.610981169599095
124139,6.394599734038075
124140,10.242188466156259
124141,9.960918957412098
124142,9.500386302730462
124143,9.683955361011037
124144,9.704915820424068
124145,6.210990340317954
124146,9.60463256688676
124147,10.692606755358218
124148,13.66294244618137
124149,5.740345450548175
124150,10.906254170091216
124151,8.85378361109043
124152,12.69096900537951
124153,3.980096715459054
124154,8.860391044212786
124155,7.814430846218585
124156,7.654674376453803
124157,9.069195729484376
124158,10.233054870625548
124159,9.045254147459275
124160,7.856339413636962
124161,10.24855532699264
124162,9.103340589545654
124163,12.5095488745573
124164,7.903712612683454
124165,9.510556255166811
124166,10.425489103343818
124167,15.3605956948185
124168,7.299422943589166
124169,9.811986390142264
124170,14.447425854769824
124171,12.575979864479422
124172,8.558332958635344
124173,10.838620578951396
124174,7.690013278336755
124175,8.79024654860779
124176,8.540255077387801
124177,8.895484606718533
124178,7.135025572098347
124179,11.796305172378322
124180,7.060766252647902
124181,7.66619813292292
124182,6.200857610458907
124183,11.8970694507762
124184,8.947861709067064
124185,10.42155894431237
124186,12.37546816483148
124187,7.685610019115776
124188,12.107246225709325
124189,9.5200070289309
124190,4.196430729082075
124191,13.893870347231575
124192,9.044657197125956
124193,8.603488968857727
124194,6.186658658698458
124195,9.335217275554713
124196,6.942343287686718
124197,12.27035113848798
124198,6.260520479968944
124199,8.120257917463622
124200,6.461073708534246
124201,5.525504107922664
124202,7.005321617257553
124203,7.204711558867247
124204,12.928112357549017
124205,12.119869119382383
124206,8.727754572842237
124207,6.855894775372775
124208,9.451005369997603
124209,8.445993455733785
124210,9.458062927224969
124211,10.670295359936558
124212,7.375758372118794
124213,7.400703519590297
124214,7.147485649435242
124215,8.048531605868941
124216,9.249107607499452
124217,13.401964656992572
124218,11.870531141230856
124219,5.704787836281762
124220,9.000716562714725
124221,9.27180503737714
124222,5.079014843220364
124223,11.536087490986441
124224,7.197452105751445
124225,8.674162063216315
124226,10.034702724162594
124227,12.076823930833887
124228,10.140070918396047
124229,4.397352110010954
124230,7.928107133971077
124231,15.798272151459079
124232,9.479585269243174
124233,9.713483458536023
124234,6.636213352076508
124235,8.319024941203173
124236,7.225245246363505
124237,10.582502291127302
124238,11.371114663649145
124239,9.748601781549258
124240,17.63080532777938
124241,8.984563947356534
124242,12.996209697079419
124243,10.01337808632826
124244,9.251773745366393
124245,9.410629108329484
124246,11.002379655521803
124247,10.577427869820806
124248,14.663129014846504
124249,4.967731072921589
124250,8.01032572939597
124251,9.864147854356087
124252,9.203040600435035
124253,9.099796445499388
124254,9.375027795021406
124255,9.0396458705407
124256,9.867381946796355
124257,7.1137568368385455
124258,14.523998526753767
124259,9.954620055215262
124260,9.834799730565646
124261,10.95893197749233
124262,9.589475940378103
124263,11.534933862930213
124264,11.369957076950076
124265,5.130247714214092
124266,9.53336873870942
124267,9.757886449079939
124268,6.20708979056046
124269,9.954568075715807
124270,7.965725246587579
124271,5.718775519565541
124272,6.885865680488392
124273,6.754764554326724
124274,10.87539176461762
124275,8.758867418675734
124276,5.9052767518524405
124277,12.785318620341801
124278,12.25784850699343
124279,6.176554353774877
124280,11.000962046834424
124281,13.185027122596367
124282,6.507373184614072
124283,11.663416173779947
124284,6.210645460885818
124285,9.16063275328262
124286,9.227484204731141
124287,11.31104834067674
124288,9.51714977736888
124289,10.247345350788905
124290,9.342402642294436
124291,10.47947439487416
124292,11.677073179925433
124293,7.882536664238215
124294,9.66615765714642
124295,7.718366158865363
124296,4.786290912743672
124297,7.206376982558451
124298,12.66412093005939
124299,10.114804703960749
124300,11.048833203942147
124301,14.483069071888815
124302,10.425250564752996
124303,12.273466360465326
124304,11.629475613338078
124305,10.303027754338512
124306,7.037743461412385
124307,10.837723871195873
124308,8.084439756870648
124309,9.222605075221255
124310,7.073477650588018
124311,10.836475205270238
124312,8.467632136927744
124313,5.790581602961151
124314,10.87999354201203
124315,8.861691639467372
124316,11.793763954075146
124317,12.572990349623506
124318,8.529586156841155
124319,10.493596300236302
124320,9.043461320440835
124321,8.475698727559523
124322,9.065811333079058
124323,10.794310028989967
124324,10.879882893906608
124325,10.417952259652528
124326,8.214984341245207
124327,10.996730712881549
124328,8.852457226477645
124329,11.111485723885398
124330,14.236649742965596
124331,14.119367236873192
124332,9.218165749320628
124333,11.899563216255405
124334,11.402436641459431
124335,7.419838624025372
124336,7.730369840860118
124337,14.181902305417896
124338,9.025561478884226
124339,9.120429412577398
124340,11.486362620057054
124341,6.887288970741217
124342,6.6746598548488665
124343,12.368075947438923
124344,9.373550495474353
124345,7.619120049628533
124346,10.750818201279111
124347,8.425034290329949
124348,17.149733245408477
124349,9.199690588031554
124350,7.581288598417055
124351,10.597293893991026
124352,9.506486838236603
124353,7.01107892049257
124354,7.044074994447209
124355,10.1503196640338
124356,8.649867069211936
124357,9.63086751136346
124358,11.811549777741893
124359,5.575513608533193
124360,9.707001398403788
124361,10.320293828640757
124362,10.465176162382543
124363,7.484216242036739
124364,12.01346894171466
124365,5.051145136080902
124366,9.75598035471885
124367,10.998490633650613
124368,6.6457651760226515
124369,8.558004722921549
124370,6.234731352508776
124371,11.842641906392027
124372,9.499181464160841
124373,4.263293544063382
124374,12.083071503012157
124375,7.416629748046256
124376,12.389924408513387
124377,11.704182655997723
124378,9.271049455430049
124379,9.821629892135718
124380,10.662819721083435
124381,8.982079064358508
124382,10.376413244509086
124383,9.132517619727928
124384,11.808611944522953
124385,10.357672960534135
124386,12.06693709602534
124387,4.914620095781265
124388,12.272326842502922
124389,6.116919435391415
124390,9.28339805441025
124391,8.156873794838091
124392,8.199042651425852
124393,11.654354145832212
124394,9.937242325547663
124395,9.25899117145997
124396,10.338985543845064
124397,8.758602276056468
124398,10.992767057531305
124399,6.0457292794419875
124400,12.497542178779595
124401,9.260220821163028
124402,9.662708028885202
124403,6.292221044722818
124404,7.12919476420168
124405,8.587310146947479
124406,12.791180120521762
124407,9.34975998007516
124408,7.535181437007123
124409,12.809557973862189
124410,10.820933071288081
124411,7.341728737168653
124412,9.005439838478228
124413,10.247137452523353
124414,9.353383983283765
124415,7.4617396829954314
124416,6.1069644233978595
124417,9.59771068127678
124418,12.085300225513688
124419,12.620669869020984
124420,10.23229846692686
124421,14.395677934935495
124422,9.903078415246483
124423,6.662800636374925
124424,9.943285068023751
124425,11.57865346493828
124426,5.568794512896933
124427,11.461177930861272
124428,9.88573495027582
124429,9.718718747455535
124430,8.279967339298688
124431,5.6551373982686
124432,12.392831135320268
124433,11.807045172114961
124434,11.450770220772814
124435,9.903816341918725
124436,7.474290357059144
124437,7.466997658836313
124438,10.184217137718466
124439,7.157372606694897
124440,10.431147118842816
124441,10.01294390700463
124442,7.825463458380256
124443,9.737679411984852
124444,8.818272411716656
124445,4.037861526156595
124446,8.45295620638861
124447,9.716476586493183
124448,13.731927899030165
124449,12.09389047661882
124450,8.702764573966961
124451,9.565777313381943
124452,11.551411088714683
124453,9.077215050839223
124454,9.931181548640833
124455,14.504861388101753
124456,12.565710177544098
124457,8.989235122975384
124458,11.630698899023674
124459,11.11867366037647
124460,9.153597339232089
124461,7.928859381017213
124462,8.163403292154415
124463,9.580860865084286
124464,9.418853661576389
124465,8.168988723497964
124466,7.593521487612074
124467,7.923089539671089
124468,5.104316822068472
124469,11.552467805919745
124470,11.023421692971016
124471,10.204538009364464
124472,10.487692188777853
124473,9.480973472300239
124474,7.149582397368688
124475,7.7172002685192895
124476,14.221107070530977
124477,8.231443421585714
124478,10.003859480531062
124479,16.506110153357046
124480,9.81340875293832
124481,8.15895916625874
124482,10.351887460660814
124483,11.26804625642127
124484,10.049313063265373
124485,9.519772437657924
124486,9.463828319422234
124487,15.484378238901394
124488,14.621980034469086
124489,15.823421662267915
124490,10.834658565151386
124491,12.112001913117615
124492,14.627756212401474
124493,10.214557616250802
124494,6.530081476420278
124495,13.6832999387258
124496,11.108186301671784
124497,10.95051779905984
124498,10.46001525458113
124499,10.72011847010088
124500,9.268024801485568
124501,9.802895277174084
124502,9.756166446796177
124503,9.350596114829937
124504,10.491768561986913
124505,9.772136683931222
124506,7.6075120220045065
124507,13.134969448205558
124508,6.779325243004247
124509,12.463888577980656
124510,9.788068196006922
124511,15.561447340977427
124512,8.868775516081788
124513,9.696265197973213
124514,9.443828222483052
124515,11.45030219439724
124516,4.646252150063639
124517,8.740192575787082
124518,11.767438089906713
124519,9.138934315769857
124520,10.211532589963
124521,7.878306853623454
124522,6.70070882187859
124523,6.29505168074912
124524,10.76743074670637
124525,9.80181114940827
124526,8.489245777617677
124527,7.9825079697143195
124528,12.059000038427374
124529,16.14464176795782
124530,11.078882876814928
124531,7.758157229299269
124532,9.027341023148137
124533,9.983974411191678
124534,9.3745307719539
124535,15.241009103287217
124536,8.007400885538438
124537,10.70558581462226
124538,11.570344382919206
124539,9.789183610081711
124540,13.184155115124165
124541,9.775487679119284
124542,15.02544721763729
124543,7.318155534750005
124544,8.811777505482503
124545,9.634984169391206
124546,8.135903300762326
124547,7.015453189934428
124548,12.061769578593786
124549,11.502280337285807
124550,11.22717622422016
124551,16.601322519304915
124552,8.288494744040298
124553,9.519595368686131
124554,6.702578680422467
124555,11.138881258786915
124556,4.174792096755935
124557,5.615607621102337
124558,10.8393389218812
124559,12.14862339572034
124560,9.455496270201511
124561,6.443821876663509
124562,8.78007872775283
124563,9.097469236294042
124564,9.989395124184112
124565,9.14254548765877
124566,10.002365453929798
124567,8.762036875095882
124568,7.436803829968089
124569,11.859933119232288
124570,5.152361394512288
124571,10.206927642012818
124572,9.06449869674118
124573,11.933460216633023
124574,9.57025521532802
124575,9.69509791148825
124576,12.62961383536817
124577,10.029336617395575
124578,11.12423132655149
124579,10.135163549392818
124580,7.017686621480334
124581,10.616134570401915
124582,5.039250186263557
124583,12.22404087036123
124584,4.059172318680653
124585,10.478508484837185
124586,7.168033277056567
124587,12.890594219819462
124588,6.681932669640768
124589,7.163368743347634
124590,9.423355484141691
124591,12.870661379562211
124592,7.527817022102319
124593,14.053236145840268
124594,6.362285999663063
124595,11.439158112086645
124596,10.308522351993691
124597,9.308069610475643
124598,8.277189104631464
124599,11.711837470442228
124600,8.644144526274662
124601,8.08635595089287
124602,8.408008956669146
124603,4.460987217864927
124604,9.085502038627183
124605,9.24878372587915
124606,9.396782114031064
124607,6.680524329100824
124608,10.092071741968834
124609,9.123547795578233
124610,8.130150325463555
124611,7.424649298083949
124612,7.453527477681348
124613,11.950968023553722
124614,8.898450797353927
124615,12.375487771519456
124616,10.560479673976058
124617,11.083276764472936
124618,10.934739817176142
124619,8.76556508883392
124620,10.197604389665502
124621,5.282772328560254
124622,7.6623473979786425
124623,9.993709116849923
124624,9.96711218121985
124625,9.354567628608947
124626,10.538010532828038
124627,9.315885459702384
124628,9.661995352837426
124629,11.399678198253353
124630,12.33576143973436
124631,7.68345776759473
124632,11.090322506138122
124633,4.21356268979645
124634,10.317722050487614
124635,9.900461897858847
124636,7.473623073727465
124637,8.78854489414734
124638,9.000717344176303
124639,9.360180406392852
124640,10.109107028162404
124641,7.862269639319981
124642,8.872861441914692
124643,6.540638303207485
124644,11.150365812955162
124645,5.527315356200326
124646,10.485093495571476
124647,10.897145163847583
124648,11.34751250952831
124649,5.438653514699665
124650,7.9238616856317865
124651,11.960495769623886
124652,13.944927185234553
124653,5.88203448287693
124654,11.699398437233176
124655,7.0237964878667025
124656,8.808703871781798
124657,6.12362197468979
124658,9.932918424230618
124659,14.03506904252879
124660,7.956134938044923
124661,11.421718507819735
124662,10.503028112790554
124663,7.539596526407559
124664,7.486469486031401
124665,12.586660558392902
124666,12.396637957647465
124667,9.153569538028766
124668,9.58167337391177
124669,8.626022926883055
124670,10.820258693510894
124671,11.71349531258615
124672,8.648974676287782
124673,8.76578972202628
124674,9.030570473662774
124675,4.47053447521864
124676,7.974574186444508
124677,6.853399417737981
124678,8.287521273568597
124679,13.41580804950039
124680,4.936934252882244
124681,10.09675732003575
124682,13.17004888283087
124683,8.794903812347195
124684,4.773798637235278
124685,11.753468744043829
124686,9.75921338872036
124687,5.4852953402843125
124688,8.225766056500419
124689,7.802977582619398
124690,10.895635089380068
124691,12.533288669648613
124692,11.403903060423787
124693,7.852919959004192
124694,7.993254455346315
124695,9.822063097177718
124696,15.566440074250178
124697,8.987576061722999
124698,11.49350079361252
124699,10.632400511043219
124700,9.679312687301461
124701,11.530175143239806
124702,13.101971340273
124703,12.85452176795106
124704,10.874130802756785
124705,14.09721005100352
124706,11.820327804667746
124707,7.276194736953643
124708,5.994126996988484
124709,10.668237343440747
124710,11.073377944805127
124711,14.066988126802315
124712,10.34467245612584
124713,8.20121668083121
124714,10.894034099234252
124715,12.796878716744684
124716,5.235180376544027
124717,4.800550518769968
124718,9.590762995766264
124719,6.947326718943313
124720,9.44900978747189
124721,6.698659304381446
124722,7.430563866761771
124723,8.61486949303374
124724,9.61773182290785
124725,9.223715227583678
124726,10.114366061203171
124727,10.83920988562792
124728,11.64374198306921
124729,4.904622508365103
124730,8.167846458893084
124731,12.797561857346953
124732,7.76032141309147
124733,11.671153008908975
124734,9.368188142656734
124735,17.390420791603404
124736,8.08188280255856
124737,7.76509684811608
124738,10.633563941836673
124739,9.445542622759511
124740,11.130679350983229
124741,12.807658459480018
124742,10.214666663972375
124743,6.157407472046094
124744,7.36235268139117
124745,10.933109088563317
124746,15.878480029697164
124747,8.444301068937056
124748,11.13758312463429
124749,10.444862410763314
124750,13.805022250898034
124751,9.45582387250251
124752,10.766396840155453
124753,9.647675381967892
124754,11.076609349306443
124755,9.92345869851361
124756,10.564466390949622
124757,9.598892202481878
124758,10.308811786564966
124759,11.103864170540962
124760,6.97000599656464
124761,9.987038222796958
124762,8.957489661667848
124763,7.6922497483061125
124764,13.07903169660625
124765,9.712548265184768
124766,12.638227036742725
124767,9.626395279055313
124768,7.085530466320992
124769,15.167990759034627
124770,7.518902346298296
124771,8.80250880647689
124772,10.19488499206193
124773,10.545261188757042
124774,14.582685578617463
124775,16.54973049411336
124776,9.49480000674265
124777,9.076139254342598
124778,5.8457195750467905
124779,10.940724623551372
124780,11.374113149118804
124781,10.823943219205336
124782,9.116470425890167
124783,8.659670782975294
124784,14.283534551316261
124785,9.546348760458391
124786,9.92222657590384
124787,6.8040444952256305
124788,6.134424240871114
124789,9.62882807817328
124790,9.859317654493022
124791,10.433015692257834
124792,6.1386563087673025
124793,9.318092472059442
124794,9.093943238914271
124795,8.108836059311805
124796,10.930148647912489
124797,10.839612285789048
124798,11.631146524649276
124799,11.625672652368511
124800,11.250070004230475
124801,8.215362689938537
124802,8.183295156375266
124803,10.388821673463962
124804,15.110095014257809
124805,10.397253732011649
124806,11.587720869161707
124807,9.816015002835758
124808,7.8495444665706575
124809,8.844220099396562
124810,5.98102819483545
124811,8.995104581210164
124812,10.38683209460143
124813,9.464788881370888
124814,7.041635811609309
124815,9.379120218036919
124816,9.430259987574692
124817,9.837740189435282
124818,9.736447554894415
124819,7.51480774016937
124820,6.1763079948015225
124821,9.277396757829155
124822,6.730600041209823
124823,9.988158757047646
124824,7.962247345006887
124825,9.182192376073264
124826,11.119090195018
124827,11.622691969390257
124828,8.586344085886541
124829,8.31296629120052
124830,7.720317374756116
124831,9.87562172494823
124832,8.24207388197791
124833,9.163429293922048
124834,11.222706471946472
124835,11.999496965036032
124836,12.186108351419033
124837,11.238276936714048
124838,9.552336284091231
124839,13.022329264177774
124840,11.377459120047051
124841,6.185522629296097
124842,5.703103865297146
124843,7.789382310401375
124844,10.438748078138198
124845,6.5815872710054055
124846,10.30959837217431
124847,6.892075133523757
124848,11.106755514611587
124849,7.285029789658539
124850,8.669479064390574
124851,15.948211246719955
124852,6.972378845395022
124853,9.273964948321366
124854,10.378866818485639
124855,11.253486931874079
124856,11.362666559401259
124857,14.232016151476838
124858,16.13349532342461
124859,9.648722889749374
124860,9.124492388227173
124861,10.362647578709257
124862,12.303298897265915
124863,8.245792311392005
124864,5.794596695897452
124865,7.373757215835191
124866,9.489155949485944
124867,9.467218656812637
124868,11.23180130948327
124869,9.370320859687611
124870,13.361123331319238
124871,9.50181430079065
124872,12.936431679071706
124873,14.241613342508453
124874,15.202317475550439
124875,10.258089275628503
124876,10.844563231496801
124877,11.130181999944693
124878,9.391441600116586
124879,7.874589896574622
124880,7.070007374904395
124881,10.286765196749304
124882,11.430491464070872
124883,5.708381101778999
124884,10.215378985608414
124885,12.682078977749745
124886,10.784728650471532
124887,9.224060690469232
124888,15.861426386144933
124889,7.477759843815005
124890,9.677753184755463
124891,14.648436248371905
124892,10.975896753905934
124893,10.893600582637262
124894,7.0961891105265185
124895,12.232132763993054
124896,9.882880364438
124897,5.568173988195104
124898,12.219638249810927
124899,13.106168752467983
124900,9.569936015225737
124901,15.315557926132396
124902,9.29622863676457
124903,10.911563311691845
124904,14.930735189472824
124905,11.093185232065917
124906,11.188522087668916
124907,8.862096242768356
124908,7.708569475106579
124909,9.260459933348
124910,9.08618543409116
124911,13.123119349790537
124912,9.075880048023294
124913,11.582650995923165
124914,9.578839763121906
124915,6.857915498718417
124916,9.927608167927081
124917,9.483519899284525
124918,10.710795592866717
124919,9.09405759497292
124920,6.6337088345656925
124921,8.869289340922762
124922,8.187519862374364
124923,9.529747007953496
124924,11.428160868596208
124925,8.433838984278207
124926,8.111284500773113
124927,10.409098734765779
124928,4.9649329251004115
124929,12.81500261489715
124930,8.943955772498981
124931,7.847668132340428
124932,10.086528397566306
124933,7.668828203663973
124934,12.419780135237684
124935,5.804853568093017
124936,11.952355488166813
124937,15.556439522105544
124938,9.440516892159746
124939,7.212153925453182
124940,7.567007285001955
124941,9.001066009775705
124942,11.72108422319651
124943,7.524107906084555
124944,11.317030073609434
124945,11.827775939773002
124946,7.831033801868438
124947,16.237418357568256
124948,5.622986767815924
124949,10.948830208761361
124950,9.742489127308648
124951,14.633987850191355
124952,6.922114893691782
124953,8.065468205284324
124954,8.78613390373145
124955,7.5154144742888604
124956,11.243424525053786
124957,14.293502281929028
124958,9.164985722159269
124959,10.468104424212267
124960,11.184884398334882
124961,6.549365543387319
124962,9.732891604384518
124963,9.266233946643917
124964,9.603885816053094
124965,9.1723979076022
124966,7.766088150443585
124967,9.796849133443121
124968,11.685374401365099
124969,14.651227613897404
124970,7.91185814348577
124971,11.302845111064743
124972,6.705100597467599
124973,8.599408730630703
124974,11.190863116876377
124975,7.156932815266915
124976,10.602991265757462
124977,8.763238065441563
124978,9.327557802456877
124979,10.800394778117317
124980,6.949380774175024
124981,9.479044391427006
124982,9.690021494517264
124983,7.07748116731816
124984,8.522803168864764
124985,15.25019127700738
124986,8.176743837944839
124987,13.65736877548
124988,9.344292542485507
124989,8.88591565880092
124990,10.780861069471309
124991,10.65852161943063
124992,7.545892464284267
124993,8.099740992844227
124994,4.149110938208795
124995,6.925277239591095
124996,9.702324115444199
124997,4.034462582295605
124998,4.538942129542315
124999,6.9016512766740075
125000,11.377167364566919
125001,9.87026858116383
125002,9.901274182225063
125003,4.756595964999377
125004,5.2246599151549535
125005,9.106652847692308
125006,13.14512772379491
125007,10.745916672228727
125008,8.140842886710251
125009,9.834404350050956
125010,15.653086814662222
125011,9.522384955165663
125012,11.03630710686515
125013,15.442098496731797
125014,14.721390270511199
125015,4.8480084875562515
125016,7.406936944910578
125017,8.648243243000874
125018,10.970850086034186
125019,6.515613346628896
125020,9.593216946591351
125021,13.287774077300849
125022,10.796697083781506
125023,10.977305701336615
125024,7.71504641436039
125025,8.230081004798155
125026,10.558144761335438
125027,10.469648606177538
125028,7.910031496098957
125029,8.053434577511391
125030,9.575609652913277
125031,9.204975345690992
125032,7.858802692414176
125033,8.739869367790908
125034,6.5130935432731505
125035,8.418633530146314
125036,11.293008952933814
125037,10.452807611042338
125038,9.094123103000772
125039,9.823298614490415
125040,10.10823672031612
125041,8.299134723324062
125042,10.438635931829449
125043,9.272662493562398
125044,11.308423316229065
125045,7.612841957149291
125046,12.976326356386867
125047,10.541354944294508
125048,12.678272411024551
125049,7.26287982538052
125050,15.260730452677759
125051,5.077648726279529
125052,13.591811019405219
125053,10.286676151044599
125054,8.946791784371651
125055,11.789870855188578
125056,15.285041092930319
125057,8.598325094449436
125058,10.189371488602735
125059,16.559502732063937
125060,9.805173286785248
125061,7.974684184676245
125062,9.915679071135598
125063,8.89703882351129
125064,9.790890749950949
125065,7.485561223746098
125066,8.696233227370513
125067,8.18161304069137
125068,9.518903561910246
125069,6.518812601137
125070,8.907094385636313
125071,10.592173425974888
125072,10.325462498920837
125073,12.737220638007145
125074,10.600143791057631
125075,9.61881288847295
125076,9.09515740973342
125077,7.175658353834872
125078,5.438781385140553
125079,4.739420615360092
125080,10.524314622383292
125081,10.493808965992315
125082,14.718475320189
125083,8.116164435628837
125084,8.795325930759248
125085,11.459264692770244
125086,11.116465912167143
125087,11.403694097637471
125088,9.297554585689797
125089,8.725497573213802
125090,4.6413550963728065
125091,6.59291280205436
125092,7.1547535841024175
125093,6.477688177503187
125094,9.021301114431603
125095,11.85556667910611
125096,7.121161157621347
125097,9.524845676771282
125098,6.1965536639010255
125099,9.702597638569669
125100,4.458655323521903
125101,11.120036558225703
125102,6.699172158087547
125103,13.232420210282868
125104,10.921685012262886
125105,10.550939835573
125106,8.294295771787612
125107,16.71229149730268
125108,17.03930207186386
125109,8.716407502183184
125110,6.984898328328522
125111,9.328653847596215
125112,10.059508914346322
125113,9.480122862522405
125114,11.73738202158774
125115,8.329736015876486
125116,7.272198919673322
125117,8.969634976903588
125118,9.811754764583247
125119,19.6451680991849
125120,12.567785713018864
125121,12.833920904619097
125122,9.493273490785821
125123,12.29880629119964
125124,9.80383477317624
125125,8.319831842022802
125126,9.698667591815475
125127,11.205094114741495
125128,11.82372893073966
125129,9.286183739088036
125130,9.116027678663544
125131,8.526972716547368
125132,11.855356361200544
125133,7.14192577022154
125134,12.349503998078884
125135,9.399684840434778
125136,7.851291238878618
125137,7.910617699730331
125138,9.732453244029177
125139,8.985428000123424
125140,9.242559777072994
125141,11.137483180020139
125142,7.76837245432407
125143,8.98126222277369
125144,8.19947335104644
125145,11.530992624984611
125146,9.557829231511047
125147,9.342446465888148
125148,11.351043444974469
125149,9.775979641199164
125150,11.016109558785194
125151,12.3204122050694
125152,6.833489616822993
125153,12.837767835078386
125154,11.506891503463805
125155,8.147524574717954
125156,10.749591362621238
125157,11.445468571079749
125158,12.319191546542601
125159,9.286412680139943
125160,5.005678724432606
125161,7.925319720933142
125162,4.534274733478171
125163,8.184785903595102
125164,10.929876959767842
125165,7.2201831469390125
125166,11.24762365258737
125167,9.969135491843186
125168,9.0705564871584
125169,9.054914287769584
125170,11.364971576503097
125171,11.011263239257921
125172,6.201390131109283
125173,10.722936772844381
125174,9.630785337475174
125175,7.984625888789606
125176,10.005828186620578
125177,10.727257118327117
125178,8.149615249365773
125179,11.038454753909502
125180,17.949232626521667
125181,7.505935750775689
125182,4.801624880543207
125183,8.29047053536397
125184,9.192925702292971
125185,8.65880595312858
125186,11.84456297366545
125187,9.801551354533666
125188,7.919466655357462
125189,4.703231134381385
125190,5.022103567988249
125191,14.253133065529857
125192,8.62809206641401
125193,11.969508388301955
125194,11.126864963342921
125195,9.810898510125874
125196,7.2462057265307305
125197,9.140166148919661
125198,8.940697258655318
125199,9.654602987998564
125200,12.078716111293124
125201,9.169482973200747
125202,6.542267576175493
125203,9.898262552125825
125204,14.326750507289876
125205,10.338329836313068
125206,8.804217983750458
125207,13.035459932214797
125208,7.380693710398087
125209,12.774230951267004
125210,12.346207151934708
125211,8.285329880403538
125212,11.695828385532499
125213,8.541849227071056
125214,9.353676832696804
125215,11.793808721093479
125216,12.389533107109022
125217,11.150203045594987
125218,5.762928319743968
125219,7.945422751666496
125220,13.896084967767504
125221,10.56582044097846
125222,4.628157209439019
125223,7.566895443609008
125224,9.105612414088391
125225,10.568127636084428
125226,7.124694097899331
125227,7.446950760161333
125228,7.893986410192579
125229,6.644961040288521
125230,9.25332516711997
125231,11.82445082968383
125232,12.262738362511636
125233,8.763524931499246
125234,9.447121029852587
125235,11.745445334907291
125236,9.779317703877014
125237,10.818941777733809
125238,8.29346861369096
125239,12.378407548955078
125240,10.149033191881724
125241,12.53586088075098
125242,10.172318114466442
125243,10.254098473497063
125244,10.988515309353016
125245,10.527493218040922
125246,9.943165416378415
125247,12.158369343748923
125248,12.697496446410915
125249,5.652388209545949
125250,7.205646266094154
125251,9.116354542901263
125252,9.93567734957592
125253,14.351956448359886
125254,7.208713849720192
125255,9.344555735410458
125256,6.779260322183831
125257,10.263447896308271
125258,7.239728379312902
125259,9.355127030050266
125260,6.9308126456673715
125261,9.915704248089622
125262,12.083775601217752
125263,4.621886450580038
125264,8.523734903513256
125265,7.891643279831752
125266,12.38486083697814
125267,9.516397009298341
125268,7.797531663461072
125269,8.527655146910748
125270,7.44921520801647
125271,9.281484242884169
125272,6.45960449779165
125273,8.274170182608321
125274,7.054150823562
125275,8.329927977487733
125276,10.387332403385427
125277,10.342441209031472
125278,12.22585274539416
125279,6.659704941652618
125280,9.586944340385232
125281,10.117485049371599
125282,11.121498301723925
125283,10.360022381875883
125284,5.641576190508526
125285,8.198248746860047
125286,9.08801863653416
125287,9.006153336527357
125288,9.586756874862617
125289,9.713108510854905
125290,10.927051252901434
125291,7.09082408104513
125292,6.932044941545541
125293,8.93650344671531
125294,12.156406058930965
125295,10.45754506956465
125296,10.0769830515968
125297,6.763601815354707
125298,8.289982684528875
125299,11.38269742073015
125300,5.537156144244127
125301,13.24304663225908
125302,18.14253841470397
125303,9.157031073874471
125304,7.747865122585824
125305,9.954159005323307
125306,13.397400590078206
125307,8.954523263842864
125308,10.288709284850325
125309,7.667372721370972
125310,8.586075025473344
125311,9.436731936030679
125312,9.942016161105197
125313,6.751502483820518
125314,9.277329301774525
125315,5.615193027756456
125316,12.53507473135023
125317,6.177743663802353
125318,9.354780923010797
125319,9.061657904785635
125320,6.923607136031407
125321,9.69081060026058
125322,11.488226887312035
125323,9.814656025526986
125324,10.11549669562322
125325,10.969826948277326
125326,8.019926928007363
125327,6.830050305457935
125328,8.82239702166686
125329,6.835834241388206
125330,4.642341804824792
125331,16.85573185339002
125332,5.9828135552636414
125333,13.97081059706598
125334,12.962171457844278
125335,8.19713906615716
125336,11.160907233376836
125337,8.389405430071797
125338,12.542573719428203
125339,10.007192280248269
125340,12.99601286322598
125341,7.115611913737441
125342,12.987886949178009
125343,11.913806867116636
125344,5.783305991028936
125345,5.883333009583609
125346,7.425959129045535
125347,12.380719295294877
125348,7.991548582037671
125349,7.126934420896855
125350,9.884367837887398
125351,9.0914816300396
125352,9.079293025428194
125353,13.018200296426794
125354,6.982090482586455
125355,11.627926486781373
125356,5.661705251515184
125357,11.65938271897654
125358,11.586285824107431
125359,10.40207111776214
125360,12.448319584034088
125361,9.636400347198496
125362,8.279401903073486
125363,9.113718586920891
125364,12.119791611404102
125365,8.5848394189149
125366,11.063893602513392
125367,9.725074623922877
125368,11.78833867403088
125369,6.81955371957636
125370,10.582766470826986
125371,8.747699800164812
125372,8.594387975200245
125373,10.995903492688992
125374,10.064263138576377
125375,10.594657426613214
125376,7.586373689038415
125377,6.878527573867923
125378,10.86312822351395
125379,12.121516472910255
125380,10.440311065389434
125381,8.15639311912776
125382,9.43654372268396
125383,8.526670428456569
125384,5.097693022359014
125385,10.94121230185436
125386,11.792616381087127
125387,10.792267523709452
125388,7.68196795474569
125389,9.017297231903365
125390,7.044670479601334
125391,8.720280321074698
125392,10.850815051617165
125393,10.333757938592301
125394,10.306762474433706
125395,10.397506712143166
125396,13.554057708594616
125397,12.69383313703058
125398,6.847244845834207
125399,9.47783065693392
125400,7.772400923463161
125401,11.646360699287884
125402,4.5653148479912975
125403,14.222573611683178
125404,11.747818376551116
125405,7.9899891489989985
125406,12.546241268406755
125407,8.399484039257421
125408,10.552745802287312
125409,14.21833737303977
125410,8.31566877504777
125411,9.119056692197034
125412,6.886883803065054
125413,8.327964798765114
125414,14.953120259203795
125415,9.0624374502499
125416,10.955111549168262
125417,7.535165111416211
125418,5.758175031779869
125419,11.545590809271097
125420,12.468259260217357
125421,6.358167930858611
125422,7.065863304611246
125423,10.650909513337687
125424,9.79802155278622
125425,10.076471301927858
125426,16.154706351737584
125427,10.682852905315048
125428,11.67539258112816
125429,6.9994701079116055
125430,10.18560283519028
125431,9.874837179748237
125432,14.676918687163147
125433,8.323148520540732
125434,9.917774977939978
125435,9.065511559318395
125436,9.093436262294677
125437,9.26065433575879
125438,8.710893902148435
125439,6.830867022452369
125440,14.833122183104049
125441,14.728340540737326
125442,12.218543163070263
125443,14.070672267102614
125444,10.001890509729321
125445,7.525858708398587
125446,10.133007071633367
125447,11.452143459879196
125448,11.125383345618978
125449,9.932865930455506
125450,4.761208335942554
125451,10.280669791885414
125452,9.015940190624203
125453,5.820692168342189
125454,8.611483477462889
125455,8.616455542775615
125456,13.844952918523656
125457,10.747535646986927
125458,11.060836008597997
125459,10.594295822783979
125460,12.10840074096294
125461,5.396439531692463
125462,9.047940137420985
125463,7.957108384591298
125464,8.040967598274753
125465,14.271965860035326
125466,14.074872686489254
125467,4.111147795656806
125468,8.81481175518613
125469,14.133623671248637
125470,16.216565327239405
125471,10.985889634137896
125472,7.333218008016236
125473,9.490952537454646
125474,10.672909000711337
125475,10.148504710570526
125476,8.603185935117681
125477,3.9567252132834687
125478,8.239188681650653
125479,10.04268701460009
125480,9.617537195002908
125481,8.405658221101232
125482,12.283634355089387
125483,9.93089559683148
125484,5.879600846335497
125485,12.98593353939942
125486,5.835698675056312
125487,9.308935461768197
125488,10.395197618108558
125489,9.380857474646891
125490,9.703091202514136
125491,7.911521434443012
125492,7.482495102089983
125493,6.483803883985928
125494,14.102664352228237
125495,10.384816960334131
125496,9.28850321768157
125497,13.816001084559918
125498,10.087123615966181
125499,15.494618839712842
125500,7.287084041252889
125501,7.355371301865764
125502,7.926316176643871
125503,10.023345985797231
125504,12.252141549757583
125505,7.33892930083509
125506,13.302513542933685
125507,11.213552628323196
125508,11.301047562146191
125509,13.56298041856921
125510,9.165425467983166
125511,4.1863932960012
125512,10.909633264484919
125513,6.972522552324496
125514,12.843442348092756
125515,7.393547892074909
125516,8.432005634203046
125517,9.88742890926569
125518,8.441737417076158
125519,9.0632630459257
125520,11.709511528619757
125521,4.964540767613113
125522,13.493048050825948
125523,9.96494700373277
125524,8.692434009046751
125525,8.287473974591517
125526,7.060092293362177
125527,5.583242574652628
125528,8.969425915204416
125529,9.8840895098524
125530,8.453671387423146
125531,11.597656708927767
125532,9.367788477921149
125533,4.639222969672188
125534,9.567285107068866
125535,5.580600349141289
125536,10.318332593113587
125537,4.783614586845977
125538,10.287379381043301
125539,8.142367267709526
125540,8.541104205120515
125541,8.613259100081555
125542,11.157077917745621
125543,12.143278365249538
125544,8.752889693211296
125545,7.45217917035572
125546,11.711068095918701
125547,13.584708693450446
125548,6.022611486872398
125549,11.258101563502105
125550,6.653542802963706
125551,4.636824943840846
125552,10.263904839005153
125553,9.846572255930099
125554,8.873153346232083
125555,6.7630830160041455
125556,10.741065557346598
125557,10.904154080090347
125558,4.56216701860938
125559,7.494840531804657
125560,6.788286386844611
125561,7.540121016137009
125562,10.078755342463804
125563,9.46313745856492
125564,10.770341287568607
125565,9.77765691136372
125566,7.377552124931452
125567,9.844252888627762
125568,10.155455881178757
125569,7.418610823195683
125570,9.173169103771256
125571,11.857663791170907
125572,9.850064659560912
125573,9.750890649400343
125574,8.77784992907511
125575,12.305348686330476
125576,8.244229680096812
125577,8.565996066804905
125578,7.468339958948863
125579,11.957558388275803
125580,9.585150859627465
125581,13.341112919713018
125582,14.28434445225264
125583,11.336655353968714
125584,8.749540258100247
125585,11.559870012529808
125586,9.330288177969544
125587,12.764094451707667
125588,9.307040001886179
125589,6.369203610873039
125590,6.900956127561441
125591,9.296676780630566
125592,7.936051249855592
125593,6.808967171646186
125594,9.049653736211772
125595,12.363450521428586
125596,11.192889986436779
125597,15.44467543145447
125598,9.987784850362734
125599,10.893885508405369
125600,7.133583846173542
125601,9.946047522837997
125602,7.791151419041213
125603,9.233420968938683
125604,7.314247507515238
125605,6.952724453200962
125606,9.375533029491748
125607,7.586542267438693
125608,7.236536541867059
125609,8.281843190479469
125610,7.398712136143333
125611,12.332120927218615
125612,8.994263211460526
125613,8.832646349800704
125614,10.511076328939485
125615,8.824726103342694
125616,9.087666571408148
125617,13.372248061800184
125618,10.750591313294667
125619,12.741479182427218
125620,12.8796530861977
125621,13.575590078764218
125622,7.181866892261965
125623,10.269740426401416
125624,15.014929074045074
125625,9.057741679239314
125626,9.3233835499569
125627,4.6774895222496955
125628,4.17615179110628
125629,11.977986730486181
125630,9.232090730343883
125631,12.063288404249407
125632,9.425200774712653
125633,13.046561753531066
125634,7.057443500452554
125635,15.459360705041092
125636,6.970423346179861
125637,13.462042799276016
125638,10.060088785985347
125639,7.82906519109265
125640,9.56650927898804
125641,7.902016412382197
125642,7.128012274912207
125643,9.196286273634879
125644,9.594041905862976
125645,10.105989984392558
125646,14.31071485183
125647,15.526713822815818
125648,9.694759902727963
125649,15.532658035901315
125650,9.636295531760727
125651,6.076607581010188
125652,12.015527531755723
125653,8.136158394535787
125654,10.275817161961474
125655,8.731000584012923
125656,8.247214545726141
125657,9.216648720374057
125658,4.570524941132078
125659,8.640898846105499
125660,7.9039205153170204
125661,5.947195728267628
125662,9.86678240394271
125663,11.103138394832186
125664,16.779745508118378
125665,10.331725101307391
125666,8.045504198498318
125667,10.561538663635131
125668,7.3417644977853715
125669,8.599979072324412
125670,10.461493321630533
125671,7.098492000807295
125672,7.117453499522367
125673,7.2800209516804895
125674,12.732107781791473
125675,7.030591122470847
125676,8.384096571109328
125677,7.169722816414574
125678,13.741257305715886
125679,5.099005953738759
125680,9.70893826937068
125681,5.856510540135252
125682,10.221586693666389
125683,6.2296143004504865
125684,8.253365295926923
125685,13.310570715054666
125686,16.3105984576328
125687,12.178186152129197
125688,11.142027895691282
125689,8.997918885959798
125690,9.334475758785501
125691,6.765090278505456
125692,7.45151158091638
125693,10.48786916542506
125694,7.109769664649787
125695,9.733711697368294
125696,7.956427849387569
125697,9.227976751800608
125698,6.217086730577883
125699,10.641246148326102
125700,11.95329612825634
125701,9.740483450455582
125702,6.627228687117389
125703,12.545184640153405
125704,9.366287198317576
125705,9.560112077161772
125706,7.848434293790429
125707,7.121614129396216
125708,10.350498337757347
125709,5.840536004648319
125710,9.87581242352788
125711,11.776803565449871
125712,8.669910024009358
125713,10.49908503060205
125714,9.96979279879157
125715,6.457652198982197
125716,9.46265222345376
125717,10.68311201847304
125718,8.511746003449982
125719,7.8116196021601585
125720,10.73240838493301
125721,8.62663394855942
125722,11.36608243426007
125723,9.679010791034738
125724,8.393492521980473
125725,9.264747353124967
125726,5.000304618956409
125727,10.870823054770252
125728,5.728581514616524
125729,10.273118873859282
125730,9.641397446228172
125731,12.371934801318531
125732,7.151131120613852
125733,12.016189832645548
125734,11.756055257728685
125735,12.473948705447144
125736,8.53361274841373
125737,9.181712339376185
125738,11.174264231399501
125739,13.35416795627477
125740,4.831776413707814
125741,9.747654398839696
125742,7.959436538648054
125743,14.307890220281191
125744,7.327497223801016
125745,11.064348584384739
125746,9.240540411693654
125747,9.523379190806194
125748,9.045263794867102
125749,9.394892898916956
125750,11.00369054847177
125751,11.996287412194635
125752,11.117497460486153
125753,8.137237665053643
125754,11.307515248344638
125755,7.568142782297237
125756,8.777187156036094
125757,17.6432211966653
125758,7.0474223496322965
125759,13.522435987050002
125760,8.33676979931704
125761,12.163717141146469
125762,8.196949705345917
125763,8.21083083748801
125764,8.893181710752284
125765,4.217881487624438
125766,7.507668601043008
125767,10.407679181836684
125768,12.679279140408505
125769,8.050767365333973
125770,7.129983393043429
125771,4.951483989298874
125772,6.49330751574882
125773,13.249673119463598
125774,12.790567744232817
125775,10.066893051899303
125776,6.316134933955641
125777,12.914443229470148
125778,5.644087142000345
125779,7.294323615941657
125780,7.697683645879984
125781,10.682145235823443
125782,10.309631752630725
125783,7.384505317102421
125784,8.10441729227512
125785,10.233274527519447
125786,12.812847776534351
125787,7.80903314631053
125788,5.553498346364672
125789,9.54240014335102
125790,11.465139175206783
125791,11.125586854854665
125792,9.24836296467635
125793,11.105519940114771
125794,7.806253732476134
125795,9.325160327530778
125796,8.597407193163605
125797,10.570707341978167
125798,7.201744255165894
125799,13.152182374522175
125800,10.438548199818662
125801,7.9001273679401125
125802,11.661654763759653
125803,10.636977784911833
125804,7.019541767080918
125805,9.049743648501206
125806,13.925540149233779
125807,7.289137883953934
125808,8.436125182808741
125809,10.60288952824356
125810,8.85237428663278
125811,6.989700205289715
125812,10.341265613338496
125813,12.9163821360996
125814,15.322642400618255
125815,6.966644134888294
125816,13.012110123498378
125817,6.351555874101824
125818,12.881999470901908
125819,9.074052962257529
125820,11.556123615618736
125821,8.944252404925562
125822,6.336305709555726
125823,9.909574490617024
125824,13.081497540182259
125825,14.286460810444149
125826,9.430018642313145
125827,9.245973542562059
125828,8.644043973603116
125829,14.030970657175448
125830,9.542643746151786
125831,10.6030355843166
125832,5.9410486581178406
125833,8.720528709543702
125834,9.58833763140503
125835,13.685629785285537
125836,7.643497995185344
125837,10.784708425442718
125838,15.213865196215796
125839,7.87992255953093
125840,13.789991716437552
125841,8.288357810043722
125842,9.226202700067489
125843,6.196440168149899
125844,8.28725263710922
125845,7.478031304011665
125846,9.24339027746185
125847,6.934355396401623
125848,10.10569105977821
125849,12.837827643548383
125850,7.030500057111065
125851,10.320347735913641
125852,11.182599275631706
125853,8.160899424712877
125854,9.899459176965772
125855,11.328731297507804
125856,6.162580132989257
125857,12.841470863722638
125858,10.69305678018841
125859,10.477650128669541
125860,9.321931024473571
125861,7.8105075879966055
125862,11.160581216459876
125863,9.449740812819845
125864,9.780772569950319
125865,11.121311784276038
125866,6.690581597396845
125867,9.572641170418972
125868,16.771735151742412
125869,8.519355351354466
125870,7.490934388721158
125871,7.272502894153595
125872,8.322960546689242
125873,8.519127764460473
125874,11.89754075554258
125875,9.167824297397242
125876,8.56494035471965
125877,11.64001964382133
125878,9.153397339624842
125879,5.131832901857779
125880,8.993214799003464
125881,10.148097877994363
125882,10.318310085131673
125883,11.123922402704709
125884,10.060162564738317
125885,7.786653668190493
125886,10.189953497768048
125887,7.008536806386909
125888,8.478961975303639
125889,8.19113425257693
125890,9.304568377858137
125891,6.734507885013803
125892,9.315069155910397
125893,10.00645389601532
125894,6.419850758902084
125895,12.416755073901422
125896,9.761722413625725
125897,12.332469981368046
125898,8.99567075424164
125899,9.408838519923084
125900,9.10312690798522
125901,10.030638835994264
125902,15.22748047334998
125903,11.34346427795354
125904,9.33489298289042
125905,11.005613842915892
125906,11.67749372339697
125907,11.863747070693286
125908,9.96596807690493
125909,15.998626281749457
125910,9.859888163118104
125911,7.303114689477587
125912,6.332652868761803
125913,14.251425220149951
125914,8.9586666314823
125915,8.85621591498071
125916,11.149696124090235
125917,7.143242696884116
125918,9.42576800666598
125919,9.849906853276766
125920,11.195199892042298
125921,9.267642828825513
125922,9.391296840522774
125923,11.697100425251051
125924,7.874687316708767
125925,10.398553696835098
125926,10.039485033614948
125927,9.689270421479108
125928,15.326654764892435
125929,11.011431911123182
125930,11.884963463370429
125931,9.929265548531612
125932,8.368312665366028
125933,10.83867342594087
125934,11.984312161114065
125935,4.270488671360549
125936,10.830576221974622
125937,8.682081035767476
125938,7.511448359076638
125939,8.558921093987012
125940,9.355239073711262
125941,10.432727085348478
125942,8.798109684797522
125943,8.32557477648174
125944,11.038474001907883
125945,7.534164246145434
125946,5.652996077115306
125947,11.907031748842305
125948,8.351186634992128
125949,10.170541671495354
125950,13.386381505917239
125951,11.108200755948216
125952,9.11156875170126
125953,5.580268801477866
125954,10.582146833369935
125955,7.913485714445073
125956,7.43832538419406
125957,7.077612807591488
125958,11.056246272309584
125959,12.1943102958819
125960,9.2117187820326
125961,9.549768862565319
125962,10.062641725953947
125963,4.680345259100885
125964,9.807694721501479
125965,7.14332762574306
125966,14.393568818422555
125967,6.718704743245039
125968,9.53498024433938
125969,9.916983399998992
125970,11.036008881766815
125971,7.762422052865764
125972,7.189482948949843
125973,7.233126693519353
125974,8.851358639033402
125975,9.012551730750701
125976,13.576226376389368
125977,14.712002798841008
125978,8.452756127493654
125979,7.13856858455402
125980,8.064314109271198
125981,18.520789785325793
125982,11.393711971690283
125983,7.179096888648671
125984,11.823194158683085
125985,6.772266266333726
125986,8.016541972762045
125987,10.776248559762461
125988,10.747768685216702
125989,11.502832677060209
125990,10.757017692780742
125991,8.274812210320793
125992,10.418960231761215
125993,16.287405025031894
125994,7.085871993371721
125995,14.395310541427781
125996,9.812169060688793
125997,5.373921431688566
125998,12.110151888549533
125999,10.493410866965702
126000,4.800582028287702
126001,4.253397016298962
126002,11.484287325609973
126003,14.801995944857726
126004,6.151764797321301
126005,7.564612206554091
126006,12.21996369391866
126007,10.74268307398445
126008,10.880381128331015
126009,9.054680415819933
126010,6.775350832097826
126011,4.505737007015634
126012,10.740207772176337
126013,7.341375348055284
126014,8.67465790449651
126015,9.234426147434629
126016,11.853389865616315
126017,9.545792258165537
126018,9.631218611846771
126019,11.902702482963937
126020,5.461540672135369
126021,5.335240845865504
126022,16.1378445005945
126023,12.435311092727037
126024,11.474328228826927
126025,8.427686931463892
126026,7.368031269627707
126027,7.589178794465662
126028,10.988678693395654
126029,10.332227589246282
126030,10.2543845265576
126031,11.805473582054587
126032,10.138525265579915
126033,7.999973959741285
126034,8.931754107006293
126035,10.271238186535907
126036,10.174283700506356
126037,7.1300632624244455
126038,9.350883180754915
126039,12.665775106112704
126040,10.052196356363348
126041,12.837969496998994
126042,9.30389460166594
126043,13.532863981212628
126044,5.8952422803725035
126045,9.182285556286887
126046,13.155716612454873
126047,9.6191134896237
126048,6.992765345984607
126049,10.720204883800232
126050,15.767061039272935
126051,9.455757163834072
126052,14.287126002135258
126053,16.4095028209463
126054,5.001282237681624
126055,15.415628671031675
126056,13.941422038017237
126057,9.544611046120583
126058,9.460104143464223
126059,7.388848013585708
126060,7.73844512084913
126061,8.89999762668521
126062,9.675378122760211
126063,13.868799069116477
126064,7.570897997412011
126065,10.015544101972692
126066,14.079498300063795
126067,6.368052161762639
126068,6.922033511274857
126069,4.362631137781859
126070,7.7582895220556995
126071,7.68747588825425
126072,10.63845202995947
126073,8.963200445816371
126074,9.98328987878221
126075,8.89309490043236
126076,6.693907935924481
126077,8.200146132101171
126078,10.976766860701892
126079,8.579328136624442
126080,10.18456048962919
126081,15.089241154985746
126082,8.342703113831679
126083,11.525478064664881
126084,9.961521782911438
126085,10.031366287307705
126086,9.862317329651393
126087,10.23330023990871
126088,7.44556573107978
126089,7.356263389739598
126090,4.162370351444143
126091,6.9901275164988395
126092,11.526664762416322
126093,11.314570134903436
126094,9.283405405603943
126095,9.499107282049874
126096,11.34758199858309
126097,4.279753417932023
126098,11.02400964588778
126099,9.373375230503113
126100,9.42691202852885
126101,8.316504779185422
126102,9.378956301638498
126103,5.508795066382253
126104,11.95673745818716
126105,9.820495759509203
126106,8.743502184648788
126107,12.013969740362253
126108,7.456246116788835
126109,7.994275643095844
126110,10.373887463152307
126111,9.07805291217851
126112,9.16344304151811
126113,5.1608815119094515
126114,7.4136329397350496
126115,10.483285918949713
126116,9.968688689498162
126117,6.160519108941451
126118,7.5168650453485615
126119,9.584961836330416
126120,8.604337581383518
126121,8.442637930924693
126122,5.6340877064639425
126123,9.099812321043705
126124,11.741134478329794
126125,4.490638099097547
126126,7.675753032062351
126127,8.271102562829261
126128,9.788962223370252
126129,6.804333082360235
126130,9.316226081626434
126131,10.005877429245624
126132,8.258882082197488
126133,6.703511517625492
126134,11.964973350023518
126135,9.968505349316693
126136,7.003295748663857
126137,10.568993271457597
126138,12.01129715963027
126139,7.179352004374332
126140,8.128780830215565
126141,9.048985463905519
126142,12.709829591625997
126143,7.898027349453281
126144,10.628491807338273
126145,8.048239541450476
126146,11.070344929272203
126147,10.150860901663176
126148,10.489602894701886
126149,8.650744592963932
126150,6.159121980775317
126151,7.7737721598641585
126152,4.921198346278738
126153,11.123390184833685
126154,9.023190183727484
126155,8.151982246382753
126156,10.65057599431294
126157,12.650303087083909
126158,6.617977886728797
126159,10.083373003638894
126160,9.304218115000022
126161,16.638086573141933
126162,6.645780952740614
126163,9.8825250335743
126164,9.252779571556832
126165,11.752591478466375
126166,9.88215098539447
126167,12.333713968227203
126168,6.956879864219971
126169,8.483545956552547
126170,10.999370846383915
126171,10.582429689733678
126172,8.671376580696007
126173,8.627725355852721
126174,11.22873352598308
126175,9.78163614711644
126176,12.396165635006463
126177,9.360970107333051
126178,7.384735373290916
126179,15.688704043792296
126180,10.255050770865498
126181,7.092505374355416
126182,7.417291197271832
126183,8.915714719650191
126184,10.43664180300012
126185,7.615839863963567
126186,8.48319253830827
126187,7.05850889795077
126188,7.14652782857708
126189,10.337380848797205
126190,7.64967870530555
126191,6.155509162852564
126192,9.092393082705751
126193,8.156813456419465
126194,11.34305577393115
126195,5.7398979228057145
126196,4.381117853682194
126197,12.663166086525305
126198,5.376401935743796
126199,7.689343767820631
126200,9.330602649556479
126201,7.887751535670209
126202,9.35390841491637
126203,9.459151205340811
126204,8.838043038549472
126205,4.12851366646065
126206,11.723087574994778
126207,12.078743831001134
126208,9.77498882239791
126209,10.047617669218088
126210,11.974800546947264
126211,14.6921751414678
126212,9.31357672101229
126213,12.735682372863574
126214,4.505641957123618
126215,13.667236154533347
126216,5.710350394214861
126217,11.31095867743095
126218,10.644658207454409
126219,13.86474681604675
126220,10.845226963661341
126221,9.379613801212821
126222,7.6774360470653376
126223,8.756819849548458
126224,7.358769077412468
126225,9.717535575374532
126226,12.51892859880009
126227,8.311910986951792
126228,10.618445394268779
126229,6.9976419833246215
126230,11.629454195514302
126231,9.275899889328162
126232,6.558479596759673
126233,9.522582247151782
126234,7.904060893055652
126235,12.412022227182726
126236,9.7979589709901
126237,7.392915436948547
126238,16.423706938665283
126239,5.702380096194885
126240,15.869779093575762
126241,14.270340036048657
126242,9.435447886650376
126243,12.407864832375243
126244,10.319103122088801
126245,8.131570082030162
126246,6.5752401875464415
126247,9.370863108172841
126248,9.040855104029712
126249,10.283922445214065
126250,12.999149668741268
126251,10.369994274550347
126252,9.25241721683189
126253,11.36941418361426
126254,11.577773945740418
126255,7.236064230082971
126256,9.521421796767257
126257,10.427624389876787
126258,11.876928202345807
126259,6.229527692950013
126260,12.097992706485295
126261,10.080044243382156
126262,11.821515538970955
126263,9.04092625862938
126264,14.987598102740034
126265,9.259514550174295
126266,8.655153738981713
126267,17.119066654813295
126268,11.134456390835927
126269,12.021534855153114
126270,14.901638070511524
126271,8.092354129990937
126272,9.835229604199549
126273,8.804925612844341
126274,9.845055186274383
126275,10.096724277219336
126276,8.894412251472607
126277,6.466935180202175
126278,10.74946965745475
126279,10.303371992668833
126280,8.868404416531357
126281,7.620727875666589
126282,11.88196635991627
126283,6.460627919729438
126284,9.535554041908133
126285,8.87921118675174
126286,14.69540683391574
126287,9.59995878436173
126288,11.790864118732301
126289,7.278894030029003
126290,8.645831540605226
126291,7.99693669723227
126292,7.924872287915226
126293,6.606365988475771
126294,10.996105824417786
126295,10.215187623547342
126296,8.607054485683708
126297,10.284141282679197
126298,10.830482088318908
126299,8.201937867717078
126300,9.095215947858108
126301,10.514945985835464
126302,9.991029792382912
126303,11.58389398630371
126304,9.03093716203725
126305,11.66285898163354
126306,12.43218864769736
126307,8.751952344450387
126308,9.060862307822308
126309,7.092844130977542
126310,10.705902520284877
126311,8.337904784675812
126312,11.176117366126135
126313,8.127349947441903
126314,9.528030973325459
126315,11.885015244348242
126316,7.095475294586331
126317,11.031315958447692
126318,9.550835147928218
126319,7.363840122471769
126320,7.310946476055588
126321,10.549980170061858
126322,9.973502146431656
126323,8.289253730735222
126324,10.555912722984456
126325,9.566319812575093
126326,8.304156803088796
126327,13.745291755332289
126328,10.55200579156463
126329,8.088397451519972
126330,12.128452204293549
126331,10.731080302407316
126332,12.51618594455682
126333,10.471200461599889
126334,9.001338238497713
126335,4.006565504528172
126336,9.10160435922134
126337,11.860070059148882
126338,9.926413549619474
126339,10.900401498232219
126340,10.774283704608676
126341,9.305861369039713
126342,6.14256309075042
126343,13.043390436701236
126344,8.856796488183221
126345,11.18277129200467
126346,4.974670113933246
126347,8.195941310709205
126348,10.924210095019797
126349,11.928736702296563
126350,14.109352739460826
126351,12.554956562223982
126352,7.92575837913233
126353,7.997502760962426
126354,8.759025714967212
126355,5.792584031149472
126356,7.597576942907004
126357,8.07995856245789
126358,13.254203587636791
126359,12.52817737764123
126360,12.289301607277945
126361,9.82626132821228
126362,9.708296672717896
126363,12.632227757302019
126364,8.998114654514492
126365,10.827813600408202
126366,12.625524515235139
126367,10.087995157045565
126368,11.310263935444402
126369,13.246489621418377
126370,8.920321603495124
126371,7.51852885818158
126372,8.850018430550868
126373,4.779697802829958
126374,13.168111934757874
126375,6.114923492215126
126376,6.625373277424127
126377,9.597700345538488
126378,6.530452835222151
126379,15.430476145047397
126380,8.895989912678491
126381,8.283645400489098
126382,10.2929038737115
126383,14.280880147420561
126384,12.001594526138584
126385,8.824474531553824
126386,9.244663956609143
126387,9.477594501733241
126388,15.831218985491057
126389,9.938380902300278
126390,10.120745741910781
126391,9.468622791893907
126392,7.713985075455599
126393,12.631018087446975
126394,11.023095335597777
126395,5.294915023135259
126396,8.934852822055541
126397,5.253913920570823
126398,10.122996878837295
126399,5.569018514453032
126400,10.40946689677295
126401,14.353454263824938
126402,10.763974403774618
126403,11.039420968073
126404,11.81676133538257
126405,11.400320779883803
126406,13.097679325660238
126407,8.001668350451371
126408,11.323467951760993
126409,13.13635117075405
126410,7.771775974299248
126411,10.298022735952316
126412,10.921788517616813
126413,10.522256126446257
126414,11.145301060273805
126415,9.693201317311354
126416,9.994429578713298
126417,7.4186903398688955
126418,8.907993163548227
126419,9.027343858879032
126420,7.415255212052941
126421,11.708750299125494
126422,9.233123599738564
126423,7.2092595920424305
126424,10.425531171882575
126425,8.99966377619719
126426,11.778970198618508
126427,11.351299352308487
126428,9.840943941076986
126429,9.054742663754082
126430,8.859706329654493
126431,9.900685135309025
126432,9.901823469668045
126433,9.493308798849569
126434,9.759890260462464
126435,6.921540300226676
126436,4.577667894945835
126437,11.565964498482163
126438,13.697326141572214
126439,10.146577109000257
126440,12.213543137445495
126441,6.622859043686709
126442,13.547755933286686
126443,4.394625777349899
126444,13.649045979957043
126445,6.526776817743004
126446,7.136741820439613
126447,13.333175269137465
126448,12.113122937291353
126449,5.749655163408989
126450,12.07958682963616
126451,5.407088895298817
126452,9.568131286363041
126453,6.452581200118715
126454,9.38547522771949
126455,5.842812915658138
126456,4.24869541533533
126457,11.662439436278392
126458,10.491676048372607
126459,9.08126125823009
126460,9.257259786074147
126461,10.554666502031292
126462,8.7672393281746
126463,7.347139820276228
126464,5.203973292764917
126465,11.221866302859677
126466,10.644147031003524
126467,6.53873845574828
126468,11.694616703488638
126469,10.029844964115679
126470,9.445334345123548
126471,7.139785622766263
126472,8.517789760810416
126473,10.855762684969141
126474,14.50901266493516
126475,7.48215571178482
126476,6.764094800919635
126477,13.188975447001969
126478,11.977141828875308
126479,12.2356324644044
126480,9.361738297404923
126481,10.536734755833127
126482,10.277057667778145
126483,10.343702165259486
126484,7.672705941948992
126485,8.9122436207944
126486,9.65061260764897
126487,13.820850368545683
126488,10.426041686521279
126489,17.049350875280044
126490,7.854893031658312
126491,9.562601369483925
126492,14.673906185789836
126493,11.831795010775624
126494,9.973615371195496
126495,7.308313858924651
126496,10.370863044382812
126497,11.468330089192197
126498,6.789958200045366
126499,11.13406731073022
126500,9.932500357062949
126501,9.68203473801867
126502,8.315615246904386
126503,10.011939992501727
126504,5.818343464512401
126505,13.453159241785562
126506,11.828742059885167
126507,11.945427071974327
126508,9.837172218567785
126509,14.414232697365176
126510,9.506454966437108
126511,15.722684663707511
126512,12.254997417935755
126513,11.5149081640915
126514,13.132470383259866
126515,10.087897876925176
126516,9.027739245049542
126517,16.79600338191639
126518,9.613776317135642
126519,9.258233880086745
126520,8.398541869198354
126521,13.598281488579527
126522,8.900139908016321
126523,10.511128236980834
126524,7.594599379925688
126525,8.910120987654768
126526,10.184875770781998
126527,9.097555387615682
126528,8.400419904115182
126529,9.060087556656296
126530,9.01098744489269
126531,9.25108691161039
126532,9.129112389721293
126533,7.550882354630247
126534,8.399656468747477
126535,9.29534693697492
126536,10.809881934703494
126537,7.327226992227272
126538,10.431558575752062
126539,9.875029655521896
126540,11.614863745680362
126541,7.116376468125796
126542,9.867656718728005
126543,7.944371021613205
126544,8.293457788740612
126545,10.444608149521278
126546,5.472100931330534
126547,6.210543927045991
126548,8.165224170099915
126549,14.804562187069001
126550,8.17724763209875
126551,11.916979666442545
126552,7.251493903330034
126553,9.313684784309444
126554,14.950414853568015
126555,8.813616695484033
126556,10.878933592804279
126557,13.874403244220215
126558,10.206127335513388
126559,10.449887726528862
126560,10.512888067182363
126561,15.057022962265517
126562,9.170302381788181
126563,8.144443147180684
126564,9.531279172436188
126565,8.506135545163115
126566,11.783895214033253
126567,11.701606947765798
126568,17.33058956998685
126569,11.161714163438251
126570,11.477839479116609
126571,10.197780480308609
126572,6.148872536527046
126573,10.537594582550202
126574,4.562794709576567
126575,9.715497604279989
126576,10.207495337065872
126577,9.043031436937847
126578,12.703590499902763
126579,7.832413116203361
126580,14.532943866864505
126581,9.683767426695491
126582,6.701406361586346
126583,8.921919750595714
126584,14.085886706993264
126585,10.942114018418888
126586,11.762005043110083
126587,11.551113102412742
126588,5.740206220571343
126589,9.475396035765788
126590,4.364724708573645
126591,7.091575483460202
126592,7.492984277916273
126593,11.774692181781997
126594,6.2266111859713185
126595,4.3607770947432565
126596,10.390157716189591
126597,5.213038298081168
126598,11.75908140904414
126599,8.991764159369918
126600,10.249507317694086
126601,11.052833575932762
126602,8.456306285473211
126603,8.959504968297583
126604,8.909712582579747
126605,10.388245818710491
126606,9.313249915326072
126607,8.01276908583736
126608,7.974801531533575
126609,4.668074462220488
126610,9.246461654434867
126611,9.3280701889929
126612,7.502617080447452
126613,8.085530046905557
126614,11.927941571759863
126615,16.96759862318506
126616,8.682871803681778
126617,9.928271906068614
126618,7.374356476380531
126619,8.863707097805625
126620,14.22660613674439
126621,9.914714765958092
126622,9.162245451715616
126623,9.824269276678177
126624,9.397811519529325
126625,10.079094140077661
126626,9.822039595074072
126627,8.186164930822168
126628,11.462352070640774
126629,11.601226295971689
126630,10.702190257805935
126631,8.981983448538234
126632,4.426856759547001
126633,12.854817978214234
126634,8.816716369177273
126635,11.5480214560716
126636,7.153084494668731
126637,7.6204432097382355
126638,6.906711436981683
126639,7.3003397499752385
126640,5.095963072357497
126641,8.613627054360318
126642,12.4602031636573
126643,11.930777113397966
126644,16.097375030499446
126645,9.511713408490426
126646,7.762422381896636
126647,10.66010209308539
126648,8.505658044823274
126649,8.72108408409244
126650,9.856601812250808
126651,4.446081506699066
126652,7.2305802687174845
126653,9.808043505137002
126654,5.140234708918786
126655,7.51081544136391
126656,7.080671622841277
126657,7.498930551030372
126658,6.421055471064269
126659,8.003116261599617
126660,11.251239587529955
126661,9.99385365489412
126662,7.8390277719545285
126663,10.13082053816171
126664,8.950594723465459
126665,10.429810562324786
126666,10.407052700067595
126667,5.93166121303047
126668,12.118896468351517
126669,9.700301596078624
126670,10.133412262350951
126671,9.264116140180407
126672,9.299369243207243
126673,11.068449132365577
126674,16.88761128931533
126675,7.702331378966083
126676,11.747153152069597
126677,7.894063077117008
126678,5.8680841722893335
126679,11.877705330913818
126680,7.130586900294264
126681,7.691063266723587
126682,6.861783053373038
126683,9.33820473675711
126684,10.44719774632356
126685,9.589036488040975
126686,6.243456531509038
126687,11.279206492288948
126688,11.255698130864824
126689,8.349985162645993
126690,9.371027210769757
126691,7.498494791291591
126692,9.450070962105746
126693,9.510131696613985
126694,4.621912157176842
126695,6.563787369311113
126696,9.946594630738051
126697,15.363040867378482
126698,12.444708342942285
126699,6.031656488163819
126700,8.35604640475935
126701,13.95504308706801
126702,8.130698548948729
126703,8.736466822142395
126704,11.862464810499395
126705,9.430222530253408
126706,10.976934929608632
126707,10.402522997110012
126708,9.086280218076123
126709,11.10147519022863
126710,9.761281422203602
126711,9.874901232992448
126712,13.392657521854995
126713,12.0611859491958
126714,11.927529612614569
126715,9.079714283145284
126716,9.648147468097047
126717,4.484180613494579
126718,4.812498375074707
126719,8.863614071454975
126720,10.98437300615593
126721,14.080228493684478
126722,7.997117762177678
126723,15.682351432840216
126724,9.607403006271833
126725,9.672057123971905
126726,9.489599873711438
126727,5.809193744615219
126728,10.052806827663696
126729,17.327862772230887
126730,10.871998652963924
126731,12.230910981781026
126732,11.660127846322258
126733,9.807482043630587
126734,8.772640946463262
126735,11.385485669266094
126736,9.827448977135258
126737,11.875846966711485
126738,10.577001178482652
126739,9.273981771631254
126740,8.814019351958256
126741,5.827600861678159
126742,7.304273755610353
126743,9.285358675204517
126744,7.376930158093829
126745,6.897369571730574
126746,8.969081879696969
126747,11.06589257384814
126748,9.724848814975056
126749,7.5313880982106465
126750,9.696186551071014
126751,8.119077868379183
126752,8.801463037028421
126753,9.989628008245388
126754,10.240355146575535
126755,10.454582064708436
126756,12.857084938719591
126757,8.421208223598947
126758,8.780678018075628
126759,10.30889271790066
126760,11.443759756171698
126761,7.150430214470099
126762,4.045563365789288
126763,6.954465699815979
126764,11.563207464093102
126765,7.466773677288636
126766,12.170103789900333
126767,8.184694183688649
126768,9.004727294307186
126769,4.665488016540173
126770,12.202017408838014
126771,6.938174283166194
126772,10.282180935418538
126773,9.77873855904844
126774,10.556175789064339
126775,9.925157626156093
126776,12.743700971366405
126777,6.0903593437265435
126778,12.223571359277035
126779,10.308422139569599
126780,15.04362900990051
126781,12.0311658024504
126782,9.426174350963672
126783,6.7385641002794285
126784,10.039491601172486
126785,6.404255705431389
126786,15.493724560637233
126787,10.572809669903132
126788,12.079628844675906
126789,10.541584189722883
126790,8.127311378336021
126791,9.455731831539264
126792,11.676175651243721
126793,7.918936281714335
126794,5.96045154631315
126795,11.91864806691811
126796,9.826413531153438
126797,14.860634998723171
126798,8.801588325425328
126799,13.794526046251931
126800,14.6873051905012
126801,4.927061117657429
126802,5.436624551185092
126803,6.6217428490468775
126804,7.378456623757968
126805,8.881821777934983
126806,8.227947843375587
126807,12.608418278778581
126808,8.4324627775335
126809,10.675017059381506
126810,13.667458102843792
126811,11.971089180049578
126812,12.495033913062674
126813,9.226611187893985
126814,6.194553709135573
126815,14.523475883319032
126816,9.788990385690271
126817,9.109708882963314
126818,10.602371443801692
126819,9.874983456772586
126820,9.664519122880865
126821,11.391547296414128
126822,10.647214723875596
126823,11.070856112331123
126824,7.435050440129362
126825,7.5411017515337395
126826,7.965675431198099
126827,7.998460035876391
126828,12.458380259484727
126829,17.948369213667263
126830,9.535360471934098
126831,9.5540124536261
126832,6.146906925686293
126833,9.83108874549016
126834,9.0882335805429
126835,6.541353445327724
126836,7.759707611612496
126837,8.549751703539588
126838,4.242050526247853
126839,14.547469244373966
126840,11.31871711481703
126841,7.850571266115473
126842,8.79476116170031
126843,7.633130188934878
126844,8.84013368447864
126845,4.974954695283612
126846,9.852585648172038
126847,10.722471053054338
126848,10.173370291770333
126849,5.327712450551266
126850,9.765737509648753
126851,7.168495037500724
126852,8.176708483294234
126853,10.168914611712113
126854,5.536471975476123
126855,9.49697537579635
126856,6.928384400357378
126857,8.97388485989227
126858,10.284497785259488
126859,9.60688052487701
126860,9.358723877175438
126861,9.979743543162773
126862,9.912729270843375
126863,9.643236451017353
126864,13.06457535926479
126865,4.185779424699598
126866,7.463656247265436
126867,9.88921694018874
126868,9.421786327970262
126869,8.372326417501759
126870,12.964469664284493
126871,10.425580622253124
126872,12.45269795913997
126873,7.559255360842252
126874,7.54332447963529
126875,8.858930956505807
126876,12.319666092958832
126877,9.661214957003429
126878,10.033178749524739
126879,14.630477034207455
126880,9.368891313131135
126881,11.678336266307303
126882,6.351662540962275
126883,7.292996195724356
126884,9.699755646873802
126885,14.328456293086035
126886,8.423655958860337
126887,8.988498066911825
126888,13.156955935575775
126889,4.275308064883532
126890,9.312713927734688
126891,5.116748128218832
126892,7.828279390643776
126893,9.01599857831187
126894,13.55159193021439
126895,11.799878253668346
126896,13.308373989804817
126897,10.714457751257427
126898,9.697162579091692
126899,11.328536556882353
126900,14.27117594773643
126901,8.379459734967458
126902,10.488179903251545
126903,8.980802373134003
126904,6.89055767352274
126905,13.025009737107572
126906,9.72942813013167
126907,11.436942332211792
126908,11.727588114080095
126909,10.183028636844549
126910,11.693384072736077
126911,9.011621069879107
126912,9.755265479882523
126913,11.9533021231856
126914,10.467408049313814
126915,8.990538718781059
126916,7.9759647084313965
126917,12.618409329912435
126918,10.451257729116055
126919,12.749613114763168
126920,9.947984621313388
126921,11.694741833385233
126922,11.331041215923761
126923,8.550686389648588
126924,8.069488233767037
126925,10.771899570000517
126926,12.054654015904525
126927,9.231843106305327
126928,8.374057554947749
126929,4.467868525952829
126930,9.862774827574977
126931,8.012758875474603
126932,9.879285108306263
126933,10.008963891550128
126934,7.0774250206288
126935,9.652914243298632
126936,7.230033110506362
126937,7.7920574164209
126938,14.697980271662953
126939,4.4847218034250975
126940,10.484941836963584
126941,7.3589239698704105
126942,8.412201943842955
126943,7.889210237088635
126944,10.52940145209263
126945,8.600847826808685
126946,5.178658838009958
126947,5.013847391492812
126948,14.488603238485851
126949,12.633376471263698
126950,9.217794412522206
126951,12.577154587587694
126952,6.529607029876852
126953,10.191167769506787
126954,8.478692340180814
126955,14.013213163931715
126956,7.027657270624841
126957,13.019567458620747
126958,11.019840229243147
126959,4.316425111181883
126960,7.328835325522261
126961,9.330697362410119
126962,9.848388086344675
126963,9.765870092369648
126964,11.038200222383704
126965,6.822255581762351
126966,7.838977612722753
126967,8.97140100308051
126968,12.409266313247434
126969,9.554345956929291
126970,9.356717375872126
126971,10.03123047697162
126972,14.19909623177683
126973,14.687702818653372
126974,10.956764237023686
126975,10.148402787356986
126976,9.870620483739126
126977,16.370041156378555
126978,15.452504197857326
126979,9.873222315420744
126980,13.534713674798407
126981,11.531195155849023
126982,12.124182184041798
126983,10.684744623172614
126984,10.011941234776447
126985,7.150412665778482
126986,12.00173523684433
126987,6.195970267241795
126988,8.775807182830954
126989,4.600359228469971
126990,4.396691724428121
126991,11.647087458840023
126992,11.923147510290566
126993,10.05254543017686
126994,9.29071999650532
126995,8.928328335199776
126996,8.992454917004784
126997,9.525085300430387
126998,9.636658219321527
126999,8.523666382035437
127000,6.954514411534601
127001,10.62437093464077
127002,13.68029635551522
127003,11.051562633591535
127004,8.34598226770604
127005,6.685774152520493
127006,10.262166194635949
127007,13.63456011518716
127008,10.74386882173881
127009,15.079167215501787
127010,8.938706878732342
127011,6.740513375211057
127012,8.017514222092519
127013,17.299790000643096
127014,9.438982919236265
127015,12.881593415663591
127016,8.741187450587159
127017,15.211694969241313
127018,13.547386875174714
127019,9.993806550712407
127020,11.674606948047572
127021,4.9819541166521555
127022,9.527345686334238
127023,8.211452651935
127024,11.697589488934351
127025,7.771559859676593
127026,9.55911133380365
127027,7.900725208279653
127028,16.47123350813746
127029,9.618108869066223
127030,12.163882187248728
127031,8.833556218794907
127032,9.954889278488748
127033,11.601209129280392
127034,14.801714156049815
127035,12.496637075724005
127036,7.110906798875897
127037,7.898145088618955
127038,8.90437289790477
127039,9.651225390481851
127040,12.035631186915282
127041,10.937358023860405
127042,13.498726833169508
127043,11.797440091547028
127044,9.595942028260387
127045,7.39174471355079
127046,13.171339499322391
127047,7.2808565777380165
127048,9.270720086257016
127049,13.03931877050653
127050,7.15157356618608
127051,10.587573772292629
127052,5.220528686044649
127053,12.417390629619376
127054,9.03194461337295
127055,9.256833227646688
127056,9.316803230321032
127057,6.506024331247137
127058,5.910056072543075
127059,9.740846725511371
127060,10.181586892668607
127061,9.156934796684101
127062,14.047057672023035
127063,9.233417173464176
127064,9.449545976504046
127065,10.477807885826675
127066,11.709282294316003
127067,6.80501004057201
127068,9.255984150923677
127069,8.454866718681599
127070,16.07629659259645
127071,13.371336994055309
127072,10.401232719268208
127073,10.427309996073083
127074,18.016593668480393
127075,11.28477662219383
127076,14.847602346601013
127077,9.037580059388807
127078,7.227694357157363
127079,13.359715547364555
127080,13.068184508228324
127081,7.423655226294043
127082,13.5292895159534
127083,12.637902154579276
127084,15.580570795529283
127085,9.244169054865955
127086,12.434180974704509
127087,6.550297313327907
127088,10.533204829281484
127089,8.140094438916254
127090,6.929165730471405
127091,9.680594360924466
127092,8.605571406665508
127093,7.870204379255239
127094,6.176806352633372
127095,10.47817991506245
127096,12.752817646883198
127097,8.67828985339257
127098,14.50478436121065
127099,9.958576629265426
127100,9.018613677883767
127101,15.948639591439076
127102,14.993830596147948
127103,7.736289899003263
127104,11.131737412387636
127105,9.403692542842544
127106,8.281489552635163
127107,6.397133506965487
127108,10.820562320908152
127109,4.585381135125427
127110,6.344934731536272
127111,8.477922926553015
127112,11.688451784066133
127113,13.169814569560824
127114,10.207920977525772
127115,9.155047770667338
127116,9.650103295162463
127117,4.69820517379503
127118,8.028511523143184
127119,7.5022697992381895
127120,11.473898022427552
127121,11.758470204522235
127122,9.214174403222312
127123,9.975756548987281
127124,6.683669305599649
127125,11.067702834238087
127126,12.577467381656714
127127,13.503673850933623
127128,5.925573292891412
127129,6.70858105479047
127130,9.160162484718757
127131,9.065360254865158
127132,11.959420617393338
127133,11.462480218527492
127134,6.742887852960227
127135,8.686377141249258
127136,9.95564135885424
127137,17.714567957954532
127138,10.929038566845497
127139,6.17102823705863
127140,7.45004097734886
127141,8.464304143819977
127142,6.678412312192454
127143,7.4983584250834285
127144,13.184667261425261
127145,8.079490071367147
127146,7.117624894206578
127147,12.215398094256807
127148,9.671620685972641
127149,14.351442926550046
127150,9.384615070673233
127151,9.187616616880053
127152,9.565544467006776
127153,11.13094954907236
127154,8.870037349650072
127155,11.578418308902434
127156,12.806832943352159
127157,10.104752314983443
127158,6.757960377799323
127159,8.950729630097566
127160,9.913645963641907
127161,10.407201218371435
127162,9.121678942953766
127163,6.4559855990854
127164,7.852224889489188
127165,7.208923090976745
127166,11.705788305631584
127167,7.11425894536509
127168,11.35585867664187
127169,13.486121721185489
127170,9.430861238053794
127171,6.942905083464005
127172,10.988516148512831
127173,11.535910297309275
127174,9.34270959460264
127175,10.28555466677096
127176,9.321543858337046
127177,12.323666296404918
127178,9.211124072248797
127179,9.011305709743624
127180,15.214636527166167
127181,10.068739988040445
127182,8.80965798982167
127183,14.030493321455216
127184,6.977861769244582
127185,10.700489477056013
127186,7.300017082224896
127187,9.213063865935784
127188,7.107985106058939
127189,10.813947445230337
127190,10.485963937531377
127191,10.395355106627065
127192,9.395966933052579
127193,10.676570295439822
127194,8.049578063690173
127195,11.625469905326645
127196,9.733983481839001
127197,7.014392882260394
127198,7.305571530552517
127199,8.930377050579597
127200,8.763586859717943
127201,8.621414249979665
127202,10.858046805303392
127203,13.272667851765917
127204,8.917021774512104
127205,8.466888149967193
127206,10.640148516408784
127207,9.47185781903753
127208,10.715513269593373
127209,5.17413726637607
127210,12.1526962134067
127211,9.571260473546573
127212,10.787337541499525
127213,5.134087857320511
127214,9.619743729246716
127215,9.22888853241994
127216,7.85399090144644
127217,10.791594571853908
127218,9.596186236137248
127219,8.263753100270483
127220,4.278808314747291
127221,8.867126202842512
127222,7.542884937529934
127223,9.599667744829665
127224,9.538796437989822
127225,7.20581090469352
127226,13.705873782485195
127227,11.334131008943503
127228,7.901182370145551
127229,10.613917548375264
127230,13.327211014170036
127231,15.127018389899117
127232,11.846759267791352
127233,12.904415052568032
127234,4.11117674305058
127235,8.174224754730087
127236,6.5619422713234
127237,15.61746959675973
127238,8.982964713431823
127239,12.207073268874254
127240,8.571009777860084
127241,10.039476255296691
127242,11.172684634251942
127243,4.7154636797271205
127244,11.042276825774689
127245,11.226162779815654
127246,8.910125963679212
127247,9.275999117385755
127248,9.06542522165919
127249,9.290030563475286
127250,6.959487796334649
127251,8.940936119126834
127252,11.197483089830708
127253,10.242255685085848
127254,7.406598479303339
127255,6.990745426685305
127256,8.250237466465205
127257,14.835268907162396
127258,4.443115118968556
127259,12.205119656509385
127260,7.523903837989144
127261,6.25324273672539
127262,6.257751894101441
127263,6.338635083491094
127264,8.846135051033148
127265,10.36371162703924
127266,17.3399412952837
127267,12.000166003470904
127268,8.066022032022852
127269,4.181595793143787
127270,8.30677110626101
127271,11.447005697850468
127272,11.40559748189096
127273,8.232931157082993
127274,8.819768989423695
127275,9.481336067998466
127276,10.195501654328833
127277,9.389604006178946
127278,9.684233154385481
127279,7.371365823406227
127280,9.822769913674223
127281,11.011509577693735
127282,11.017498502503505
127283,10.480762317171614
127284,14.895237754877943
127285,9.351267484665055
127286,8.286562668479391
127287,9.279128788652278
127288,8.7539837105621
127289,16.554001959951965
127290,8.784973849183283
127291,12.159736055038639
127292,11.419154850510852
127293,9.889058865285566
127294,9.672750410285754
127295,9.544933823164277
127296,6.46581538039632
127297,8.341420352151431
127298,11.51743501983429
127299,6.550239213871691
127300,8.17528364700178
127301,12.127101604566434
127302,10.414750399570508
127303,10.129845725395807
127304,12.830471822365581
127305,9.389005833520471
127306,10.710512156448184
127307,8.410500728041422
127308,6.115296389617351
127309,11.114975018821621
127310,7.233868585368491
127311,4.703312658984347
127312,13.017308874284662
127313,8.49344097729236
127314,9.807545852637286
127315,5.318122032382069
127316,5.7701650092689665
127317,13.681124415279587
127318,8.939730401343166
127319,10.212168242053576
127320,17.127944326670537
127321,8.393698414492736
127322,8.609236634688102
127323,6.422377811354944
127324,4.657875930012272
127325,5.1374906504025315
127326,6.122550864468926
127327,8.037202790969925
127328,11.291367782100966
127329,8.885366822796831
127330,12.099756439617437
127331,11.59033833767318
127332,8.633029374600936
127333,12.825541058038706
127334,8.886543709033091
127335,6.881080743029879
127336,9.827285435983372
127337,7.037350029326319
127338,9.375209953365221
127339,7.887329962596084
127340,9.118207664468311
127341,7.897373522746089
127342,8.2246989996451
127343,10.28074028569491
127344,8.80241033037134
127345,9.897161757653507
127346,9.114875489266822
127347,5.470831165948055
127348,13.660585435167638
127349,8.313696497142171
127350,6.170248855640883
127351,9.554536919687997
127352,12.168476483432556
127353,13.31418898381192
127354,9.538000731161816
127355,11.581257641459521
127356,11.03354817458007
127357,10.757062539895422
127358,7.392020955293764
127359,9.982354257658113
127360,9.756401194109982
127361,11.299274549126938
127362,11.561944506942945
127363,6.155878720992627
127364,12.609402723916691
127365,11.224852201723014
127366,11.374689863580647
127367,9.932567121161378
127368,8.720116262914255
127369,11.896990744552921
127370,10.893668384974106
127371,13.475916879430182
127372,12.3751041194047
127373,7.457740875002107
127374,11.045408152655725
127375,10.942939929827578
127376,8.077090114721821
127377,5.765303590098858
127378,11.848642209256104
127379,7.243041344652369
127380,11.338162757662722
127381,14.522693367257546
127382,9.088774348308217
127383,11.875524288051786
127384,11.24286584769268
127385,7.893353306019742
127386,14.82968262454358
127387,7.755098240391592
127388,5.716382472564686
127389,13.573859938652504
127390,8.72376824663068
127391,9.582486363057338
127392,8.324698402124564
127393,4.9730607700406475
127394,15.985426139929757
127395,10.708211910416335
127396,11.131029421085088
127397,11.20380261981702
127398,15.380735416717133
127399,8.874312136565035
127400,14.611791923562304
127401,7.509068329470173
127402,12.304627820402985
127403,9.21738096539155
127404,9.21774993697479
127405,10.347596543827922
127406,8.760298362843939
127407,4.110626127711461
127408,10.2245719316762
127409,9.190082637494147
127410,9.05655022105368
127411,9.223775696017736
127412,10.092603861112698
127413,9.240972303923746
127414,9.88884099024665
127415,8.910883253523302
127416,11.17786557057634
127417,8.730786645115572
127418,12.131108187619414
127419,14.658356369812555
127420,4.456673231868544
127421,11.172927606189267
127422,9.91014650575882
127423,14.873758402488965
127424,9.575265757195552
127425,9.88236701019721
127426,9.756789851608957
127427,8.608557937321638
127428,9.426896820561547
127429,12.124977432597372
127430,5.10296714982691
127431,10.668119618044098
127432,9.342295845428573
127433,8.5294384805233
127434,8.367264397804949
127435,11.717000762994939
127436,7.897921205296001
127437,10.547076316006919
127438,14.645668534626822
127439,9.882876122718951
127440,8.300764353750749
127441,5.113144754019402
127442,4.896199803151201
127443,13.881422296505088
127444,14.891236973594749
127445,9.050363940796231
127446,10.75170797525804
127447,11.05771196079024
127448,11.445627857779181
127449,8.958693934399983
127450,9.265694485434413
127451,9.013408951241034
127452,7.660424713606775
127453,9.35280496502605
127454,6.81828377633831
127455,7.676722946033482
127456,16.381544281509257
127457,10.130714110532214
127458,17.957010801717022
127459,9.258055225360803
127460,8.792931470764007
127461,6.798300773792396
127462,5.495365214999225
127463,6.684444215654523
127464,13.54244095965719
127465,11.934046333636115
127466,4.17316651667562
127467,10.340080507964593
127468,9.694518973978543
127469,10.784134531396981
127470,15.278020916380394
127471,7.487254488445717
127472,9.40268465665064
127473,7.469891677138049
127474,9.7545423112402
127475,10.517205675251708
127476,4.759835301308293
127477,11.460647165162786
127478,11.356691516021055
127479,14.76163338721168
127480,12.035707213517082
127481,6.092860558555701
127482,11.455846004819733
127483,9.569549807098385
127484,10.46448694646108
127485,11.945800981927682
127486,10.59103534089292
127487,9.018342783370883
127488,8.572883318172254
127489,13.071847194456158
127490,7.94217568706542
127491,9.90446901889781
127492,10.263161537259583
127493,10.006584329953077
127494,8.391964506765344
127495,15.620404094379031
127496,8.88380335572565
127497,8.676476758633743
127498,7.372280825470206
127499,8.226209831990463
127500,11.683395745634897
127501,11.23272291374386
127502,10.374486006772742
127503,12.026378813115008
127504,7.8881215798955875
127505,9.86423650086644
127506,6.949922042265435
127507,15.14991292766759
127508,10.90535316323864
127509,7.5344372523276775
127510,6.614513127894948
127511,7.737969807595448
127512,10.79909328813724
127513,10.689968914273589
127514,10.013413766049066
127515,12.594349032239839
127516,9.995135583259737
127517,12.338715757154272
127518,6.778961964665821
127519,5.903159379918128
127520,8.453892934961555
127521,7.494583901690275
127522,6.4649882255011395
127523,7.8915036250186406
127524,11.853515325333843
127525,5.087993854407728
127526,9.440805355949673
127527,11.11770134460814
127528,14.326609863551838
127529,9.89824783337492
127530,10.190591172762392
127531,9.546379121928394
127532,18.10782318484386
127533,8.166303488949277
127534,8.771063483533853
127535,8.183070142754085
127536,10.115765851630911
127537,7.590412520913067
127538,7.200484077974904
127539,7.400444313418818
127540,9.895369736705664
127541,10.397699286724741
127542,9.46705425736962
127543,10.39718123274003
127544,13.251949196849456
127545,13.232411980631742
127546,6.106173380291834
127547,9.586962329975915
127548,13.584473356935632
127549,11.12150084354592
127550,7.310696114216978
127551,10.017296645099183
127552,10.660459789181186
127553,5.124191028143267
127554,9.416299261083745
127555,10.576230587751672
127556,11.697722618783423
127557,10.234043772910653
127558,10.5150284204021
127559,9.114807144387697
127560,11.966198112775643
127561,7.377598707582264
127562,15.24798045023031
127563,13.054149181381444
127564,7.499715080675946
127565,9.315938989482916
127566,8.616771492011658
127567,8.07219372325837
127568,10.342595437099153
127569,16.53430631192023
127570,17.320526726064195
127571,6.038428333624362
127572,14.935592289459894
127573,7.116824127037342
127574,8.711556448937188
127575,15.777139633415937
127576,11.11441183614715
127577,8.712202496177513
127578,9.144387492957872
127579,7.54790122961663
127580,8.267885479801766
127581,11.409115370852486
127582,8.607747179985155
127583,11.832410823896817
127584,9.03686000942698
127585,9.347328132492981
127586,7.193135625029933
127587,11.114886537215018
127588,9.538541745803947
127589,10.342023980157474
127590,7.595604723915311
127591,6.064189646603454
127592,5.675735275797338
127593,13.674350790679124
127594,9.56855543180429
127595,5.281913290268105
127596,13.983317909349186
127597,11.670527412220759
127598,8.403297065502318
127599,4.6191278735097
127600,11.570123676525556
127601,11.170470120191421
127602,5.106047400997047
127603,9.197772319065091
127604,8.187305483548817
127605,11.777342634865303
127606,9.230640686736521
127607,10.81312468430869
127608,6.004822706872327
127609,4.922635873224287
127610,10.042061479880383
127611,9.356760734646741
127612,8.715455313225707
127613,7.288994438391555
127614,13.15423017067819
127615,5.055106544316247
127616,12.539814828171904
127617,13.89810144060093
127618,11.241602685068234
127619,8.277853554096794
127620,10.368219153549513
127621,11.600005827994817
127622,9.780348035922424
127623,11.45296757786305
127624,8.530054954878688
127625,8.437157137274546
127626,9.981905533557375
127627,4.289219131131492
127628,7.003453148765082
127629,11.007945446532025
127630,14.22791914644036
127631,9.465419597338181
127632,7.826717252498215
127633,11.306410510244323
127634,7.3636262120560145
127635,12.346673725633968
127636,9.912715761092324
127637,9.618383171000113
127638,13.888856298876865
127639,10.452985812324982
127640,9.800241178029559
127641,12.724823460223872
127642,8.460514100303948
127643,15.594757576249389
127644,6.621031607233363
127645,4.350663607483733
127646,9.804011526571747
127647,6.098859091197393
127648,8.533253457181942
127649,11.02680529322725
127650,10.319878465573847
127651,11.690960938147182
127652,13.60764564752429
127653,5.6649893965522695
127654,10.936764396367698
127655,17.439692202314237
127656,9.551835001603262
127657,6.595134458825316
127658,14.052769040293956
127659,10.320177291300856
127660,8.497083122434482
127661,6.728272837096481
127662,14.730261380129315
127663,13.797414065699508
127664,9.205496789707976
127665,9.414762867083468
127666,9.252796553015745
127667,9.740040130640418
127668,5.154540190295817
127669,10.225528841796873
127670,15.802611205019923
127671,11.654155989645606
127672,8.629592521131555
127673,12.312754113804626
127674,8.038397742617288
127675,11.902659235837962
127676,12.960508482783585
127677,8.38317598248846
127678,12.465433659725846
127679,9.474891026843261
127680,13.232749505449553
127681,3.981725213283469
127682,4.053980254864266
127683,7.3134021626198065
127684,12.60289619337085
127685,13.522627896677136
127686,16.471477005553588
127687,9.999518434536949
127688,9.279959946860027
127689,12.237741222053522
127690,10.227444726290013
127691,5.460732794755714
127692,10.712454676666223
127693,6.57613602341422
127694,9.809906522465024
127695,8.157177939997508
127696,10.651267452173673
127697,11.96753533325426
127698,7.223555879085865
127699,7.294587654223184
127700,9.394677379468385
127701,6.419072969113368
127702,6.744615663901615
127703,8.289481391594306
127704,5.427819189371464
127705,5.121048280542647
127706,8.503472750546747
127707,12.276066220897944
127708,7.138617600865503
127709,9.65319518982231
127710,6.999669089675247
127711,10.277420732835385
127712,11.838983451335151
127713,10.936619958092592
127714,12.687739980066215
127715,10.504625012335003
127716,10.37021645927786
127717,8.328427659487584
127718,7.737374030897269
127719,11.951116692670823
127720,7.950696246565047
127721,9.295438808493632
127722,9.425586636941281
127723,10.406952304451664
127724,4.431332104279379
127725,8.874208019883225
127726,10.707313942774357
127727,11.389536492569619
127728,9.079302731457618
127729,8.719893699173426
127730,6.4368814911447405
127731,7.1065971719537515
127732,12.345320408942829
127733,8.469938979853932
127734,9.309511047388947
127735,9.981605939070537
127736,7.137454591828723
127737,10.437997474522446
127738,7.876362780082036
127739,8.354924702494419
127740,8.108865751225457
127741,11.894228569917326
127742,9.397209225987785
127743,10.598236115470764
127744,7.385438332325014
127745,6.457020839908937
127746,12.208408385967402
127747,9.241432056129856
127748,8.31607176850557
127749,8.852006069522702
127750,10.632041170471881
127751,9.455886102578901
127752,6.642429867986517
127753,11.36955694903576
127754,10.157173540795345
127755,5.066247319679243
127756,9.550376474883365
127757,9.146696267228707
127758,3.9624019457357433
127759,7.838095690040296
127760,9.420639184968346
127761,9.927108872426098
127762,9.788502576856747
127763,11.444273718888695
127764,11.714417063288051
127765,10.809294712952166
127766,14.800787995697345
127767,7.425287190666017
127768,9.936829097010463
127769,6.866256150644682
127770,7.029507367525594
127771,7.296465913218225
127772,10.135498811681853
127773,10.30177076757857
127774,6.610163856931623
127775,10.781815190922732
127776,9.959437557546323
127777,11.128367592915868
127778,11.349878112197482
127779,10.412753770745068
127780,7.252379793088103
127781,7.745267470590849
127782,8.294286521232051
127783,9.796261120489465
127784,5.833636467640817
127785,6.667700656469331
127786,9.652802472779701
127787,9.764048291573323
127788,13.46500849671782
127789,6.618119604747376
127790,7.05943192179018
127791,16.028743579342137
127792,10.525579053053544
127793,11.018427791249612
127794,8.501127078183538
127795,8.963783853063031
127796,10.498407284730819
127797,8.900985889141372
127798,11.303769748207591
127799,11.30170112082141
127800,9.263916989344327
127801,8.237928872245053
127802,8.402639723572493
127803,10.775512424515714
127804,6.399548684903608
127805,7.4486796342716675
127806,8.095889034802777
127807,9.943672713649963
127808,6.90094182536086
127809,13.705986694386164
127810,16.169209714812073
127811,10.760477249409353
127812,5.07636705331104
127813,14.142758319390358
127814,8.454403766485271
127815,9.37563692208365
127816,9.868095299092312
127817,10.784012961407086
127818,9.376413793619147
127819,11.18628698612025
127820,9.198766495472729
127821,12.152298510976799
127822,13.505948477066074
127823,10.800072048418732
127824,6.419122501881523
127825,10.226353846041807
127826,8.884811765880494
127827,12.974223449167846
127828,10.612537033947422
127829,10.374377833531033
127830,8.71452075027796
127831,6.158953159320412
127832,12.172071184053594
127833,9.379044125336863
127834,8.797001360008885
127835,6.9077385657654204
127836,12.577055248265827
127837,7.333950790104301
127838,7.392246610798457
127839,9.586716242187455
127840,9.754031870357476
127841,4.3775694197169965
127842,11.699546224489119
127843,9.16385842107768
127844,8.837148320726607
127845,9.701168603576429
127846,10.801003465699528
127847,5.7871305447713235
127848,10.576217403105582
127849,9.59593233571402
127850,7.103924775384139
127851,10.324105094671786
127852,14.212457454274329
127853,12.619005079290796
127854,5.636512445358408
127855,7.31862624836607
127856,6.2269174207915645
127857,10.203096056063263
127858,5.430356649058474
127859,7.378907455451097
127860,11.514083603746485
127861,11.392033145478752
127862,8.153674236918798
127863,11.278207429047942
127864,10.885907037826659
127865,11.118441088588991
127866,9.4782579118944
127867,9.78677915024458
127868,8.863197385175342
127869,9.658962740817758
127870,9.069912691839956
127871,11.039958740879777
127872,4.6777184723537175
127873,9.151405175313865
127874,9.3754460430919
127875,10.127941965960668
127876,12.298261360647682
127877,6.024830580339415
127878,7.609882007368486
127879,10.387790596430879
127880,12.29868255201603
127881,8.476493959023346
127882,11.601368782095534
127883,11.08779876295825
127884,14.608356841500449
127885,9.994049690358713
127886,14.879002876991446
127887,7.4677591257662
127888,14.16735237440856
127889,4.434950275987471
127890,6.557455537950692
127891,14.75947499401585
127892,6.631811369422934
127893,4.584885029253039
127894,7.487422151125943
127895,7.194070577830658
127896,7.420639340901191
127897,14.730812988720254
127898,5.447222004986567
127899,9.144193501219226
127900,10.267675591696673
127901,7.636628489924685
127902,9.478263808734926
127903,6.27322877846288
127904,6.120922877014542
127905,9.341804335337812
127906,15.23813135077576
127907,9.347860513214322
127908,10.89005319842563
127909,10.03850453014509
127910,9.736822238249221
127911,13.874048792348546
127912,8.296789506650407
127913,12.716558711896516
127914,11.748642389012257
127915,9.069488343873088
127916,18.171697744397473
127917,8.531835678241631
127918,17.02931488502666
127919,12.733557255808824
127920,9.487404321919147
127921,16.431475341167594
127922,10.623178771739841
127923,9.164686646403137
127924,10.049873747584577
127925,11.623530877276433
127926,8.56646704981414
127927,9.033140240666873
127928,10.14330090733632
127929,7.584641337208002
127930,13.510669001053824
127931,9.997062198476405
127932,9.43629967298084
127933,11.368849500546128
127934,8.546482646679676
127935,7.534401687223777
127936,13.02246876151823
127937,9.140786641018732
127938,5.060266509292113
127939,9.573048005640107
127940,9.121227428652848
127941,8.450262322221006
127942,9.15147141555071
127943,9.350667257078431
127944,9.032059722704695
127945,12.024685476033934
127946,11.707445412281261
127947,12.081224176641966
127948,11.707412903380272
127949,11.075794770377788
127950,11.08794495724428
127951,6.4794650472401685
127952,16.48481380854448
127953,7.0286345545685425
127954,10.892549800399058
127955,5.361014632524116
127956,9.347963518641079
127957,10.33533353146338
127958,9.212728239816716
127959,12.623063306923143
127960,10.500802052155152
127961,11.719509071034267
127962,8.412891971369453
127963,14.690602133624154
127964,10.608382163213648
127965,7.1567084258091835
127966,10.86766462766048
127967,11.551011550904056
127968,13.758067348336331
127969,17.715154672452435
127970,11.01759108662474
127971,8.279365725544036
127972,7.791678019402974
127973,7.977792582085874
127974,7.372460338257101
127975,13.102336357012035
127976,8.204204468149777
127977,9.957911333093543
127978,10.303453628467867
127979,5.120785097727853
127980,7.572391179452692
127981,9.278999016511566
127982,8.200909708542891
127983,6.876808597434898
127984,7.558726420221182
127985,7.805438291358302
127986,8.660752048091672
127987,7.00057936156703
127988,7.4301396841356775
127989,10.01416630824619
127990,11.302575535667437
127991,7.836667354689358
127992,9.659001766471798
127993,12.301927854835212
127994,8.555170563653641
127995,9.761718381951784
127996,6.644052708552971
127997,10.062052117972982
127998,11.425835802741933
127999,15.938058569992737
128000,10.58936012524612
128001,13.343246188634666
128002,10.960475398232937
128003,9.265883520922703
128004,12.170335029777812
128005,4.612881056236912
128006,7.538043098959835
128007,9.512916099307665
128008,9.322901352075375
128009,12.612197747991456
128010,11.691903512916356
128011,14.521697970084674
128012,7.180540034595403
128013,8.869843165699853
128014,9.026861947723448
128015,9.02731328117637
128016,10.947563984936071
128017,11.458189320258928
128018,11.075939850894937
128019,8.891394384401373
128020,12.076903033609318
128021,10.09506146477795
128022,8.571805466242862
128023,9.673512289949565
128024,9.431473706034044
128025,9.666218089375985
128026,7.196768803739358
128027,8.152187168059514
128028,7.7899714279522385
128029,9.66264736988703
128030,7.280571288645701
128031,10.283607896667558
128032,14.656477840082061
128033,9.90504735797128
128034,12.521488094187335
128035,11.355724286287971
128036,9.398021958636775
128037,4.123965270053325
128038,12.650109625674343
128039,15.626431093323934
128040,9.464764475985273
128041,8.49722122072006
128042,11.539074882678303
128043,8.786281425496238
128044,7.411961740411527
128045,9.230854153535214
128046,5.031803913539306
128047,7.229850896527185
128048,10.530364785177362
128049,11.906331479268548
128050,11.326280356173267
128051,9.401702573564663
128052,6.865349806554228
128053,11.074910504090449
128054,10.156632708738638
128055,9.37561614435083
128056,9.157651865932314
128057,7.881051040548511
128058,10.728565850204664
128059,7.373275435927707
128060,8.34314520772954
128061,8.61761993670199
128062,7.319007519660178
128063,9.906242684957423
128064,12.338858146140218
128065,12.101952873906951
128066,9.335930998427358
128067,10.828762266983436
128068,15.286945373534763
128069,9.020622855841017
128070,10.79632699755628
128071,8.791813665473786
128072,9.587793679549476
128073,9.603199810453724
128074,7.874892039171546
128075,10.74598391962327
128076,8.845736091333864
128077,9.984291397761691
128078,9.680006004413041
128079,7.532127772937455
128080,7.383298167197107
128081,7.473490975966032
128082,6.323789558070408
128083,10.031114133041374
128084,9.269670543739092
128085,7.655298528662949
128086,11.978362723900734
128087,7.190518050251699
128088,6.885891695720934
128089,13.273816938427313
128090,10.536571590290126
128091,5.018915423535909
128092,15.037167937565915
128093,13.065934251442552
128094,9.113017754552505
128095,13.133321463191525
128096,6.501537293013795
128097,10.133654941579657
128098,6.918462764760224
128099,5.803503260973652
128100,12.901327355942112
128101,7.367584780800705
128102,10.865090540620628
128103,6.930209178698429
128104,6.902127964135924
128105,10.946774436178075
128106,8.861063060497681
128107,7.919064094351336
128108,7.027595580203214
128109,4.004453761191099
128110,11.63389267874625
128111,10.73573937088868
128112,9.37882424081317
128113,9.265901339375294
128114,7.449488227547261
128115,9.584921426182916
128116,9.440627447324529
128117,7.901015307973189
128118,12.308846645010728
128119,6.836012094243354
128120,5.97521217112196
128121,8.483974920043002
128122,11.376899314433098
128123,6.896190484136618
128124,13.005779156357836
128125,10.93193671587943
128126,10.652508688865925
128127,11.561139035361325
128128,6.7607269067421285
128129,9.804061607409379
128130,4.927004829943444
128131,13.3322445867317
128132,10.182466613496839
128133,13.249652816521012
128134,12.32187594513847
128135,5.892284507352316
128136,6.597598692914478
128137,11.865822567539773
128138,7.05110309372832
128139,8.318678576096202
128140,8.218464854104528
128141,9.494538925199882
128142,8.27692978204497
128143,9.144519136601353
128144,8.893487178829583
128145,9.342050384338162
128146,14.724315012624771
128147,9.312711132890225
128148,7.467481695538529
128149,6.079867135787592
128150,10.121360156232218
128151,10.379449478327086
128152,10.247321118522901
128153,11.317488588223446
128154,10.56489254130337
128155,7.910414684520438
128156,8.939983805795073
128157,4.021603389217974
128158,12.093625192362058
128159,6.622047601163493
128160,5.343434192518503
128161,11.764018977972913
128162,9.21637427123249
128163,11.193357823760417
128164,9.567642798039492
128165,9.228646702120082
128166,4.38456935674428
128167,7.321352050216747
128168,12.795816470823237
128169,9.57756975645343
128170,9.844739684087617
128171,9.258164177794708
128172,10.07666596716617
128173,9.533799410716757
128174,8.414329068537967
128175,6.982616307426272
128176,6.366138539807363
128177,11.095392477629265
128178,8.199621458658587
128179,12.885536103699351
128180,15.518466943685704
128181,10.25978248748394
128182,8.587298403126155
128183,9.953375129409357
128184,13.388624454415048
128185,14.655289086104938
128186,11.537985882197273
128187,8.586035895246493
128188,11.707132816222403
128189,12.666958467389962
128190,9.331294522535607
128191,8.561652640111879
128192,8.783183373469793
128193,7.697013758887292
128194,7.090969477008014
128195,6.60204258300894
128196,9.416280982525752
128197,8.329926497479557
128198,5.7823600636977535
128199,10.098095406241608
128200,15.468219801039254
128201,9.47535789306177
128202,9.50938263130682
128203,9.364488504969712
128204,8.841998075902293
128205,11.993445571455933
128206,12.366445468596874
128207,10.040142594373496
128208,12.562734132728734
128209,9.975824254522049
128210,8.802674568302042
128211,7.994531057743723
128212,12.573403189028555
128213,7.8051816640750005
128214,7.2333354757643535
128215,5.66913066165571
128216,7.904996154489972
128217,12.172828284090137
128218,6.793055112598229
128219,15.883076887571193
128220,11.966125793992756
128221,11.413913705944973
128222,7.385576941281178
128223,6.812200388474508
128224,11.23008102620518
128225,9.08712651554648
128226,12.947980541082662
128227,7.075244774078071
128228,8.996758606715838
128229,10.25583241054704
128230,9.529017966545094
128231,7.03000244799906
128232,6.191343017376987
128233,10.949547449178514
128234,9.97614337337879
128235,11.750347639417035
128236,13.171051571180081
128237,11.136314251931177
128238,10.577213156885321
128239,14.318714276000168
128240,9.991629693203166
128241,8.353243317497405
128242,5.861456061257672
128243,11.671539639630161
128244,9.006096226025154
128245,7.556900568023917
128246,10.12876544874271
128247,8.724653393360594
128248,7.427520703068647
128249,11.869567576323032
128250,10.35371798867526
128251,9.126099561030557
128252,9.399398826714634
128253,8.278980681315696
128254,11.766862764479665
128255,14.015977810276478
128256,9.541256270809097
128257,7.323614885004531
128258,9.996567336636726
128259,6.91901287887614
128260,12.507230521254419
128261,12.05545758050539
128262,9.862412010968644
128263,10.171304932382847
128264,6.179835208884121
128265,9.763964326834607
128266,6.680865811802464
128267,8.95554282942409
128268,9.716441584693962
128269,11.192936905693816
128270,11.670696418709452
128271,10.976332964563994
128272,10.80689742652393
128273,7.404783765944176
128274,9.253628748664884
128275,10.143126289778872
128276,7.757746677669731
128277,9.643172052976904
128278,7.870412813166441
128279,7.110585706639265
128280,15.104325078947076
128281,12.562569298986228
128282,11.28066418503172
128283,13.615455168931678
128284,4.226106627248305
128285,4.126653703609792
128286,9.883928130799017
128287,8.291385605660011
128288,6.696809831705233
128289,10.335946261286976
128290,10.597426840481745
128291,12.092456387496823
128292,13.534811002604693
128293,12.880478623554827
128294,9.078185625314429
128295,11.743512856043205
128296,13.427954789470718
128297,12.96959895590255
128298,10.15673759044923
128299,8.621519330921053
128300,10.614916169666142
128301,10.674838011522338
128302,7.444021200651179
128303,7.510347236307965
128304,7.836566607727822
128305,7.895987537332802
128306,11.408419040544533
128307,14.715314598712306
128308,11.41697320911408
128309,9.766133463886058
128310,10.619940176496119
128311,10.673779830663799
128312,7.635674239176649
128313,8.571485436260229
128314,12.536766808156967
128315,7.80496149356522
128316,15.636174281792439
128317,11.553357535114852
128318,9.940570613262018
128319,9.84726773425825
128320,10.93584184709476
128321,8.243597966266544
128322,9.221302044812202
128323,15.445408493816402
128324,6.851615740626874
128325,8.150080671952821
128326,13.809570949290535
128327,9.601352314040797
128328,10.948206148766314
128329,6.403951998748259
128330,7.301907659210359
128331,12.841754481920367
128332,5.733663138997484
128333,14.28530555496754
128334,7.406303659757711
128335,8.719693731423558
128336,8.924563750444587
128337,10.511666916496814
128338,7.72207125653685
128339,7.606725391321663
128340,10.581811471745713
128341,7.136043180093123
128342,8.812517560203117
128343,9.240321711839632
128344,8.521144902242003
128345,15.491098385739807
128346,8.327081190160206
128347,9.392822477923664
128348,8.095557432087322
128349,7.858344017746957
128350,11.996966422149162
128351,7.072249539221842
128352,11.326033500812903
128353,8.464543291718723
128354,5.504698752307609
128355,10.837571238287175
128356,7.564283213560623
128357,6.345110144754965
128358,8.086429267534884
128359,8.162413553742534
128360,10.462200990730253
128361,14.05007061427643
128362,9.858950618933227
128363,7.095825207288939
128364,10.054495952204082
128365,8.616694500504869
128366,8.792077423795869
128367,10.137095582115196
128368,9.691511724113312
128369,11.793112104658087
128370,13.092894414141341
128371,11.086107755160793
128372,11.144127582684947
128373,13.348319558790854
128374,11.618040576164523
128375,9.347033495083835
128376,15.829835366248142
128377,11.827580646920914
128378,6.909390721246742
128379,8.215664041439279
128380,7.02272162746538
128381,12.254131338095423
128382,4.3067804186230925
128383,9.786080782675457
128384,12.652092808075924
128385,4.605873032931746
128386,8.90649815680418
128387,6.387323774774666
128388,10.129114120671046
128389,9.998769450239017
128390,7.19681956292492
128391,11.786093752331542
128392,5.557394886025443
128393,5.650550993151386
128394,9.646162753754915
128395,11.268946322373143
128396,12.401621630293544
128397,13.383900983439682
128398,7.664229440433959
128399,13.411360679846515
128400,8.82407514714597
128401,7.267678501786899
128402,8.268638745403054
128403,7.962187421703493
128404,6.747247667345826
128405,9.067429920274405
128406,12.446777224784784
128407,11.709700522128632
128408,9.958109141666181
128409,15.829194432466362
128410,4.5355669800370135
128411,7.916089728622529
128412,10.094705896032872
128413,7.453784466536402
128414,6.207295054558449
128415,8.52072123301596
128416,10.287098391083005
128417,12.137775163206772
128418,8.874582460123095
128419,11.635102806495453
128420,5.429372875340144
128421,11.33878856351527
128422,10.634407155501455
128423,8.159124554691681
128424,9.174290848037717
128425,10.30022669702008
128426,10.070156290369797
128427,7.695347678976442
128428,11.438828937625454
128429,10.330914004994217
128430,7.978700513860862
128431,12.13964801158146
128432,9.852883667025576
128433,7.685890413553173
128434,7.623822850084915
128435,8.156259105302533
128436,13.63048012952763
128437,11.454708015483757
128438,10.47740194094032
128439,10.281072764931253
128440,7.959223365673867
128441,13.341051453980963
128442,11.229042507155478
128443,17.3517773176484
128444,5.969547150679008
128445,7.654482768991042
128446,11.365600323222335
128447,4.408647356255942
128448,13.442407840861032
128449,11.782987421744279
128450,8.577891256271299
128451,9.812763438994304
128452,12.197872236599233
128453,11.261747447748295
128454,7.998144388844379
128455,8.224079316119179
128456,11.738867647328108
128457,6.365442812913189
128458,7.528238313527633
128459,7.895203480559806
128460,7.867870348570975
128461,13.724983016252637
128462,9.465775552419013
128463,8.953166407930603
128464,5.587195402610935
128465,9.751768121599552
128466,11.797494257872916
128467,8.03782827102234
128468,10.615831783472222
128469,10.259324057337171
128470,10.316251354664415
128471,6.454793215566802
128472,9.638688244827554
128473,9.18716348782242
128474,12.557691981913239
128475,8.01510816472891
128476,9.031152955698449
128477,15.527080514047574
128478,8.830726988512621
128479,9.910420279462839
128480,9.344212639398737
128481,7.548291271224552
128482,9.879271081696018
128483,12.175436255543849
128484,5.151404687885728
128485,7.39305088626831
128486,8.78103850320997
128487,9.319185131666092
128488,10.615712288735029
128489,12.310914945996544
128490,14.832241138280784
128491,8.976514937339575
128492,15.34533970924283
128493,11.550356594094577
128494,10.363538754182567
128495,8.352599665787858
128496,10.846340694065693
128497,9.052940944333981
128498,6.593307548400048
128499,13.03904215005467
128500,8.466007889967234
128501,7.708448109798619
128502,4.941813469084848
128503,11.970832780091168
128504,9.364698241811272
128505,5.688724255116286
128506,10.228957680492382
128507,10.508336781636002
128508,12.926173494081656
128509,7.155911377104739
128510,5.859775449231028
128511,13.353677187947785
128512,8.571232657302817
128513,12.169525110436854
128514,10.461970571168225
128515,13.029482747969116
128516,9.791294835673142
128517,8.783272463254736
128518,13.425552748204442
128519,8.734446464119479
128520,10.043447139895632
128521,5.676166429411462
128522,5.6600512714166795
128523,11.307613368135152
128524,7.378213453260898
128525,8.101958923367615
128526,9.350656375430113
128527,5.861503268766508
128528,9.36588739885067
128529,12.448834254827618
128530,9.474706199496085
128531,8.890456605079324
128532,8.21891285905562
128533,9.159749958546865
128534,10.515460241760113
128535,12.39572312034178
128536,12.297386773620818
128537,7.393793095522092
128538,13.094344909677398
128539,8.285431169914151
128540,7.308872658298611
128541,9.674026933568365
128542,8.609593823441946
128543,10.65195997914619
128544,10.091600409936195
128545,6.241810938032788
128546,7.448945264218629
128547,9.939383572171538
128548,9.264999477574774
128549,9.419555628152526
128550,8.369413910621148
128551,6.6834557411345346
128552,6.283879726811583
128553,10.851276466653948
128554,10.265632130209358
128555,13.166327082980894
128556,9.43673453184358
128557,5.843169274809163
128558,7.019292821078094
128559,10.987888978309266
128560,10.851561758604939
128561,8.583300043809789
128562,5.008779625234661
128563,10.5001004697092
128564,16.9225662681338
128565,10.31948431853845
128566,7.148297531886745
128567,7.540205589486544
128568,9.348824893183941
128569,4.25764341738475
128570,9.2754005299438
128571,15.299631631106175
128572,8.780394706395462
128573,13.954767062550507
128574,10.245376763888455
128575,7.791124853028236
128576,8.792041872684564
128577,13.80527111859901
128578,6.262807382842259
128579,9.186333735467898
128580,11.28689399970967
128581,8.392810745218128
128582,4.0823523145822955
128583,16.259358957249546
128584,7.661334475300711
128585,11.268134536949123
128586,8.818780332922213
128587,7.498191222057741
128588,8.00980664420726
128589,9.126356323592933
128590,10.110603089687983
128591,8.47027389989035
128592,10.56835195803733
128593,8.363727628113546
128594,8.154745181873954
128595,12.618412287025585
128596,7.8893982677388665
128597,7.24493212831258
128598,7.205150525458507
128599,9.324357518378752
128600,6.724150344196265
128601,10.324702577289944
128602,9.663681351593967
128603,10.89798190441083
128604,9.263545928571144
128605,11.711498946375164
128606,5.300464498584837
128607,7.476740025066407
128608,10.68074372354559
128609,8.461077683090632
128610,9.62631497220268
128611,11.436407109083978
128612,9.358769571044222
128613,9.621449159621125
128614,6.70113957318753
128615,8.79078289081714
128616,9.250441969270705
128617,6.392600100902999
128618,13.14761871519704
128619,9.472967010149427
128620,11.773266691924698
128621,11.991992400184145
128622,9.604568556195739
128623,11.273353175890954
128624,6.533362225522393
128625,10.76992523647543
128626,7.731161761121934
128627,9.32826515176873
128628,10.012374292488882
128629,9.322601037586754
128630,10.017878415906166
128631,6.85446766051989
128632,9.819361875583061
128633,8.296466056911246
128634,11.443958322401114
128635,11.09786150377489
128636,9.151867623389345
128637,11.602192849883743
128638,7.539922524829701
128639,9.23279848138722
128640,9.397522680874065
128641,11.8186740235818
128642,17.158373490871973
128643,9.878439664501775
128644,7.480565025061452
128645,8.459838503544113
128646,16.611108277398763
128647,8.226239519379604
128648,11.817645315660323
128649,9.525620596074575
128650,10.351832645330054
128651,6.659150452423182
128652,12.800004271277794
128653,8.276843893760025
128654,10.399291108748374
128655,8.860496254831192
128656,4.662093813125095
128657,7.347361809803401
128658,9.399989802366806
128659,11.669421937537376
128660,9.696106763281927
128661,7.271892396141024
128662,15.085893436307874
128663,8.302886220865336
128664,9.094031516287794
128665,10.093794096032578
128666,18.29392679437642
128667,4.538844728349131
128668,14.958778162244096
128669,14.705083918169015
128670,8.246282207566797
128671,10.58767565886892
128672,9.631956830012586
128673,7.399899537557646
128674,8.659297816386749
128675,10.60754047214212
128676,18.79863865384773
128677,8.601170995190625
128678,15.365855563331866
128679,8.730181040814703
128680,11.429528432767954
128681,9.553771141515998
128682,7.237456762283337
128683,9.335557830585428
128684,7.96798026659003
128685,10.506320385981871
128686,10.679642782035991
128687,11.59562162856425
128688,9.003667378717491
128689,11.408794984579703
128690,4.999040502453055
128691,13.960128050101153
128692,10.640734935102596
128693,9.590485141912954
128694,9.071440330145627
128695,7.474786095232754
128696,12.68487569556903
128697,7.545266603011743
128698,10.818684080143058
128699,4.10338901690321
128700,4.714985784705004
128701,10.125321133012365
128702,12.336572241419397
128703,10.253489837821524
128704,5.049143322974405
128705,14.52041657317071
128706,6.435848459351585
128707,4.903919262297773
128708,13.22496648661026
128709,7.313260840254616
128710,11.036457828741968
128711,12.065794254989738
128712,6.578516977141693
128713,4.325657724283374
128714,8.2613907105114
128715,9.65510619430377
128716,9.338894561330013
128717,15.484966186602403
128718,12.179424904582808
128719,11.891081757315963
128720,17.86927272020313
128721,9.243050644972453
128722,8.159666579127732
128723,5.083130920257776
128724,10.921869404566257
128725,7.2911985290471595
128726,7.7770800176362
128727,10.552961045212914
128728,13.358124663397257
128729,8.26667809946437
128730,8.296924530074167
128731,9.63600951208517
128732,8.137781465835207
128733,8.823227831000413
128734,7.667670984197946
128735,10.93813283361318
128736,10.979328233701015
128737,7.220736419505387
128738,4.816612162207007
128739,10.527266188095597
128740,8.219568407823498
128741,6.137291480210533
128742,15.433258488920936
128743,8.327586269147258
128744,9.449455283390247
128745,16.254438887899415
128746,15.11230855795873
128747,12.727159877307406
128748,7.410800833069819
128749,9.550342097629372
128750,8.615460821065687
128751,8.40022398957623
128752,14.297728137361542
128753,4.830948290058683
128754,9.753376515017788
128755,6.198346560211324
128756,13.169334569263508
128757,7.818809963983642
128758,9.034360069990738
128759,9.22220089700369
128760,7.10835709544388
128761,10.58280883782444
128762,7.150743223118971
128763,11.987551975268898
128764,6.991705499141821
128765,7.973876307200463
128766,10.535887018561713
128767,6.627101552205767
128768,11.495145405878555
128769,12.031970173943083
128770,15.356461996101114
128771,8.968610137857358
128772,10.518726580105223
128773,8.45730043097159
128774,9.703442165431706
128775,10.137111722033094
128776,10.89444899506922
128777,6.288836530104222
128778,8.531603307513802
128779,10.387581040842287
128780,9.527173664174917
128781,12.174246065537599
128782,12.37082430759379
128783,5.571546867923815
128784,7.502727796240476
128785,7.727686665004295
128786,12.141327244028016
128787,10.624170551598521
128788,9.377610855547607
128789,6.977458603970662
128790,10.588207898867656
128791,10.882021216708829
128792,9.885224652504105
128793,9.726386045689106
128794,9.03245504535872
128795,9.564595697224046
128796,9.436207602096546
128797,11.316708023371495
128798,9.409323690288359
128799,9.152372352320494
128800,10.184176959872634
128801,11.366410456053583
128802,8.38623859437309
128803,4.100522066828936
128804,10.559195072352427
128805,9.47340493545086
128806,9.342629692046582
128807,9.499950358396234
128808,9.54735822217445
128809,7.230143603362611
128810,10.24803474488208
128811,12.06332746305837
128812,12.693532646781456
128813,5.58986015919604
128814,9.949943090970859
128815,9.695464896345683
128816,14.37551026869328
128817,8.714257763051204
128818,9.67723781817938
128819,9.280087860917376
128820,9.09720907259704
128821,11.795838335104348
128822,10.225162703498015
128823,10.42410581213496
128824,13.22752093196126
128825,8.894976087632546
128826,9.448399908044466
128827,15.048271868340228
128828,9.518872976607609
128829,11.938605445443606
128830,17.749091224329852
128831,5.661435486900354
128832,10.84857303090818
128833,9.23670579450382
128834,9.291687158879487
128835,12.035708452386586
128836,17.034572516699445
128837,7.5152784452502885
128838,7.507652737388801
128839,11.495159608937069
128840,4.526549089433897
128841,8.453362690867442
128842,6.50211308515402
128843,12.205926365104933
128844,9.203926051657854
128845,7.404657836423556
128846,6.879004399409952
128847,5.985157866703501
128848,10.166991971307432
128849,11.017852810967137
128850,6.125448746447102
128851,4.640522414233307
128852,7.929890847142511
128853,14.322522116902778
128854,11.128473000130175
128855,11.34795448270242
128856,10.840873208132368
128857,8.483741471725875
128858,11.722709373625232
128859,10.295166518389577
128860,11.822867097092342
128861,11.277932540616032
128862,10.16785022035215
128863,10.15734670569811
128864,5.783139888192764
128865,8.342243639992528
128866,9.478687403344882
128867,11.721638067822092
128868,9.63037399008798
128869,6.390175231114372
128870,10.08404105281973
128871,9.366160690112249
128872,12.233144954882144
128873,7.484909752196202
128874,9.360408442901823
128875,10.245616556785368
128876,5.357196411978143
128877,9.437484811860532
128878,9.265240974057011
128879,6.1284541780782655
128880,10.822652691355833
128881,12.973215558118019
128882,9.09587060991225
128883,6.610925313134186
128884,11.442185615653331
128885,11.814135701061392
128886,6.946887746749605
128887,9.255563756216798
128888,9.306833433760163
128889,7.3033880981320625
128890,13.690972882852595
128891,6.948609487393017
128892,4.228213958072759
128893,9.294034029056641
128894,11.086845913898518
128895,8.93308224655596
128896,12.575583681136099
128897,7.9055537458941405
128898,14.314796806344429
128899,12.912396803382189
128900,7.934666693185323
128901,6.241053907165151
128902,9.661675072603062
128903,9.479718343003732
128904,8.462929042462397
128905,6.093061480973999
128906,12.22747147690295
128907,13.270132015180337
128908,12.626109384622174
128909,7.754388042472641
128910,9.604803929148115
128911,9.907746241676548
128912,13.585586879989583
128913,11.340366914502795
128914,7.661865697551569
128915,9.07415640142791
128916,9.738491338162254
128917,11.808673334342561
128918,11.459059391605802
128919,16.938034310361438
128920,9.319077207050016
128921,14.699693201839107
128922,9.073977723315455
128923,8.198177095013861
128924,8.632059475850093
128925,10.498025099980481
128926,8.456547753046626
128927,5.745879836735327
128928,10.531678487717482
128929,14.724150332245813
128930,9.88879159734849
128931,10.497148578037088
128932,14.272808286766715
128933,4.048964865046825
128934,13.172547643620621
128935,10.53008731116794
128936,8.79683073531925
128937,6.912534018602654
128938,6.734959113533297
128939,4.633961833416004
128940,10.041486907445233
128941,9.471608097898148
128942,7.989482296913994
128943,4.511611309539633
128944,7.242547733992592
128945,6.134106682981618
128946,10.547715913328332
128947,9.2769652457985
128948,8.847428802722733
128949,8.501802573239072
128950,12.753222554086665
128951,11.534145130077157
128952,11.567485341465225
128953,10.588682225763073
128954,8.532608047263361
128955,8.506356963162773
128956,14.585092606383373
128957,9.147607255405832
128958,7.427829569078692
128959,10.61724814868309
128960,10.632926511575594
128961,12.130490038123686
128962,10.798231287371616
128963,7.337256264157657
128964,10.924193238098406
128965,6.6455256998965115
128966,4.579635422316114
128967,9.64816014340946
128968,8.276184210562882
128969,9.49788465087577
128970,9.308978665963965
128971,9.492577404326425
128972,13.002804247748296
128973,9.68236251049468
128974,10.978644028364931
128975,8.258826737344814
128976,12.629527106414706
128977,6.0648626448475325
128978,6.139126390731298
128979,10.918734404730268
128980,13.938758570046954
128981,12.220539202418994
128982,11.177261284447813
128983,11.687452454453846
128984,9.635820172311876
128985,9.40955887849486
128986,9.31110753938309
128987,10.575959248318862
128988,8.144096059135613
128989,9.607144224745735
128990,12.054766469825545
128991,8.144640282058102
128992,11.202507430010181
128993,13.371129939451933
128994,12.615300942753459
128995,9.170155320490645
128996,6.605224562319274
128997,8.878068442183343
128998,8.258137718729852
128999,9.039709864859422
129000,9.516250052027491
129001,8.707901686539405
129002,7.954615723827752
129003,6.736122959025787
129004,9.3886725577533
129005,5.4017461419941295
129006,8.800894126289853
129007,6.6030186428733275
129008,13.04766368487245
129009,11.258056100547515
129010,5.305327532477283
129011,16.276057774767498
129012,8.432411585389726
129013,8.060193672633996
129014,11.448790355542958
129015,10.913507997510067
129016,13.858783021468597
129017,10.403101842333815
129018,9.236355271642871
129019,14.604197259838347
129020,11.340990419203848
129021,11.299371948187368
129022,4.636181146344478
129023,9.419140971709705
129024,11.694941976678127
129025,7.25631039125354
129026,8.258123375085805
129027,10.600419698923966
129028,9.997049149943706
129029,6.7548662207780055
129030,6.424368944271732
129031,10.054230238590575
129032,4.977987689500565
129033,6.384918019842789
129034,8.580130828923613
129035,7.189937822984556
129036,6.631661437708525
129037,8.058935183562818
129038,14.884772051647328
129039,5.765522472809353
129040,8.1467119953188
129041,11.246146041320504
129042,11.914805128200225
129043,8.037255553205108
129044,11.297502116654627
129045,9.283676193275534
129046,9.107281007455645
129047,15.205522904040837
129048,9.528047066821433
129049,11.755087766143198
129050,6.984791528789233
129051,8.869986194553634
129052,4.54634050309573
129053,11.109959543055227
129054,11.283549990467076
129055,13.730441545658744
129056,7.114706453526727
129057,13.69311801503367
129058,7.621081488349082
129059,6.465969469233182
129060,10.899932508769988
129061,10.568004778170101
129062,11.051353512673272
129063,7.790138650940553
129064,10.356376010790777
129065,7.056600195151927
129066,10.775732471721565
129067,8.828434375938757
129068,9.527774378559718
129069,7.0118437527914095
129070,6.786609818091354
129071,7.171884928206832
129072,9.235917935802323
129073,8.193405833440249
129074,11.463390134246252
129075,4.981990436415025
129076,13.826389199809606
129077,7.310137458585213
129078,9.42062163448026
129079,14.521890115408027
129080,6.731742614131963
129081,9.349905275540653
129082,4.384052437525022
129083,10.975714277752424
129084,10.008230486692309
129085,10.048149194569444
129086,7.155609568794159
129087,9.976062857738327
129088,9.662578925494538
129089,9.384887481960073
129090,9.360270459928632
129091,6.788685602661405
129092,11.779987362322343
129093,16.101302775136865
129094,9.211646219418169
129095,11.657901461615731
129096,10.367272379701697
129097,9.787320872212295
129098,9.360397041514393
129099,12.526418850221916
129100,8.920302427997541
129101,10.448145341771466
129102,9.691879141374248
129103,6.648935330615858
129104,9.326906462000277
129105,7.067204277369444
129106,6.995912212175746
129107,5.913708905214358
129108,8.79686384471039
129109,7.383836276759185
129110,6.0764204975848966
129111,9.642706947644976
129112,10.171129358649312
129113,6.91550370994609
129114,8.70967289008022
129115,9.771432179349976
129116,16.39752138991829
129117,9.880987029750534
129118,10.895912135413784
129119,11.434728929268116
129120,8.361323258749833
129121,10.67788089193529
129122,8.058112898962781
129123,15.74414686425953
129124,9.718154327089493
129125,8.441528655703312
129126,11.376724517367554
129127,8.957638216778602
129128,8.610296222810842
129129,9.335084270663824
129130,11.713472118612467
129131,9.662525350591679
129132,6.790101505959209
129133,10.25677905040314
129134,16.3935062503475
129135,9.451656212832038
129136,10.701048279430406
129137,8.059525761127151
129138,6.842794626819888
129139,10.213238885489215
129140,8.344730295994422
129141,11.797682678799703
129142,9.595809222381387
129143,13.338751661236511
129144,11.981576415319088
129145,9.084622564839128
129146,9.471086759166145
129147,7.093812772634855
129148,9.68956389414492
129149,9.392992539817268
129150,15.531085064852192
129151,11.67682246512185
129152,10.181030632578564
129153,6.025754275549609
129154,12.255411775710579
129155,11.207496338265
129156,10.99804149263405
129157,7.562518831235627
129158,6.158328270243883
129159,10.63691026495751
129160,16.49851582939659
129161,7.537591364019287
129162,7.8315765195182845
129163,9.938261460284084
129164,10.082357268330956
129165,9.391617869706405
129166,8.246934245261219
129167,11.254317028953707
129168,5.912462576318193
129169,10.538692299161571
129170,8.462206936489531
129171,10.55401411834823
129172,9.330645539991568
129173,12.06943438182063
129174,11.258201583982167
129175,9.45003767658353
129176,9.48292448905601
129177,8.460900299142923
129178,10.13462016679301
129179,9.930812543806656
129180,8.910111477454837
129181,10.60438694324382
129182,9.046542599944376
129183,9.98391523893418
129184,7.512120242003212
129185,9.296901765429146
129186,12.191277810073814
129187,12.149691474585879
129188,7.430130144946806
129189,9.394937617827015
129190,10.53338184431479
129191,11.594404776763707
129192,9.58366760511744
129193,8.526273743414457
129194,7.780490095953437
129195,10.104140634676543
129196,9.751126851296261
129197,9.850360994820614
129198,9.43668294179172
129199,9.718432713526175
129200,13.777912552034966
129201,7.928252343530706
129202,6.859382926630256
129203,7.435292338262942
129204,10.99540553732245
129205,12.820516281703902
129206,7.988693108317667
129207,16.14356280665615
129208,13.856958671138639
129209,9.562586910297822
129210,7.677526101151808
129211,15.194299753967698
129212,11.738484339687911
129213,6.9689762194660805
129214,8.791209785366481
129215,6.998424340775476
129216,15.123270110510537
129217,9.199865398589152
129218,6.952993923646612
129219,8.96130504226942
129220,16.054503597074557
129221,8.355882258281614
129222,7.333150012910724
129223,7.356899011527693
129224,8.253571276767726
129225,8.596242466182542
129226,5.550962033285823
129227,7.786192077042533
129228,11.591559557769164
129229,7.249190866836092
129230,7.55100097449008
129231,9.865449438401996
129232,10.134355937970604
129233,11.29576405567055
129234,8.11206611948158
129235,13.472919410804845
129236,10.637237414704163
129237,13.418813139611412
129238,12.178347640790722
129239,9.497355553754087
129240,7.488730610368532
129241,12.33195933321653
129242,11.002532963478174
129243,7.1138834831582285
129244,7.93854906055032
129245,9.149600326993495
129246,12.530280108997681
129247,9.154716965890236
129248,6.831456264582435
129249,6.996846212405427
129250,7.159399993899877
129251,17.798701834232055
129252,12.843379722536437
129253,10.66981948456821
129254,7.29085003438489
129255,9.302638190345878
129256,12.785741849147215
129257,13.222746488446665
129258,8.441261257425236
129259,9.416724838821185
129260,9.663620480078558
129261,15.86941541222912
129262,12.966636316290906
129263,7.48543614511353
129264,4.006902643825064
129265,5.908560636791307
129266,10.277537864041651
129267,7.655290689201325
129268,10.581653194975996
129269,5.8149847099998775
129270,9.942160090115138
129271,9.771944314940386
129272,9.16017730329473
129273,10.054889054279329
129274,6.574574078636243
129275,6.836070962103895
129276,6.6376538766979065
129277,13.754419899269632
129278,9.66354320309147
129279,9.419530663031008
129280,10.309695086729688
129281,9.068400809359273
129282,10.625872236973928
129283,7.495691475488705
129284,7.668015769410609
129285,9.140526962774993
129286,7.022559967261566
129287,11.783413721173739
129288,9.284541457605275
129289,9.94837198717968
129290,10.774056072139192
129291,6.959636420757496
129292,11.930140897518104
129293,12.309651541957345
129294,12.436042138340913
129295,10.24052996570399
129296,13.657291273883548
129297,10.744176805861608
129298,6.8971349488397
129299,6.093578297248414
129300,9.214371458119457
129301,6.0035823814808325
129302,10.906903096477494
129303,4.660608039342629
129304,13.298426585902495
129305,9.465941584633686
129306,4.87781022930135
129307,12.610805592848749
129308,11.997166758192368
129309,12.564238030158782
129310,12.149285919069737
129311,9.973696246018505
129312,12.52920560034627
129313,9.581069839658163
129314,4.5308764704924815
129315,10.444059724325664
129316,10.348698019523123
129317,10.28243760379901
129318,8.859447677972728
129319,4.2931209588906105
129320,5.803232520509662
129321,9.021548908449684
129322,4.290930234346476
129323,7.186575782417717
129324,13.622097248514683
129325,11.33779123827552
129326,11.848048200071213
129327,13.263424597633065
129328,12.984984308196681
129329,8.037090414144165
129330,10.48500453836513
129331,4.396734221361404
129332,9.912490671946703
129333,8.45078308125498
129334,9.404762349939583
129335,7.5404871783027945
129336,8.252657025236974
129337,8.401491762791874
129338,9.474288876333457
129339,9.963100814536777
129340,12.39696082565513
129341,10.543105596978526
129342,6.940473534658793
129343,10.869309769201966
129344,10.750322121849674
129345,8.458760151619554
129346,9.978060917680557
129347,11.883810656317127
129348,9.873701907276875
129349,10.75637555874702
129350,10.591187024018229
129351,9.922733306464707
129352,11.495629920938491
129353,11.14280007346558
129354,10.469884783918436
129355,11.048424845577172
129356,6.880794657201548
129357,9.654305283828517
129358,10.2270911655251
129359,6.753974305296259
129360,11.89316307349306
129361,9.441202580639448
129362,6.73194955575711
129363,9.848301568732365
129364,8.351711920349581
129365,10.770729143089891
129366,8.894066022951865
129367,9.237355282013226
129368,8.509773324198822
129369,12.373988040404189
129370,11.390660716571645
129371,7.438928577154057
129372,6.8983024036769836
129373,14.616635684608365
129374,8.042075223777756
129375,7.5258426393484115
129376,9.580839207560436
129377,10.585567192001253
129378,9.999594474570923
129379,10.291410279484145
129380,9.66208369618166
129381,9.55551504846291
129382,11.14630423351841
129383,8.853416695441132
129384,11.413376783118713
129385,9.815729063621232
129386,7.66648506258947
129387,10.781895182370416
129388,13.299327972405507
129389,9.998898321574384
129390,7.633370797379612
129391,9.727328507758097
129392,9.796727228443537
129393,7.2913111373328245
129394,7.332652612193598
129395,9.542747407678899
129396,4.499036396607863
129397,10.064597822338492
129398,8.253662541788348
129399,13.008116416772634
129400,10.808062787994611
129401,6.833890665520327
129402,7.9906877778814
129403,9.55563355545775
129404,11.918933523913392
129405,7.846029618302642
129406,14.710448935128777
129407,9.928843722413465
129408,8.667936353646828
129409,15.717821777594846
129410,10.878405166037005
129411,10.211550530671566
129412,7.595218294803341
129413,10.341554841466142
129414,6.088864100528615
129415,5.309285761380709
129416,9.498761048131179
129417,10.032719497977853
129418,5.759482376036349
129419,5.5004401493909185
129420,13.775065876763852
129421,15.130856729350622
129422,10.741101761441275
129423,7.2949327770035115
129424,8.973254451675325
129425,13.15352586624557
129426,10.290331512396211
129427,7.429301317596971
129428,9.918091700603114
129429,7.388141441283852
129430,7.013865019306659
129431,7.405439685114219
129432,9.986775898717038
129433,12.39332949326862
129434,13.263384024986271
129435,9.011649617565578
129436,12.13255708991795
129437,6.933230708287274
129438,8.494736963489839
129439,11.377360094005914
129440,8.253131927549692
129441,11.548983481756181
129442,11.538678883112388
129443,11.558164527305589
129444,11.617909804601746
129445,10.091283007743545
129446,11.303757419479282
129447,9.068275368839437
129448,12.223385154966394
129449,7.6923220665352305
129450,4.491016702477458
129451,13.485892027218734
129452,12.176542125982817
129453,4.889789102109415
129454,3.989362236955148
129455,11.139327082268862
129456,11.570952515734833
129457,11.236278967762544
129458,10.882608645385362
129459,7.321879239621718
129460,8.376584690299522
129461,9.181948346167932
129462,15.306167629225783
129463,8.574847503842362
129464,13.801993356571291
129465,11.64170608159615
129466,8.924922000949547
129467,9.93980036512552
129468,11.75817186662564
129469,6.933362673221035
129470,7.475004664971737
129471,9.571360355403403
129472,6.215759066005367
129473,12.506385626785264
129474,7.773530995996746
129475,12.975891543800254
129476,7.034273505856507
129477,8.706012197653502
129478,10.676086800511317
129479,10.870954828014678
129480,10.545969572699772
129481,8.024015239822926
129482,9.437044736154203
129483,12.049902830524676
129484,8.671149096281521
129485,7.600513619755733
129486,13.777861403034766
129487,8.922426179282766
129488,9.5351119858232
129489,7.327742870425597
129490,6.52224091758188
129491,8.932250504817254
129492,13.205633891588084
129493,11.407615813740362
129494,11.878852373761456
129495,9.13675165185845
129496,7.55681935301983
129497,6.764244548612034
129498,6.091881343483467
129499,9.5207386274238
129500,9.386932520463878
129501,17.49162279468012
129502,8.381796938986469
129503,7.881713731014119
129504,12.677275274608299
129505,13.294398107065206
129506,7.0051697192220646
129507,7.453814007549762
129508,4.611275069133966
129509,14.945142201190567
129510,10.206589577987934
129511,11.699017390782155
129512,7.480137692258737
129513,9.288680621775594
129514,12.366554747730982
129515,12.343696596639726
129516,8.832718449654237
129517,12.035287789497819
129518,9.07172657254078
129519,9.115542876389915
129520,14.585283887835587
129521,11.731205394991742
129522,14.584078549993944
129523,7.148390351188597
129524,14.734940853531597
129525,6.575955184394681
129526,12.306067599162002
129527,13.003847778117702
129528,9.146854142285425
129529,10.483114695151414
129530,10.038342994161297
129531,5.94035759511491
129532,6.407008449140257
129533,13.157390401067662
129534,11.199372829010562
129535,8.885149150881634
129536,8.224458833341632
129537,9.347726046267923
129538,6.561797101132109
129539,10.419977278204607
129540,10.619691776161618
129541,12.390787272432316
129542,5.673058320527053
129543,10.582140315649372
129544,10.552475751524435
129545,8.496316635381614
129546,6.1104027923122715
129547,7.112354316634713
129548,8.736930714312605
129549,7.026498914414574
129550,6.315887864860964
129551,8.067670238111097
129552,7.418823460104254
129553,4.3425832222460805
129554,9.288585929455126
129555,10.949248062848318
129556,13.476851928522873
129557,10.953865243153246
129558,10.993387113486492
129559,13.021156014380972
129560,12.888868255351529
129561,9.557791481036421
129562,11.089662981496344
129563,6.807873939676428
129564,7.729483900161243
129565,9.09418280918651
129566,8.880557185710867
129567,4.213996059749055
129568,10.192780856502548
129569,14.737883463154507
129570,10.613473649247089
129571,6.431434444695176
129572,15.393585489612835
129573,12.850864626723554
129574,9.337415198944642
129575,8.161239089109225
129576,8.02299911687457
129577,8.137706778597366
129578,14.0141058354486
129579,9.222154346984878
129580,10.76965693430925
129581,4.404702826668883
129582,9.079959531730164
129583,11.731504101769193
129584,11.362620661640484
129585,9.944526596123927
129586,7.276431639442395
129587,9.485134152573284
129588,10.489139692913472
129589,10.888925384457579
129590,12.696325584671577
129591,9.235383523413535
129592,6.498886007196708
129593,12.300632473576673
129594,11.550215960978926
129595,5.138339996941629
129596,6.997016947919773
129597,7.454210041737097
129598,10.611715667640652
129599,8.788859288746048
129600,13.936562759002612
129601,8.865844697482737
129602,9.496850830024929
129603,6.3856853522709205
129604,7.459825595530548
129605,7.242442861875263
129606,8.531506549188219
129607,10.814064339115252
129608,7.190385237080299
129609,6.71500094293247
129610,9.394658353490568
129611,9.022027904298636
129612,11.288677746049885
129613,9.041368874361803
129614,9.73940553053493
129615,9.446581709661753
129616,14.943777395026647
129617,11.089468123192049
129618,7.734309780164219
129619,5.990336025480472
129620,7.419876062537506
129621,8.44557704980669
129622,10.22140563304774
129623,9.40635572654291
129624,7.541339278254862
129625,11.294618565917581
129626,7.118998950045484
129627,9.018002781739094
129628,14.5058875314521
129629,8.537292569168585
129630,4.2524728271507515
129631,11.823796861486569
129632,10.18280732622672
129633,11.712126873796262
129634,9.495355798781034
129635,7.099454374299503
129636,10.507956640445148
129637,11.157125032182936
129638,12.30002471990296
129639,11.2262908957448
129640,9.895702401911421
129641,8.915918391975286
129642,6.925303213398839
129643,9.933757000860663
129644,11.32629806241329
129645,6.217663288177167
129646,7.8000108332871445
129647,13.974496946152636
129648,14.095148602430331
129649,8.338009573853872
129650,13.943221673205011
129651,9.09499266686343
129652,8.783698554840418
129653,12.709214443765113
129654,8.324848957414554
129655,17.419314429894197
129656,9.352467270771108
129657,11.873275108770589
129658,6.636204631190672
129659,17.45141423800047
129660,13.973727674725206
129661,11.033428959596232
129662,12.784589611239607
129663,11.414428519738214
129664,5.649032539937741
129665,10.075975165748371
129666,15.07493155989118
129667,9.45934468690894
129668,9.340661150518077
129669,9.806598602102813
129670,11.329492269161456
129671,7.490842048931377
129672,10.011777208964844
129673,8.22489666946827
129674,5.203097250423737
129675,10.475981663599391
129676,9.894575713854827
129677,12.741798115810989
129678,7.997831857089304
129679,10.1692038518765
129680,12.004697025657846
129681,14.239593847038517
129682,15.100983079602202
129683,9.037022862407884
129684,10.924318108453413
129685,10.241626123264492
129686,7.366895090613966
129687,8.50491732342891
129688,7.205773857648714
129689,10.721511543717089
129690,8.120834138079916
129691,12.897634367891214
129692,9.482092302436621
129693,8.774471303026116
129694,10.702303281044806
129695,6.477001156569647
129696,9.681039671839134
129697,7.885843599189991
129698,8.372661045696976
129699,8.363493840449431
129700,6.289449733287381
129701,8.87756492379125
129702,6.650154102921023
129703,9.858854301303094
129704,7.328096670140662
129705,5.432015034999293
129706,4.054708587381582
129707,7.918606524394745
129708,10.724298469243148
129709,9.709127147292639
129710,8.479248372260844
129711,13.998675542136414
129712,9.845977484985704
129713,9.05378608844407
129714,9.727775045421442
129715,5.641740122800876
129716,9.099082617359219
129717,7.252849893181525
129718,7.79788938975162
129719,9.532932541931139
129720,4.818591481674764
129721,12.158496603998945
129722,7.508979374503584
129723,11.20488030613261
129724,8.162997997851756
129725,10.471765066420701
129726,4.0961675740956505
129727,8.179885581293878
129728,13.964357818234612
129729,9.64675276728402
129730,10.170736765853068
129731,9.512488413659035
129732,11.933941727328172
129733,10.49373905481111
129734,7.003646046278303
129735,8.33543160039018
129736,10.092085872250989
129737,6.948444470626282
129738,7.028697411839881
129739,13.476645970026837
129740,8.816731700050752
129741,10.683151609662024
129742,14.936673719609704
129743,8.612252103086655
129744,9.946744935483796
129745,7.004228859610029
129746,10.192414390903902
129747,7.710726681036384
129748,6.463384074263151
129749,8.290065945085507
129750,12.474341473758638
129751,12.973149763796485
129752,7.025552885160981
129753,11.205123165665814
129754,8.140635399229783
129755,10.05857279375258
129756,8.92156519609156
129757,6.653982552407636
129758,9.773525443496771
129759,12.374358113168197
129760,14.200999950640938
129761,10.419367220248649
129762,10.168408917751542
129763,11.857729457994761
129764,12.120436456939352
129765,13.962267718208636
129766,11.391119932007976
129767,5.5679571282971
129768,10.630810956583373
129769,11.107819654207463
129770,11.776620425202553
129771,12.97149556981977
129772,11.213757003621561
129773,9.85503488476689
129774,7.057287527943517
129775,11.33701982182275
129776,8.252878902752402
129777,7.4143065183267
129778,6.955577171274133
129779,10.023217559002845
129780,9.227839690277674
129781,7.135132914988219
129782,9.75785311979772
129783,9.69509637746491
129784,9.841511249313921
129785,8.948302839055689
129786,6.263916904682492
129787,11.554068490468557
129788,7.382187719994439
129789,6.770170641384581
129790,8.678185898852863
129791,12.431899610716496
129792,10.121076838616728
129793,9.79319371015676
129794,11.944810710826195
129795,12.694615989698054
129796,7.653367886891769
129797,8.498484745334233
129798,7.1319813591355485
129799,14.60008046350992
129800,6.134131687270039
129801,9.230879094415975
129802,9.486880202183244
129803,9.589147083891152
129804,13.319211452324396
129805,9.14703711024288
129806,13.79905576311054
129807,16.090020336640436
129808,11.573093847785143
129809,8.374976501891377
129810,11.816954263055587
129811,9.943147275675553
129812,10.768861220579337
129813,8.053617117198517
129814,11.480120308908585
129815,6.429151699451713
129816,10.987791194630566
129817,7.16819597346197
129818,10.15104578635642
129819,14.663322286355562
129820,12.185794978283951
129821,7.684916500417299
129822,14.569160243119521
129823,9.583962153527583
129824,11.262625262347246
129825,9.001825786932457
129826,7.885857956108586
129827,8.400406019203256
129828,7.4514940140868635
129829,9.545097050808383
129830,11.022505614960048
129831,11.74111710570507
129832,15.513820475805952
129833,8.969218999672018
129834,15.555199943181426
129835,11.646740709186194
129836,9.62262854792567
129837,9.967706089611365
129838,9.035587364052203
129839,8.67326508992449
129840,10.327819270127085
129841,8.311367581202898
129842,7.354508193671494
129843,4.014729920865189
129844,12.307280099546416
129845,7.736410821110441
129846,5.630247089903792
129847,15.565468023234905
129848,11.428412738631627
129849,6.081764395807256
129850,7.310940585573332
129851,9.419321393361901
129852,10.008401130367554
129853,12.412708231348763
129854,10.032489290802587
129855,13.266704049303375
129856,6.8576747178467325
129857,10.94895581885027
129858,9.062115410176201
129859,12.705154619970088
129860,11.745504642357043
129861,8.609814761433416
129862,8.461794378363626
129863,7.93734656580389
129864,10.914447755858935
129865,7.259087211474482
129866,11.494938403112204
129867,7.71431166697689
129868,9.067967418105091
129869,10.67011238200894
129870,9.893710094893073
129871,9.216856097001232
129872,14.663917249280889
129873,4.3495674766798995
129874,6.6582446968533
129875,5.7413602225154206
129876,11.571704628395738
129877,7.097405140985321
129878,10.891085763825421
129879,7.796470226503179
129880,11.15976451953199
129881,12.718304433225047
129882,4.219188293052306
129883,9.1996827055544
129884,11.120355959975091
129885,13.728569958993173
129886,8.476340147927553
129887,10.572178526754264
129888,9.193772914605436
129889,12.063688281975123
129890,17.802131941849332
129891,5.060436996117151
129892,10.970188943529779
129893,11.732783009007962
129894,8.548747036053605
129895,10.994237910731428
129896,11.082988889241385
129897,8.531790894576384
129898,13.706129704012705
129899,9.974486790393327
129900,9.352328076719354
129901,7.64943749130096
129902,8.480853678696922
129903,10.980922166764097
129904,11.142406122438029
129905,8.02573888733549
129906,7.5786624502119055
129907,6.773777224651792
129908,5.20111236888916
129909,7.674349984785293
129910,5.062258041330475
129911,13.85960621873792
129912,11.878933655131235
129913,7.716095957772848
129914,9.977642217021009
129915,7.136913146542059
129916,4.711532543436894
129917,8.76684269728432
129918,10.862638611094376
129919,11.150126063162784
129920,9.671061029362196
129921,11.287357115743266
129922,10.70706584692316
129923,7.159660444623801
129924,10.37958405120033
129925,6.6915117969364815
129926,9.017948195869296
129927,11.255676121505932
129928,11.867597516735001
129929,10.139569891166106
129930,8.619252316244685
129931,8.597671508844602
129932,6.606654835234037
129933,8.00168470568354
129934,13.195711451374976
129935,8.880958433832074
129936,9.503962127399314
129937,6.744925802238595
129938,12.668476062401917
129939,9.169977048437575
129940,7.459615133000641
129941,7.9994964850161825
129942,10.141681737025007
129943,7.965960349989947
129944,7.032924002094849
129945,7.562911929600517
129946,12.214817522636151
129947,15.860121059664882
129948,9.404880004578013
129949,12.378084156854637
129950,8.690392546985983
129951,10.904766317570889
129952,4.701867534222489
129953,7.117268102272874
129954,9.766312567165397
129955,12.73083525320103
129956,8.077766849582988
129957,8.003939595082137
129958,7.3940275111296145
129959,12.205960608629333
129960,12.573587718107847
129961,10.138842208346688
129962,9.449787666775304
129963,9.815792833565244
129964,10.505984686826654
129965,5.489286474758229
129966,9.183634561951191
129967,8.719748759200446
129968,7.000145880028276
129969,5.635023766925674
129970,7.740054704264513
129971,7.990547360093561
129972,11.684248770333266
129973,7.903011969062982
129974,9.66983309456921
129975,7.24864143901852
129976,13.156938350957777
129977,11.728201119613315
129978,8.853083182094856
129979,10.604317754477254
129980,8.341396938736263
129981,6.959007892492342
129982,16.090951041537398
129983,6.50225025596872
129984,10.069710244174903
129985,9.10347656321823
129986,6.953126040218921
129987,9.026756949424916
129988,9.647830599214426
129989,7.522205560672495
129990,9.420431181876276
129991,8.452320412594464
129992,11.22587731825521
129993,7.6374952357448675
129994,7.882115482028988
129995,10.235744747056994
129996,10.733750495186523
129997,9.404066966637982
129998,11.964521391243924
129999,11.27604450002887
130000,7.686618662399773
130001,8.456447697129459
130002,9.001172693001635
130003,7.423347561480635
130004,5.679428613789281
130005,9.086105715352533
130006,13.934351637355046
130007,13.675153215101364
130008,9.924941004364367
130009,9.149055384498947
130010,4.899218627800987
130011,7.456426582161133
130012,16.637266246735287
130013,12.143188950775928
130014,12.101104226917917
130015,9.908204711715216
130016,4.9857760991286
130017,11.807617627955654
130018,6.981460188752631
130019,7.671792201349933
130020,10.53751887786792
130021,7.286706653349823
130022,8.086580641715802
130023,16.301466788961516
130024,10.172091290463854
130025,5.453806906708335
130026,9.449535254397423
130027,9.175693723236936
130028,7.1281543527411175
130029,8.154416641685875
130030,8.681045662924067
130031,10.287909151055933
130032,11.281858604521812
130033,11.775999240322463
130034,6.032508246768997
130035,9.20113624917487
130036,11.186466820801673
130037,9.653656105716426
130038,9.948539970391817
130039,15.879989053310549
130040,11.771595391144531
130041,6.976004959662719
130042,11.252294314535558
130043,7.218303955519519
130044,7.000794361034947
130045,9.544948856637987
130046,11.141061488162501
130047,11.872380005490538
130048,13.779522540504303
130049,4.079140398291579
130050,10.316623442822513
130051,11.635436358080552
130052,12.20073252264637
130053,8.984006615334653
130054,4.3902144232730915
130055,17.64098702032782
130056,11.306037032244415
130057,9.553301732706625
130058,9.95458992623203
130059,11.427235940204627
130060,4.372066828888475
130061,9.423260174754812
130062,10.150906656674218
130063,12.372176443071897
130064,7.199315087282715
130065,7.370091311014987
130066,8.328455718805206
130067,9.770930045451868
130068,9.53371067914307
130069,7.534196896618764
130070,5.96647378322692
130071,10.795911826206273
130072,9.236736417844472
130073,9.202231453702202
130074,6.6337628697967475
130075,8.769518320775639
130076,6.969882534897314
130077,6.9639435569836845
130078,7.26864348879983
130079,8.146596578391804
130080,6.870216738808343
130081,9.952200866261816
130082,9.861770053582388
130083,6.55125740042588
130084,8.842051587764134
130085,7.576195922367883
130086,7.839952359115434
130087,7.136748514824123
130088,11.559838087727819
130089,5.834273944036868
130090,5.7970455425651055
130091,9.258451990632805
130092,6.121131504867678
130093,10.897549737898919
130094,9.366435352562785
130095,8.275369689448917
130096,8.279223679159156
130097,15.257873992884711
130098,8.985168494570324
130099,7.890268322376204
130100,7.900175998839086
130101,11.731320842926857
130102,7.730951542867724
130103,12.668073771412338
130104,10.088613490384922
130105,10.567888746453988
130106,6.961975709809072
130107,7.08267384844707
130108,6.504337509251426
130109,8.35486998009588
130110,6.515272996559726
130111,11.638096792061727
130112,15.35361527718697
130113,8.968632225060492
130114,9.340431037587862
130115,9.624116129440958
130116,6.9432915947353875
130117,8.938205992155673
130118,10.514643538749455
130119,10.187989201288953
130120,5.0836053983830825
130121,7.945087555390157
130122,9.929036837365071
130123,11.157253681306305
130124,9.018771208121413
130125,14.78351525925674
130126,8.5354371491904
130127,10.436406059983597
130128,7.680642965214628
130129,9.157368294427174
130130,9.792704111470325
130131,13.705143053309943
130132,8.365398928494798
130133,7.509689622448953
130134,10.346062522707186
130135,9.733717754170566
130136,13.311141960209506
130137,5.44654308708143
130138,10.258794654124097
130139,14.010180721095441
130140,6.961751561465432
130141,11.125235533784306
130142,4.405255231901067
130143,10.29938642057946
130144,7.0409304965707475
130145,9.618612680370294
130146,10.426258243562858
130147,17.092742201348575
130148,9.015520434701717
130149,10.439481656728343
130150,8.125661039188198
130151,8.850987161815047
130152,10.657655313327629
130153,10.094381343756412
130154,11.331837095328027
130155,9.89631417838854
130156,8.107586001649986
130157,6.198335546663945
130158,10.146108729607274
130159,13.262511035616845
130160,16.114615198140108
130161,9.816261933663956
130162,8.856113027304769
130163,8.778387279979153
130164,12.517200130231597
130165,8.446489929501315
130166,7.016520326342399
130167,7.4234027781286045
130168,11.816379862717856
130169,14.675842314327326
130170,11.07892325783994
130171,14.916637669954463
130172,6.765864072262948
130173,9.325828355174773
130174,12.89113087801665
130175,8.781388811457628
130176,10.245713469882773
130177,12.299846602109486
130178,12.138359350818652
130179,13.485588563425216
130180,7.485742551946162
130181,9.061231608118087
130182,7.20260208184027
130183,12.195505890986636
130184,10.344080728877515
130185,9.580441867995892
130186,12.392595835278211
130187,11.350767992613346
130188,14.548086206176203
130189,7.536381859467886
130190,8.414058617920139
130191,11.186362026850935
130192,6.917989456695127
130193,11.186254059387515
130194,7.670167972147749
130195,8.721791522404118
130196,7.389959268611851
130197,8.670433767029369
130198,7.215163620919557
130199,11.165941704281087
130200,10.249856882195829
130201,8.90459821623402
130202,10.768192618780777
130203,9.404460727137641
130204,12.134473914024166
130205,11.961905934731169
130206,9.172418395031423
130207,10.586787983718946
130208,6.703445517856522
130209,6.294360344791246
130210,9.973291538963334
130211,9.649318579232654
130212,9.808061040507202
130213,7.473757311735232
130214,10.23826598409193
130215,4.551705915877898
130216,7.768238274929155
130217,11.655898352142529
130218,6.504985154175716
130219,9.78045054913506
130220,10.852012957859042
130221,9.177042979453296
130222,11.060336744471405
130223,12.217213066996745
130224,7.485259710598159
130225,7.117286893360912
130226,11.390794155391852
130227,9.984455535327365
130228,4.434790231292479
130229,9.978123314852073
130230,9.475249044454674
130231,9.313289017603392
130232,14.455532533230752
130233,7.457930513080861
130234,8.942122504504354
130235,10.19652007422533
130236,10.686640955529636
130237,14.447604436775885
130238,5.333637176501858
130239,7.027094024264125
130240,9.18217341531363
130241,13.6975899765337
130242,7.060882103042225
130243,11.56586408168277
130244,8.48209079984943
130245,9.044501201435562
130246,9.85667799175694
130247,11.59740701966483
130248,12.471113288810882
130249,11.304302911147275
130250,11.310940376043309
130251,6.346705516362226
130252,12.570113869128878
130253,13.489406121720203
130254,9.150981025560906
130255,6.640160622491185
130256,9.321082578825429
130257,10.507944826806964
130258,10.612481857480407
130259,9.345515230264809
130260,4.66127508905967
130261,9.083583601252633
130262,9.063649815713507
130263,4.816821990026602
130264,8.166787226227376
130265,9.772986402117558
130266,10.833000309895331
130267,8.43958317651079
130268,4.806362153098302
130269,8.686824488089137
130270,9.543729261776615
130271,11.213185053605871
130272,15.762093865876158
130273,11.10651111585668
130274,11.56462970467792
130275,6.137015292282819
130276,10.1013550885527
130277,7.250110520039547
130278,11.767328167510989
130279,9.352877207323335
130280,7.523144662693428
130281,8.860443253700694
130282,9.366505201151888
130283,7.833717807973926
130284,10.27188577260355
130285,8.357771837195719
130286,7.15186498314156
130287,8.378671904249572
130288,4.143942636545501
130289,10.012793825999669
130290,7.004987157372781
130291,8.306022241424724
130292,5.438083209234302
130293,6.700431227862845
130294,6.856481460915822
130295,8.289629733786692
130296,11.738522615396363
130297,9.543410215710464
130298,13.564773111107296
130299,8.991604803715216
130300,11.23323500684765
130301,10.111543340407504
130302,7.449128612197121
130303,9.725684702268303
130304,15.331135302309718
130305,10.755427772583442
130306,6.289688370289408
130307,5.842845272961091
130308,11.054577008344571
130309,8.262707870994522
130310,6.349761751211117
130311,11.701189347127675
130312,10.117118124958477
130313,13.898413967459273
130314,6.227326206192609
130315,9.775151878817997
130316,11.828223915972673
130317,7.166044786385309
130318,11.293333868060582
130319,9.866664579893392
130320,10.72724550503196
130321,9.464525723340888
130322,7.254724854708125
130323,11.24277271546633
130324,8.271990714665442
130325,4.982494289438665
130326,10.484575738293646
130327,15.585563341641963
130328,9.483747292715666
130329,8.368755596488379
130330,7.440654567597598
130331,9.127056812529627
130332,11.479607309881585
130333,8.123968304172433
130334,9.579105402258609
130335,10.54192565474147
130336,10.192401638254626
130337,10.289525341541617
130338,15.26543532593663
130339,6.52141366089739
130340,9.35165105922541
130341,5.23137794458429
130342,6.542048525616802
130343,14.709050909141661
130344,9.113228326257593
130345,11.28334134999451
130346,10.147409910311323
130347,9.049236108459555
130348,10.81467859178207
130349,5.5917546785405134
130350,10.98476416922732
130351,12.572610062486834
130352,6.969261700831575
130353,12.552134863191155
130354,16.882623597316442
130355,9.749561785881767
130356,14.137886639864012
130357,11.684524001057676
130358,9.65192347054717
130359,6.52287213190848
130360,10.852427334372042
130361,9.664721965585056
130362,8.981243667044883
130363,4.398252809121379
130364,5.549860829120556
130365,8.937523672132174
130366,12.484285308136752
130367,11.508683356556968
130368,13.008038155846032
130369,9.752645205327534
130370,13.573525528952961
130371,10.600080282403002
130372,8.335268560897097
130373,11.108173600715949
130374,10.438240088209161
130375,6.5052089317917305
130376,9.65121304225097
130377,6.1582765990436155
130378,8.961074053677862
130379,7.2183013444414925
130380,9.917939281298178
130381,15.752347125111498
130382,10.901449145265854
130383,4.6564032336804795
130384,12.137115565421457
130385,15.519744688326597
130386,8.610364805919748
130387,13.436897070396597
130388,10.349218492793195
130389,12.924343909394512
130390,12.035035697393695
130391,8.68248712872837
130392,16.18955948480146
130393,10.137208478610559
130394,10.796910256194488
130395,10.953757182248797
130396,9.392678874772159
130397,9.948058955378212
130398,15.635123839619869
130399,11.120382367867304
130400,9.443009574529757
130401,8.174920971682031
130402,5.8573818202258225
130403,12.148464360093527
130404,12.579214031797104
130405,6.69335024494863
130406,6.324684879141797
130407,6.633520062128079
130408,9.509346868650393
130409,4.45593912220477
130410,11.677540551025455
130411,9.574744197326702
130412,9.119686091402839
130413,11.877894230731457
130414,12.101822828678653
130415,10.694811092465716
130416,3.982514305603734
130417,13.496191482836016
130418,11.480503105921684
130419,10.814410038671838
130420,9.728865273249193
130421,10.148120763164854
130422,13.390682324045091
130423,7.481071968814241
130424,6.255656935158402
130425,8.121527618038021
130426,9.670808964146469
130427,15.900838527503842
130428,9.493882216703833
130429,7.092603681428068
130430,7.138899693093286
130431,8.221283653687532
130432,11.110853954253345
130433,8.581546867677341
130434,6.3267185894784195
130435,7.636552564144512
130436,6.053756483834435
130437,14.513634988462059
130438,3.9739434737811417
130439,9.338512453272857
130440,6.901586615457461
130441,9.256795051282946
130442,8.289849885999818
130443,5.1119188119554435
130444,7.425314820106005
130445,9.153810118666806
130446,11.666024281642766
130447,6.092121556404407
130448,7.877183321032774
130449,14.735083371394188
130450,14.953427992062974
130451,12.53917668895305
130452,10.222723582793547
130453,10.320723695023963
130454,11.25503244562716
130455,10.275781288531963
130456,6.5435974383253805
130457,7.5697202702716195
130458,13.220951261083808
130459,10.113430058841802
130460,8.423032772159022
130461,12.229853926213137
130462,11.088539913437568
130463,6.890136706970198
130464,9.040957960672948
130465,8.244825825515754
130466,16.472077014178062
130467,7.998806598765684
130468,8.803112477442236
130469,9.600090230243264
130470,13.787144757106258
130471,9.370080161224003
130472,6.973714290500827
130473,10.137971420573178
130474,9.162496907702486
130475,12.478914364395163
130476,14.030124665676414
130477,12.347891270968855
130478,8.24010490747553
130479,9.153450424019502
130480,7.5898718201260404
130481,5.201151631774252
130482,8.194159402693517
130483,7.182806019197246
130484,9.065847469489423
130485,11.33378245454937
130486,11.208651306593405
130487,11.304161779539767
130488,6.496631573476213
130489,8.733957433510614
130490,5.257324744217825
130491,7.112846805682997
130492,5.27013276027846
130493,11.082453748664928
130494,8.000319181920641
130495,17.637204410352133
130496,4.893729318874638
130497,10.002036491205242
130498,10.990578290675337
130499,10.260195717490108
130500,10.128546165769915
130501,9.970729065625196
130502,10.211576395844862
130503,10.72416185144549
130504,7.029476557164675
130505,12.215090965938447
130506,11.05134553788156
130507,4.589637766464703
130508,12.556424775686391
130509,10.826158047029036
130510,7.476615601131556
130511,10.267619684173562
130512,6.443030414833953
130513,9.478205420331824
130514,9.006107191784974
130515,9.47500429396791
130516,13.518759932433273
130517,8.530668936642753
130518,7.992094231568318
130519,11.45984066742022
130520,5.1812783381764955
130521,11.4407224737168
130522,9.566886913513656
130523,10.145546926339104
130524,10.991815940466697
130525,5.182065934079983
130526,7.7552630996149645
130527,10.63657950149194
130528,10.435160249390886
130529,11.385387870149511
130530,7.54650129523948
130531,13.786117082740713
130532,9.885195069774742
130533,7.693470043032468
130534,10.49346947664409
130535,9.390875413395928
130536,11.491654571883952
130537,10.876012472990945
130538,12.123679058039912
130539,12.849900777762073
130540,9.786807432204556
130541,7.37812021397489
130542,7.0573983575524775
130543,16.905048532491172
130544,10.226652809058667
130545,5.946114978411022
130546,7.6760399451340815
130547,12.281475421319971
130548,15.124681593234632
130549,10.987235052332863
130550,12.174560422074446
130551,9.41963111704828
130552,6.381504199882581
130553,12.821506999625637
130554,4.914228642311474
130555,8.911392246061144
130556,11.156042408180799
130557,10.644827434220035
130558,4.1544817672615135
130559,12.204683235812876
130560,7.146723910964854
130561,14.644586560220258
130562,9.25852958402508
130563,4.381418322942305
130564,7.889182139953337
130565,11.40528099713195
130566,11.075957285988922
130567,8.277358197182048
130568,12.921694041198885
130569,10.525045165998772
130570,12.033632635538469
130571,8.147446765420955
130572,5.819588459458054
130573,14.25797385455848
130574,12.067620202538441
130575,10.102267890783647
130576,9.7197508284572
130577,10.262776978064748
130578,9.65868152611431
130579,8.661529535015116
130580,8.302852182282422
130581,7.944527162536978
130582,10.955097805460536
130583,11.346759212997778
130584,10.443962793666698
130585,5.405577918039829
130586,9.444589193987644
130587,7.23152933307865
130588,6.683687129157005
130589,8.801159923072456
130590,13.24108947113174
130591,14.387639177192233
130592,11.524937631890802
130593,7.587361068965185
130594,6.696891009659943
130595,11.384227311302524
130596,7.869095774250653
130597,8.716983592941698
130598,6.221643838201505
130599,6.851196916837891
130600,7.118451496805328
130601,7.681581505782603
130602,9.483609351676485
130603,13.09450660219844
130604,11.12410656095245
130605,9.959402640063924
130606,8.200354731413128
130607,9.654888352016311
130608,10.067231998141164
130609,8.462347356204948
130610,9.374228164676355
130611,8.117752691164318
130612,10.803252294505018
130613,8.531269024435982
130614,8.005248846047541
130615,14.797436595169154
130616,5.612543910514127
130617,8.450719561364673
130618,14.318516049468963
130619,8.697563107864884
130620,10.584766680902408
130621,11.396001367528326
130622,9.745158021924665
130623,5.440975436657701
130624,13.915728024902524
130625,9.604440077612077
130626,9.275202603342263
130627,9.406935671670132
130628,9.52613488405813
130629,10.575500675813045
130630,7.8301668421420825
130631,9.741421853684233
130632,9.432011243772056
130633,5.992125325122672
130634,5.39998787590089
130635,10.10469271515432
130636,8.750763414060476
130637,10.600581281785997
130638,9.887010247744517
130639,10.872360332290418
130640,11.343176604043977
130641,8.724977143417217
130642,7.271258195579679
130643,6.664989339031076
130644,6.9310163739358135
130645,4.488042931623122
130646,13.92522473355595
130647,5.844797479748069
130648,10.246034060645943
130649,7.613678169703062
130650,8.09360147073777
130651,8.331229075307718
130652,7.580111932846523
130653,6.054196974952478
130654,8.258495714994638
130655,5.857435778982905
130656,4.660183231608363
130657,4.755460742658588
130658,9.647160195889603
130659,9.771363124034405
130660,5.883307657433343
130661,7.775554288023646
130662,7.577532860075005
130663,5.500736789751224
130664,6.115724679590182
130665,7.221238676303898
130666,13.885768268744538
130667,8.586443814379901
130668,6.872304652784573
130669,10.653174653615903
130670,13.165889196839354
130671,10.377086634072683
130672,11.687695940596038
130673,8.364857330131793
130674,9.348613664700931
130675,8.41747728886728
130676,7.606454964275225
130677,10.18294206530095
130678,10.06166079060895
130679,7.452134378151383
130680,9.236870231802914
130681,11.522726923461132
130682,9.888158434262605
130683,9.6933741845523
130684,9.855084246340644
130685,9.589945959400728
130686,11.512417763700105
130687,6.603361231586649
130688,7.947066061861944
130689,13.337782835904292
130690,11.025003995814192
130691,10.31220330337237
130692,9.17281682932221
130693,9.415955500973574
130694,7.037086871133438
130695,8.996169240247792
130696,7.9038132972988135
130697,11.41104022130463
130698,6.775440719036491
130699,9.73227678144307
130700,4.138402905776742
130701,10.711451208779527
130702,8.900705194833877
130703,12.82980816885493
130704,12.064797169316785
130705,9.212028497035583
130706,9.287684369312299
130707,10.025827376817194
130708,8.155511259504085
130709,5.380093674501647
130710,3.990577794810606
130711,8.811065377002649
130712,6.235533078077948
130713,12.520589016571154
130714,15.461535855326384
130715,7.64398745493609
130716,14.006661646036843
130717,14.564723267465371
130718,12.420542904836768
130719,10.665836891433042
130720,7.212794617895267
130721,11.045445334307455
130722,11.306429694674486
130723,9.201703534545718
130724,13.391059349690014
130725,8.225398442184872
130726,14.6037487754265
130727,10.03973869723205
130728,12.180239901450983
130729,7.26805702141168
130730,10.323606572411565
130731,6.783804775061658
130732,7.2112575520624915
130733,10.810724603555824
130734,8.993440044513047
130735,11.395880517931221
130736,11.863342713753216
130737,8.92877813497805
130738,10.483625658901428
130739,12.425964552918993
130740,6.913462256420746
130741,9.540611891279763
130742,4.179590633901105
130743,11.427322957053892
130744,9.94742402399297
130745,11.537772831041115
130746,5.3260556640301235
130747,10.572907794078537
130748,10.15598673330488
130749,14.090883688534678
130750,12.125332555061465
130751,3.957825710008966
130752,8.558048042452821
130753,8.723386908484267
130754,17.11534217348854
130755,10.944829992675245
130756,11.08318084516183
130757,11.982610251794172
130758,9.830365032106062
130759,8.966431083179954
130760,9.942888263583857
130761,8.514702401013931
130762,6.410501281421827
130763,8.797599791631113
130764,12.310584498173041
130765,10.724746149462737
130766,7.23298678745405
130767,14.679767713109001
130768,8.120453191752475
130769,10.722941286651322
130770,9.9569210375075
130771,11.030304133405627
130772,12.53434344133382
130773,9.719316017364951
130774,13.28352291509953
130775,12.87192890103955
130776,10.522905830171528
130777,6.160625611357164
130778,9.659684081330074
130779,9.747227168370326
130780,6.546047877780191
130781,11.469909345895854
130782,7.659842448654496
130783,9.337758061528197
130784,5.199673998626297
130785,12.649771646214479
130786,8.017687658719888
130787,12.561880313689446
130788,16.268316600374703
130789,6.509762180337878
130790,6.780885944531183
130791,6.390156650115527
130792,9.011043697792783
130793,6.83958932375665
130794,8.49199680939936
130795,11.351365893581743
130796,9.740124010114496
130797,11.389932782497148
130798,8.615029856888935
130799,9.705665288420898
130800,8.182738154521317
130801,9.501385619762235
130802,8.535633567298195
130803,8.761196634374857
130804,7.610524847785764
130805,7.141434012487052
130806,6.575110477422081
130807,13.596334112731588
130808,12.989804674119316
130809,13.716811204318617
130810,7.776696817802652
130811,9.718705686637852
130812,7.552601577957989
130813,4.981725130442156
130814,11.618178016234594
130815,12.482147439051278
130816,11.222653241593319
130817,12.143873180402592
130818,5.618325809439504
130819,8.521347111884058
130820,15.226494537302617
130821,13.757698378741818
130822,7.624439025428711
130823,6.511670793527378
130824,12.773310980651052
130825,8.018051712041812
130826,9.095462679440152
130827,11.299381675529613
130828,5.778754440035355
130829,15.731628214623811
130830,4.653197529873408
130831,7.575497150188667
130832,8.760350093979158
130833,10.893828059916185
130834,7.459680874697535
130835,11.860125006638576
130836,12.493336663311386
130837,9.275348043740712
130838,9.613171007899044
130839,4.791297171347696
130840,11.107030843108246
130841,5.039096294997706
130842,11.622347324285258
130843,9.395989346452655
130844,11.291188322339924
130845,17.411246055630727
130846,7.0110312086193165
130847,4.735972795209145
130848,6.591472395469514
130849,8.535096943395654
130850,8.984249573852571
130851,12.813900838792867
130852,5.886705274367175
130853,8.032509183866926
130854,13.59214168117191
130855,13.763377286844491
130856,11.547346095736884
130857,9.997723364567046
130858,9.897509172987608
130859,8.082266119522288
130860,11.0381338635093
130861,9.252207565406263
130862,11.708377592880165
130863,11.995440472107727
130864,10.743633341486875
130865,9.93626320622638
130866,13.24064857063166
130867,4.4942251069874235
130868,9.516312947432395
130869,9.539909633806342
130870,11.466678693609344
130871,9.261234385417271
130872,13.055932830043478
130873,10.611266230518758
130874,13.059426279666766
130875,11.900654630100224
130876,7.173282082116151
130877,9.74137578901483
130878,4.259113012205434
130879,15.039875807912548
130880,9.83168418393295
130881,10.856527211278056
130882,4.188881918577228
130883,9.61296283107117
130884,14.13197764314178
130885,9.046618777478104
130886,11.5216655180015
130887,13.302488826195324
130888,7.2830303275680865
130889,6.783649892399181
130890,8.62721093496591
130891,8.60489017062263
130892,10.047111357665647
130893,14.427507203981042
130894,8.480526682041567
130895,10.74980159012728
130896,10.333707679574072
130897,11.36797593941463
130898,13.433003883652924
130899,9.583151858510433
130900,15.951936882863524
130901,10.115624925663038
130902,9.695170944154736
130903,14.14813129293581
130904,10.141173728142657
130905,11.313976926917032
130906,11.843654828013621
130907,4.771322263019092
130908,5.562322001805471
130909,9.364270833936512
130910,9.85989234478146
130911,9.310068476930672
130912,7.386166450131482
130913,12.510935713083583
130914,12.396903850313722
130915,7.994970650305438
130916,11.172858467700342
130917,8.40006769864966
130918,9.425685071366562
130919,11.02148601457085
130920,9.294541196112423
130921,9.391208408801006
130922,10.99808826985882
130923,10.669011498772642
130924,16.417839372644572
130925,8.817305779913244
130926,5.536200165186782
130927,9.636863032514347
130928,10.406305054875741
130929,6.441507270935577
130930,10.714803960365042
130931,12.769141705497441
130932,8.38396846571494
130933,10.682261779411315
130934,14.534304077287596
130935,8.481090789203662
130936,6.069953361526622
130937,8.237505669952924
130938,9.83541533747347
130939,7.574160174208293
130940,10.821299920335496
130941,10.680402938639435
130942,9.4108813854101
130943,14.178893913643194
130944,7.416891720631798
130945,9.97871494348272
130946,10.02295767968285
130947,9.420739917509003
130948,12.876417146599726
130949,7.149980317414678
130950,5.02978762728692
130951,7.630361226656056
130952,7.340325546950952
130953,10.617135792678603
130954,11.79948307212733
130955,12.60405682572087
130956,7.97724910828164
130957,7.179064793217141
130958,12.220059809959832
130959,7.0189153681106
130960,11.33816439138567
130961,4.02638080572771
130962,9.969972811961886
130963,10.790768594042273
130964,6.83068511864475
130965,7.389203747671452
130966,13.11101204039797
130967,8.191100955876626
130968,10.70282019562288
130969,7.170943607692797
130970,9.001338382302475
130971,12.092039986672258
130972,9.402541537957564
130973,8.345769933412768
130974,10.217286378621589
130975,8.54637746017267
130976,8.17542030115196
130977,7.201347865716241
130978,9.695882957456153
130979,13.084136985506024
130980,7.1289275588933005
130981,8.76944215578084
130982,9.641317987594887
130983,10.066975601638436
130984,10.969354761722814
130985,6.2635230380573335
130986,14.41077517510854
130987,5.605958618282432
130988,7.66291064283659
130989,10.682725115902404
130990,6.89654280139383
130991,7.891833339108861
130992,8.956494163655037
130993,11.225525089446755
130994,9.362480339494159
130995,8.36417303639744
130996,10.79904006889507
130997,11.692380439317906
130998,10.170958663950396
130999,7.516398001538713
131000,9.648371665917914
131001,17.158227817541796
131002,8.160510184786215
131003,10.432345799508179
131004,5.943050614914623
131005,9.53118245402849
131006,6.689943426727194
131007,10.85205148383915
131008,11.045349294747009
131009,11.279968148790587
131010,6.48648192249195
131011,8.391415659197907
131012,14.749681117744974
131013,4.971156540205031
131014,12.3702767173428
131015,10.290587381524432
131016,11.291479871222464
131017,6.534958380244109
131018,14.442752156489751
131019,8.865180986056682
131020,9.327300679923317
131021,12.451287257379388
131022,9.752558886423515
131023,8.37747696527536
131024,10.201510816990485
131025,8.818714214308129
131026,7.1745212765478055
131027,13.45906046576207
131028,6.849486476480328
131029,7.603177280511472
131030,11.62859616577482
131031,9.669839392160453
131032,12.837565311498073
131033,7.893150985673148
131034,9.101945904699894
131035,12.272012987945264
131036,11.295670070458234
131037,11.358992575711563
131038,8.202084570367537
131039,10.997366169026247
131040,9.072265607791982
131041,9.75489005030187
131042,8.52708675765204
131043,10.543904834401015
131044,8.303570721920245
131045,10.092806487649534
131046,9.734924391027457
131047,4.589145632321063
131048,12.189004184105741
131049,14.677669915420609
131050,10.674341980116363
131051,6.0501406551801615
131052,10.276420096560788
131053,13.318117958063713
131054,10.099914947706154
131055,8.483528393003683
131056,10.67531652090904
131057,7.893442127985469
131058,12.560408342184186
131059,9.672426352055776
131060,10.531133842999887
131061,9.234545747007
131062,8.969196560757423
131063,9.198728192356743
131064,12.72264142975076
131065,9.006560545826494
131066,12.193466466936151
131067,9.294965419611005
131068,10.557335950770106
131069,12.136175549952652
131070,7.99305517745141
131071,9.205484539206703
131072,11.415623448860728
131073,9.350028374939065
131074,10.591108153466712
131075,7.736999061265452
131076,9.16082451001584
131077,9.678598052639677
131078,10.168828884552962
131079,4.408467694665646
131080,7.526690184180273
131081,8.782611524710664
131082,12.659872161882546
131083,5.493816793173986
131084,14.592679257053897
131085,10.605292982489408
131086,10.247233069427425
131087,9.462762605878655
131088,7.5530350708516565
131089,6.858548728238761
131090,12.909852881773304
131091,9.372409799958834
131092,9.21492182757358
131093,10.255594986938355
131094,9.769036156602397
131095,6.157484146478976
131096,8.020887298801563
131097,12.521931665116844
131098,8.235612688032884
131099,14.930506875061235
131100,4.2622502207378705
131101,7.744533554489341
131102,9.763176751134566
131103,11.548916849789585
131104,11.0830983082465
131105,7.33560385699206
131106,7.337693730163741
131107,13.94405073232108
131108,9.632063696282405
131109,12.277923989042135
131110,6.206632437659946
131111,14.529103700631094
131112,9.764772471747857
131113,9.639814827223235
131114,9.344639371226029
131115,11.420882723731326
131116,9.344009107468649
131117,7.081626330512856
131118,3.973155984358416
131119,8.833637833234063
131120,5.828027775034213
131121,10.346652701282789
131122,8.93135142060652
131123,11.4050509418211
131124,11.467611742634059
131125,13.918018735822368
131126,8.796326101931102
131127,9.065973478121084
131128,11.793091156583243
131129,11.18544023105699
131130,7.653536546869101
131131,12.719520671203474
131132,9.889187608264013
131133,7.273642052396982
131134,5.182913098310363
131135,10.172851515171635
131136,6.020769205437334
131137,12.596414571194913
131138,8.744656394530699
131139,11.470290852484757
131140,11.259127955643105
131141,9.862551300513864
131142,5.299499843731579
131143,13.1916629443386
131144,12.456721053401067
131145,8.513227392792803
131146,9.036486900442128
131147,7.014596273016127
131148,7.2555023633014555
131149,9.322021604971301
131150,7.937053973217902
131151,10.544454545293808
131152,9.62618659274161
131153,7.903961402058663
131154,4.220471239365659
131155,5.020691820963076
131156,4.666175582838917
131157,10.434214846130443
131158,10.414714461079157
131159,11.781066903347279
131160,9.993529683777407
131161,8.212750629033593
131162,11.690483913450251
131163,8.601469997565985
131164,9.98224398992137
131165,8.432295317938328
131166,9.928005434993953
131167,13.54559741983555
131168,10.323917036551364
131169,10.428259895545732
131170,5.630917451694021
131171,14.940213893999598
131172,9.817697501564203
131173,14.62035664391102
131174,8.98103559821393
131175,6.401546355033345
131176,14.050153768837678
131177,9.53230062641688
131178,8.036516442487502
131179,12.414426863637058
131180,10.336805079876779
131181,10.584805752600541
131182,14.44819119643972
131183,6.671057931822628
131184,8.38971428644579
131185,10.448758131060409
131186,6.721488945040744
131187,8.478176015609979
131188,14.358826733887373
131189,9.139338899794053
131190,9.145073753224807
131191,10.448993977413167
131192,8.170212312368275
131193,9.800488526478205
131194,9.548134768721997
131195,8.613473534845477
131196,11.51595574424096
131197,12.652674412694957
131198,8.484642813562129
131199,10.513225507799053
131200,11.847049124320545
131201,11.97867462943592
131202,11.676475971642686
131203,8.89634641343979
131204,8.376247158376296
131205,11.600926328820377
131206,6.836610575038151
131207,7.196712755684507
131208,6.598505885302811
131209,6.0961912977922506
131210,9.39889378965282
131211,14.436925956839243
131212,9.40175684133646
131213,9.71182007852062
131214,11.833378617547256
131215,9.541681307248297
131216,10.565678182470375
131217,10.415530130637837
131218,9.235335198289128
131219,11.244076539908004
131220,7.566052872815623
131221,8.959863880801555
131222,8.543528142158356
131223,8.39858725549874
131224,10.67117626027301
131225,12.14219944327682
131226,11.308669701491672
131227,9.234021940999385
131228,10.754571614153312
131229,11.612608071522482
131230,4.625599959546326
131231,6.2529170830971745
131232,7.047119515928456
131233,14.538942481488638
131234,9.226064363044433
131235,11.547421714001363
131236,9.592211364816482
131237,8.990177655031161
131238,9.813793798186103
131239,13.124656823328195
131240,11.909548305365506
131241,9.000197629001903
131242,9.468813562574123
131243,10.69677864935468
131244,10.684865419472583
131245,10.421586285544373
131246,8.819968976653191
131247,10.625241465188305
131248,9.607314360148678
131249,10.251451958438583
131250,7.842420933468214
131251,12.856343287884357
131252,10.922218840798939
131253,9.377971468093083
131254,15.237400364780594
131255,11.042786880775486
131256,14.549225358851407
131257,8.265887759133088
131258,5.620908077296347
131259,9.864296335661786
131260,12.633801746192372
131261,13.113561229521448
131262,8.541012632244291
131263,9.107609505975677
131264,8.307162874286425
131265,10.470906378782425
131266,8.467292608858438
131267,10.052671108629637
131268,7.250205174303926
131269,10.475562462780669
131270,9.152253300626807
131271,18.200052755083664
131272,8.917255873984507
131273,11.757445462972967
131274,12.173987480108298
131275,9.7109665786567
131276,14.016935800120427
131277,7.732381443600021
131278,7.06533324749674
131279,10.730167412070614
131280,9.064705089832582
131281,11.880149083123861
131282,9.914809988823052
131283,9.361167188518582
131284,11.302290337947756
131285,11.015020677162626
131286,4.060906656023793
131287,14.252341275765811
131288,10.026063711288218
131289,10.031400753531626
131290,10.497156053455708
131291,11.3730326955429
131292,10.026075068318343
131293,12.479941192092674
131294,5.64971015433551
131295,8.824498218497329
131296,7.381199818232053
131297,9.28334810975971
131298,9.183345948557246
131299,7.405951469767811
131300,10.227103914367934
131301,11.920999737221305
131302,14.059368677591873
131303,5.609927389375518
131304,10.75012331697108
131305,8.52195538500572
131306,6.739822790338371
131307,7.476726837665689
131308,5.911472001343911
131309,10.625854731074453
131310,11.432522426211987
131311,11.148730288146156
131312,9.085417802370937
131313,8.649846421605973
131314,5.9109926670342166
131315,8.24896802804441
131316,9.864359926453357
131317,14.5286739074859
131318,9.05922369490688
131319,8.15504416396949
131320,10.047468694520912
131321,6.395415199641376
131322,13.102796179556893
131323,10.797328887047865
131324,11.065895597930677
131325,10.960451946778724
131326,10.855208835567817
131327,6.208915126272851
131328,9.913042297896963
131329,11.04182217789738
131330,11.751196544419116
131331,7.41213227477977
131332,14.512722881386026
131333,9.390504397281834
131334,8.843940118203843
131335,7.090038073816291
131336,8.416939757160126
131337,11.693196269492322
131338,10.562484854894063
131339,10.64738600977683
131340,10.541070092856147
131341,7.7142301851916155
131342,12.695024638870624
131343,6.926455810678581
131344,10.259491387715471
131345,13.126866987066615
131346,10.641289123491678
131347,13.85839110876679
131348,13.539791452591228
131349,8.906604800800562
131350,10.528271168738394
131351,11.452370646844965
131352,9.103490636276467
131353,7.079547991053852
131354,9.30309209118827
131355,13.245783920849012
131356,12.206660011433652
131357,6.707545848341863
131358,11.10927427636272
131359,10.802229256747932
131360,10.198760839459684
131361,8.298520618722875
131362,6.426084605884748
131363,5.412329845342919
131364,8.273117921202484
131365,14.59358036807645
131366,9.534005260190948
131367,12.533275601190923
131368,11.003939870256605
131369,10.205999739073764
131370,8.179655544919541
131371,9.848691657789884
131372,14.470874807388137
131373,13.802794276400823
131374,9.925409936549837
131375,8.581357106894755
131376,9.562904842736263
131377,11.28445521872803
131378,12.153159585438306
131379,10.059400962881167
131380,10.269333208421006
131381,11.329361316603833
131382,4.088192620253005
131383,10.203183629015523
131384,11.286227399759728
131385,14.59434526221312
131386,10.499543598213343
131387,6.0972064180096615
131388,7.459539796199972
131389,8.140525909922228
131390,4.9929162551772865
131391,12.81727645694528
131392,8.441675965829967
131393,9.33205181305092
131394,9.611693821358582
131395,7.632673301451779
131396,8.833372450843362
131397,12.793332602498536
131398,10.59537891240328
131399,9.642778495485596
131400,13.298289281697794
131401,9.888040259600032
131402,10.150698268001943
131403,7.174325131069303
131404,10.275499158162141
131405,9.629925091458185
131406,11.99704189139627
131407,10.397093959431986
131408,9.31281581168266
131409,10.861566121287165
131410,12.229042159632892
131411,8.759916868548071
131412,6.319886822793163
131413,9.799327426120946
131414,12.101965873309354
131415,7.798119504015473
131416,9.68411310728627
131417,12.149373930896228
131418,5.336304619390978
131419,7.23806278994916
131420,12.094724900569409
131421,9.224156942861443
131422,7.136781122352012
131423,18.239094338270966
131424,4.543824915818544
131425,6.501941045764548
131426,9.798527927131866
131427,6.9346029745005096
131428,7.080952906378094
131429,9.859267880649211
131430,10.625671334379373
131431,8.66063818693426
131432,11.527935679796494
131433,11.612826814599668
131434,10.040124824220229
131435,7.695582852719244
131436,7.603626016715205
131437,10.277508530444251
131438,9.93973353371665
131439,9.385661657950347
131440,15.192953313072248
131441,8.371909456845646
131442,11.047930516029467
131443,10.845896561198199
131444,11.243415782221266
131445,8.90058611671762
131446,10.321235179798606
131447,9.053980453794093
131448,8.473304708418905
131449,11.90350165615219
131450,6.97957273557491
131451,10.020368571997214
131452,7.508589321500301
131453,8.474525151826828
131454,8.424627541196262
131455,8.848876184157263
131456,11.461626559376688
131457,9.230629030270245
131458,10.90380024413944
131459,10.549455872584911
131460,7.991635328042294
131461,5.1515846790231645
131462,10.114177021623755
131463,8.866732208885246
131464,11.331895345653768
131465,9.385604174937802
131466,7.870484638460779
131467,10.199606778926146
131468,9.203853957851587
131469,12.933955619352371
131470,10.666830865187041
131471,12.854600168979474
131472,6.1460173991905105
131473,13.414190876584925
131474,9.558244601718272
131475,11.298291916876584
131476,8.21104570296499
131477,6.443206841334382
131478,9.368702167594646
131479,10.615965533332602
131480,9.670229340431414
131481,11.889522858261078
131482,8.315543886672192
131483,11.28923900344702
131484,9.231593635858149
131485,8.614281478368465
131486,9.558980048708092
131487,9.251868415345587
131488,11.49865383192564
131489,8.133733676004653
131490,11.820178703297078
131491,9.799248007196862
131492,12.975729778910615
131493,15.048857587853757
131494,13.916754400232938
131495,6.8326539080834605
131496,8.125693171815332
131497,9.37958417943457
131498,6.809989503000629
131499,16.436441269318017
131500,12.052296625439464
131501,7.0303499927599145
131502,10.501102985969549
131503,14.252653899634343
131504,7.212428051834857
131505,12.543276597353891
131506,9.189307010512566
131507,4.125773579730077
131508,6.182329223155866
131509,11.65274922902385
131510,13.235815133850618
131511,11.06998462693304
131512,7.5201122455587965
131513,9.15168012919109
131514,9.167004059241943
131515,8.700480908370142
131516,7.445034524628062
131517,14.286453305825773
131518,7.455465573304613
131519,9.831736469806296
131520,8.036485280695226
131521,7.914147226117157
131522,8.230828267620115
131523,11.227670789138262
131524,5.766838285615198
131525,11.404811484957884
131526,9.968669884011954
131527,7.897264992336704
131528,11.072694190532559
131529,9.133982296548272
131530,8.75797375920725
131531,13.966914132858832
131532,11.223484585580978
131533,9.209277086356122
131534,5.693938854217865
131535,7.599240845676084
131536,9.5866748935585
131537,6.301188765873222
131538,8.356028946258999
131539,15.191412023422703
131540,9.09931551484406
131541,12.93792298837703
131542,10.908503210068384
131543,7.46078491673881
131544,10.018449493775725
131545,8.827289866924172
131546,7.40146356403353
131547,15.068881344530018
131548,9.262163597024195
131549,10.947827513822533
131550,11.51158279059533
131551,10.00394266840223
131552,9.363476946042265
131553,7.231502723082706
131554,8.640094009346527
131555,10.422435017710486
131556,10.961522767160291
131557,9.499118910870084
131558,12.445827685732901
131559,10.667086270260643
131560,8.196462935536987
131561,9.596949708613256
131562,7.1257194434613655
131563,10.373501008691221
131564,9.26146077348304
131565,10.509491007487277
131566,10.390979270196993
131567,9.09102488403109
131568,15.637877055066431
131569,12.041506803537654
131570,8.312199748785384
131571,9.508618854052106
131572,9.761699518659768
131573,9.950999170097687
131574,13.899271984655368
131575,5.758759477524526
131576,15.102607790771705
131577,8.176888686238334
131578,6.814331704238848
131579,9.290026422752046
131580,11.265094756433223
131581,10.333027306413863
131582,12.47524758801941
131583,8.070734452023196
131584,15.441092548250538
131585,14.164507582906651
131586,11.422175155170887
131587,7.189732427864629
131588,10.080096555738509
131589,9.804336505591749
131590,7.877699738279874
131591,5.834878227280018
131592,11.387034203466461
131593,7.601539405542757
131594,13.769819822598382
131595,9.268528510092045
131596,10.949287165853816
131597,8.492445573334024
131598,8.12734852414554
131599,9.428019906353418
131600,11.395989364268395
131601,10.281677150325438
131602,11.057354038545363
131603,4.513320939941078
131604,9.07350815750721
131605,11.790179395287101
131606,11.873777197233292
131607,11.846843073497704
131608,6.230909476189639
131609,12.330235529419957
131610,7.825092999549557
131611,17.70106587565092
131612,8.440244129863032
131613,12.590225369578217
131614,10.294900307983143
131615,5.739282060927155
131616,10.373471750034833
131617,10.567305676480023
131618,8.304136126575017
131619,6.816198245109831
131620,13.424598474939192
131621,13.038932614463395
131622,6.691063871267259
131623,10.052910645407684
131624,15.739888979229558
131625,9.387224456202357
131626,12.658134392439923
131627,8.93313915143241
131628,9.375091435385809
131629,12.83250060388335
131630,11.137577099260865
131631,13.609205989626219
131632,7.8791638275559475
131633,10.82705635044289
131634,9.237963030402353
131635,10.591216639415505
131636,9.474965126237166
131637,9.735754905186283
131638,10.960297313325409
131639,8.565662127308176
131640,11.329655811214007
131641,12.595993828559433
131642,12.010166920354557
131643,9.27197691935078
131644,10.219137177257899
131645,9.084634286201513
131646,9.964935494628913
131647,10.417151671412885
131648,12.673535503877627
131649,4.962809116813971
131650,4.241507716326091
131651,9.561484016788588
131652,8.453182305850003
131653,12.088157732177166
131654,10.72443690850284
131655,7.370262028309483
131656,8.586207392245052
131657,8.095735693348889
131658,12.179115258232567
131659,7.601071224028544
131660,12.609424063124493
131661,8.936934849270473
131662,9.951896542056243
131663,9.715032473578548
131664,6.517805231665326
131665,9.690119963082115
131666,7.558574242964873
131667,9.309605259189187
131668,12.511966341770567
131669,5.032250795014511
131670,7.911612079354169
131671,6.22412244259523
131672,11.537485118024385
131673,10.050233824804096
131674,10.637316552727144
131675,9.927574884374843
131676,4.8202331166155234
131677,7.323477619905992
131678,14.498486571488836
131679,10.738634128637042
131680,11.693555963313468
131681,9.93316585885871
131682,5.245422223421235
131683,13.433129892740714
131684,14.687202510773886
131685,7.8939652286644435
131686,16.113734987728595
131687,10.356845492086396
131688,9.730428660958072
131689,8.445737679956997
131690,11.161786291652252
131691,15.869252089168322
131692,9.65195814249067
131693,6.145418121418624
131694,11.635222526376968
131695,9.54944178815274
131696,9.70750995328925
131697,9.800610334220382
131698,7.397993867169921
131699,13.60911949459872
131700,7.460408642704292
131701,8.24268088833173
131702,5.739029977879023
131703,7.939207117616045
131704,8.546946365916948
131705,4.127175092030436
131706,9.576228313445338
131707,15.411946540988788
131708,12.219829858589634
131709,10.070139841673047
131710,8.483973319285816
131711,9.096848711912365
131712,11.399352947879317
131713,11.755814767130406
131714,9.345940122836861
131715,7.981276397617345
131716,6.115435425114635
131717,7.310735019195294
131718,7.557907293699422
131719,9.86319339206458
131720,4.046791447466383
131721,7.053377618640987
131722,9.269275824748654
131723,11.090388165668655
131724,12.33525562282534
131725,9.794044381956985
131726,9.623355632661358
131727,6.215527703103396
131728,10.03806155624024
131729,8.277436835714742
131730,7.230357552668527
131731,9.450348339969544
131732,8.675699178382246
131733,9.863444967121493
131734,8.453566161700513
131735,10.709172610810253
131736,14.702827495765263
131737,10.511282596650805
131738,10.66369936539717
131739,7.682164314475512
131740,10.956413492280296
131741,6.1338814904133026
131742,8.060996007995044
131743,11.234366046843743
131744,9.698771495832423
131745,9.559399965226772
131746,9.00430504949029
131747,13.860473168112511
131748,6.240867003859849
131749,10.10487187383019
131750,11.611799260311498
131751,10.875560737830265
131752,4.613799405066983
131753,8.629554690449785
131754,8.274824538512567
131755,8.323162375661795
131756,11.303286086462176
131757,9.078126774356859
131758,7.840842123106678
131759,9.732244529771894
131760,9.258031434237505
131761,9.401219056679313
131762,7.4561068972640285
131763,6.214290611143953
131764,9.50115769514077
131765,12.39830136494408
131766,10.73212914917105
131767,8.263380492124758
131768,9.418993156720562
131769,12.8306228353795
131770,11.811243893041068
131771,16.487415807502725
131772,8.273389961464252
131773,10.9278333598545
131774,11.725879868960323
131775,9.714614694426675
131776,8.81547336269279
131777,13.486711648015296
131778,11.400467367025824
131779,11.220120194349683
131780,10.745354460085327
131781,7.224245917726549
131782,13.159829939266208
131783,8.73041840341183
131784,9.901780596618261
131785,11.29707136037712
131786,12.887042880944387
131787,10.176362046968531
131788,10.467568414494114
131789,6.2893832486552155
131790,7.193321691374678
131791,14.747341974208036
131792,5.098908709367463
131793,8.184591123423752
131794,5.390380035330297
131795,12.383278442328827
131796,11.148959293283061
131797,6.874123956296218
131798,10.794935429692874
131799,7.413755436100561
131800,11.432199996839982
131801,6.56025092374568
131802,9.424313569854073
131803,7.009663768083253
131804,10.922506765199412
131805,8.210525252821416
131806,6.53259753160056
131807,11.409167607468099
131808,9.013592210975656
131809,9.68730602992358
131810,8.011905636399401
131811,10.112548381974367
131812,8.686529947963262
131813,13.940420780853078
131814,8.550909361232804
131815,19.01659165780973
131816,7.148796191825627
131817,7.043878269571515
131818,9.970180555722123
131819,9.903677238203425
131820,9.222719053195139
131821,9.570864962698751
131822,7.395141102929399
131823,9.296633422757818
131824,11.55181650608969
131825,10.06981839038423
131826,9.720618349607422
131827,8.38569134807301
131828,5.569336862338957
131829,8.37839433494985
131830,13.892942619078159
131831,7.844478719052683
131832,15.60965770757898
131833,7.967973030653008
131834,10.14879969604149
131835,5.9411140538488985
131836,8.415151939448862
131837,9.742962946489364
131838,9.17332346867742
131839,6.249196605614325
131840,4.62721010644023
131841,11.22820798699153
131842,16.785277614117387
131843,8.209889184573592
131844,11.205191059262832
131845,13.182600040497329
131846,9.1733102059893
131847,13.731247566361002
131848,10.536772057332245
131849,10.098291424928457
131850,6.517345678567713
131851,7.300568516514886
131852,6.43486484900337
131853,8.474811404001189
131854,5.34092172874092
131855,4.779855548999525
131856,7.9084299102919475
131857,8.95841321458052
131858,10.623721399797981
131859,5.793274691333421
131860,9.960131210970825
131861,7.797340831753198
131862,8.480519500296976
131863,7.141144745097931
131864,8.413938251053398
131865,6.905124453633223
131866,9.573345131185071
131867,16.159346223940805
131868,8.78598536243074
131869,10.63484665406549
131870,9.727062683678371
131871,5.13608428439229
131872,7.831157204692097
131873,9.19354415185487
131874,10.05061872494324
131875,6.312209328302905
131876,7.24258654809867
131877,9.24875668954603
131878,6.786511755119681
131879,10.583011858306918
131880,9.013194897105974
131881,8.3337304051085
131882,7.404339153287671
131883,15.61205088788282
131884,13.42560074131526
131885,10.353375404578522
131886,7.44236784942307
131887,6.7897328038476985
131888,7.586510993372874
131889,9.777458185360917
131890,11.606120105010945
131891,5.88452972830211
131892,13.454574184099574
131893,6.940171654384926
131894,5.831833830459333
131895,13.50790900794307
131896,12.476181703061481
131897,9.763743255340632
131898,13.352812016380465
131899,9.56189995602766
131900,11.293457406838074
131901,7.082098393025211
131902,6.6407619684319315
131903,9.207126745007582
131904,12.096359790766643
131905,9.857595864582107
131906,11.645897426560007
131907,10.20905397865975
131908,9.965317923522713
131909,9.600857492363431
131910,6.299277586660041
131911,7.514178915680384
131912,8.192818890300344
131913,13.872063830952024
131914,11.31403849522294
131915,8.764611187318199
131916,8.625653130681513
131917,9.222886217542401
131918,9.620179061593003
131919,9.062298342033525
131920,14.492073019188268
131921,9.633588441131893
131922,13.080951281455313
131923,11.418083917111215
131924,8.464010041141744
131925,7.487494531436667
131926,7.099242708312557
131927,9.5814672378211
131928,10.21148003571203
131929,8.979322502840038
131930,15.79232008810869
131931,10.238858123528448
131932,10.962265238181255
131933,9.990509750099145
131934,9.136113125504583
131935,10.36576601162038
131936,8.630060521992943
131937,5.754810571557116
131938,7.525316880482633
131939,12.719980978331705
131940,9.490299356731166
131941,7.232351039934274
131942,8.305639679820516
131943,13.267108610251729
131944,12.901191737897232
131945,9.64934710675827
131946,11.326619852029776
131947,11.145201420241845
131948,13.147433316436459
131949,8.791043329840331
131950,9.236635691682526
131951,10.100310170175371
131952,11.027932828798937
131953,17.033421698931544
131954,7.482590645641407
131955,9.463746855368008
131956,4.290337162860819
131957,8.924779688419417
131958,10.1199636614415
131959,11.492085941530679
131960,9.784292928684632
131961,12.61690918968496
131962,11.700187057082696
131963,6.378423740507923
131964,9.318428314806201
131965,9.713945024966199
131966,5.939961317120786
131967,10.65411356779833
131968,10.429767060167077
131969,4.827108156407865
131970,3.981707034836641
131971,11.98670620877975
131972,8.408085743487538
131973,9.068671309058182
131974,7.8385296059163
131975,9.472034803048874
131976,6.431461925623154
131977,10.111254971169014
131978,12.043384954213508
131979,6.64675207133728
131980,7.432685383672509
131981,9.091330858301852
131982,11.345009212106827
131983,11.657037949538728
131984,8.310731208501497
131985,15.893397745688674
131986,7.361777176375787
131987,7.351840660301536
131988,10.1074377117592
131989,8.593763496051345
131990,11.355126531433228
131991,9.422558865546668
131992,10.638332028248591
131993,7.243813139242194
131994,9.319699784693679
131995,11.312215362122373
131996,10.413151076518659
131997,8.047837367639826
131998,12.853047980410471
131999,8.21433414626541
132000,11.61193427138827
132001,9.589298305507583
132002,9.167857571477871
132003,8.402466177611283
132004,13.623049118847698
132005,12.49964655615287
132006,11.182152881398896
132007,16.112067095550977
132008,10.909014639951106
132009,6.588490202716393
132010,8.186636880417648
132011,6.772898527282545
132012,9.003133135628712
132013,13.097170622914907
132014,6.003783387235677
132015,11.389486418538947
132016,11.572705197492393
132017,4.298624901232233
132018,10.146716329869092
132019,9.562234180751563
132020,7.0499653522387415
132021,14.409672767641473
132022,9.457117791340274
132023,7.960520922908043
132024,9.086427673140324
132025,7.1297434039691465
132026,10.298507063695613
132027,8.355077285205294
132028,12.79297472278015
132029,9.596394549510926
132030,14.677755553549408
132031,10.720402366612612
132032,5.682424785187543
132033,14.07988202540532
132034,11.036032585077306
132035,8.877294965273283
132036,10.29792436879843
132037,9.880215339356612
132038,7.795653669583475
132039,10.033440128407124
132040,13.32315601685421
132041,8.620189859195408
132042,8.79362168896995
132043,8.491744929023
132044,8.974265269847994
132045,15.561156516889733
132046,9.149176824179214
132047,8.322621042860089
132048,9.145056183232352
132049,7.078951695231744
132050,10.152423586729718
132051,7.540432456746425
132052,9.081471438889258
132053,9.554047040230156
132054,9.190163482060038
132055,6.735609505392671
132056,10.781978541207435
132057,7.366837866674935
132058,10.830009312988022
132059,9.091745523541752
132060,7.316460730787091
132061,7.445042119106302
132062,8.410555434635796
132063,14.12257984240668
132064,10.882706738786155
132065,9.395789921918356
132066,9.352696834940343
132067,9.401769212833795
132068,6.595621011419861
132069,9.317443649218763
132070,10.893808220680924
132071,7.095845984131233
132072,5.23623018469282
132073,5.314221269466548
132074,4.6893013554407394
132075,10.114347820905483
132076,12.976055026002872
132077,8.580579271973033
132078,10.498219290437607
132079,4.116035698411599
132080,11.359154560657286
132081,10.306555717166393
132082,8.962718610501778
132083,8.122653284467303
132084,11.181534368281955
132085,7.463283894136832
132086,7.292194872267894
132087,8.366689179234921
132088,9.937274277887365
132089,6.2836480797046175
132090,7.299603562855038
132091,7.934502920140995
132092,5.509760768256191
132093,14.510124404586282
132094,7.463604673752781
132095,6.7134234862201625
132096,15.536200168018098
132097,8.129041337603947
132098,5.663092737204546
132099,10.18889262286094
132100,11.935271917009292
132101,9.103051384382242
132102,10.249206965184142
132103,10.748558937396675
132104,7.777347981549833
132105,8.510636221387246
132106,12.498880743894258
132107,10.801153168568193
132108,9.213477222368983
132109,11.116925929415137
132110,8.329005962996026
132111,7.373631003143792
132112,11.382743276469904
132113,13.703241382767226
132114,8.800464410682375
132115,17.441473922569106
132116,10.007833929096915
132117,8.416575828009597
132118,7.296755112481035
132119,10.254689838796438
132120,9.77566255993547
132121,12.697076283847187
132122,9.91756449181305
132123,9.922546042858002
132124,13.612731870883602
132125,8.639837952009572
132126,9.002510896294543
132127,7.592982706683938
132128,10.670297276618443
132129,6.724265413328377
132130,11.137828156426645
132131,10.600859675124147
132132,12.786755485854053
132133,9.811500609953843
132134,13.997177715928126
132135,8.628619226170313
132136,8.751775771175009
132137,11.65491857840452
132138,9.775788643457954
132139,5.083144272075964
132140,11.534518659718056
132141,6.43401705429756
132142,11.57737754326887
132143,10.416553715748469
132144,9.319614710885393
132145,7.078288259961113
132146,8.257937975210433
132147,12.072305928765385
132148,9.735093459039337
132149,11.876038859173129
132150,11.890124205169565
132151,6.196799760175796
132152,6.726243267922392
132153,9.874040796021529
132154,8.82910244457408
132155,8.060423921524531
132156,9.746764471906124
132157,12.633919803848285
132158,11.816072867491496
132159,5.441302929691992
132160,11.495273093026544
132161,11.831043385276336
132162,13.743589312754747
132163,14.440075997050425
132164,7.460430637124988
132165,10.603822132333024
132166,7.631017632490803
132167,14.739198788062604
132168,9.936546052699834
132169,9.820587387453767
132170,9.007890915078686
132171,11.220321734448474
132172,9.124487813061817
132173,5.232227060007434
132174,9.682360361509737
132175,10.318064507368069
132176,9.69959361413645
132177,10.885978162311021
132178,10.694034549193528
132179,9.742798539788472
132180,10.51228456870802
132181,8.416860899011938
132182,10.018332152968492
132183,8.594947478750829
132184,8.154984682483988
132185,4.606827341783397
132186,6.5738678983902545
132187,13.601279108969127
132188,7.993396491298297
132189,10.672817600043317
132190,8.535618020942717
132191,10.45025993418886
132192,10.279895812708475
132193,8.729816734512767
132194,10.9974247834266
132195,8.910997726927151
132196,11.975400413596969
132197,8.878525324251457
132198,8.16889541989959
132199,9.233690609790122
132200,8.81074370730037
132201,6.956573342803864
132202,7.622882568011706
132203,4.448093652101621
132204,9.812324733383722
132205,13.607999608773346
132206,12.591022273302112
132207,10.072703904696304
132208,14.370374848132297
132209,11.917747859455341
132210,7.930180233953038
132211,9.627621037813357
132212,12.333221097712395
132213,8.979944859474573
132214,9.536129322552243
132215,7.023533290389873
132216,4.497333202068338
132217,8.480602946093464
132218,12.89965243591954
132219,11.192945658788902
132220,9.156881406642189
132221,10.683268175891687
132222,10.026020299965428
132223,6.880378920642779
132224,7.060259681348019
132225,10.962407490629003
132226,8.44141195695598
132227,13.050042208261942
132228,4.040943278005984
132229,8.037397656212764
132230,10.178893732376432
132231,8.059842193407622
132232,8.569303026101252
132233,10.071024971940124
132234,10.142533184638014
132235,6.780916852089111
132236,8.045848146329345
132237,6.989114848443656
132238,10.88583558916577
132239,8.680213375572237
132240,9.81826130629562
132241,8.800609223698261
132242,10.111071615300819
132243,11.35581110361791
132244,13.950300287991322
132245,5.78277309641982
132246,12.228967760414656
132247,7.564087672576517
132248,9.789683052637667
132249,8.199085953948321
132250,12.352154604299978
132251,8.381440050814717
132252,9.007972275110927
132253,17.735079117260614
132254,11.370912438093265
132255,5.938260750595825
132256,11.019868458540367
132257,9.284024768398279
132258,6.614669170534111
132259,4.8279109807087
132260,11.64447043910964
132261,8.934720899879098
132262,8.156123364749693
132263,7.290817110538773
132264,10.616467338652194
132265,10.048142492992753
132266,11.08132525051475
132267,3.9782498757125433
132268,9.411943073643204
132269,9.453841723684537
132270,4.151501945781556
132271,8.675723989037351
132272,10.20879951191812
132273,8.36575594600863
132274,10.602688833859322
132275,9.328016732562636
132276,10.612701763828527
132277,11.92390363076574
132278,19.32249883800542
132279,10.491710834573434
132280,16.580422800314004
132281,12.751614050929533
132282,8.956573609761808
132283,6.0962595055884945
132284,10.54149312414943
132285,11.354774970155935
132286,10.345447902534982
132287,9.08197061209641
132288,6.135506036368652
132289,12.059924594697353
132290,9.34275995662417
132291,13.063601839197162
132292,8.180393904009893
132293,10.58966881282963
132294,13.992946869028836
132295,10.128310686158494
132296,10.5893378396458
132297,11.160414279214546
132298,10.492353327151193
132299,10.058994566701113
132300,6.597740164390153
132301,11.45485815840828
132302,9.146921488993161
132303,7.374860334402102
132304,7.275178814524864
132305,12.085516779214675
132306,11.267169027574738
132307,9.861421967381887
132308,8.874311917493577
132309,4.786282041627227
132310,11.96467907494032
132311,9.883718305687301
132312,9.157732545088939
132313,12.03859903889582
132314,9.392996511607592
132315,9.340568706748178
132316,12.487524958404395
132317,9.703830775599803
132318,9.738310890628219
132319,13.727876486787329
132320,9.744002966066493
132321,9.502762431878798
132322,8.228329890843929
132323,9.12348665146677
132324,13.998576275077061
132325,7.508801836532977
132326,7.039761437264586
132327,9.86196772918227
132328,8.703086854265678
132329,7.874119426030111
132330,8.598446949320977
132331,7.003801361476128
132332,12.062179371779335
132333,6.156460333087021
132334,16.507710073002585
132335,11.094776463678544
132336,10.239973312308871
132337,7.371177743974188
132338,8.977541707910436
132339,11.511375223761329
132340,5.534487112337428
132341,6.961435288698925
132342,8.367344560510478
132343,10.130259945197457
132344,10.702240368495845
132345,9.743698971922756
132346,10.11143871201599
132347,8.445956241217479
132348,11.038844468858812
132349,10.45114834121249
132350,7.481257563318948
132351,6.869230080067595
132352,10.232603853397292
132353,10.414261706052079
132354,11.464265490291591
132355,10.838661244002562
132356,6.494959915214897
132357,9.28683995817144
132358,8.429422619269635
132359,7.2354002299252915
132360,6.128525547394022
132361,9.298245276176278
132362,10.378448908650604
132363,4.053754684274724
132364,9.624579743897817
132365,4.686948193072337
132366,4.468555387788105
132367,7.951177859272434
132368,9.636077980620016
132369,12.5728271231718
132370,7.050381931698903
132371,11.460654743211423
132372,9.309495424218602
132373,5.373406001590425
132374,7.369389914784719
132375,14.738694147948587
132376,12.433755159285043
132377,8.606534822850984
132378,10.361928983490323
132379,11.534022012559463
132380,10.198460616487818
132381,11.443299310448714
132382,7.003346807927365
132383,7.39525239652105
132384,6.694682778525435
132385,9.058289640536936
132386,7.320230753233817
132387,12.10208239516233
132388,7.048888751370107
132389,9.89959272574919
132390,12.400682202373805
132391,8.358488573422955
132392,7.876933860792167
132393,9.008817848308128
132394,8.971054438023575
132395,13.45902288870855
132396,7.3056798372426375
132397,10.420341105257716
132398,11.306688635733728
132399,10.323199577567715
132400,8.758653843478758
132401,12.134349760339793
132402,7.332846079885695
132403,13.56070076742545
132404,9.01897788210837
132405,11.481776429241561
132406,11.358017350706088
132407,10.387343975843317
132408,5.583287343766503
132409,7.642196292909908
132410,10.830117937759189
132411,11.799380781998595
132412,13.354114906012523
132413,8.054057291481566
132414,12.14563234516569
132415,12.305503528970975
132416,8.570189903674963
132417,12.71125407223165
132418,9.686914463574322
132419,5.876687218494934
132420,10.165000672952463
132421,9.693105635943725
132422,5.691572175416444
132423,8.540971555814544
132424,9.455271608339604
132425,7.962326965227379
132426,6.953263295586611
132427,14.650758869320635
132428,5.581271884901104
132429,9.140010248949235
132430,12.525441323484847
132431,8.653614459552397
132432,13.86642143144939
132433,8.390096828329918
132434,10.36611935117733
132435,9.135627005836584
132436,12.294260099381948
132437,9.756788737786586
132438,9.24436672772147
132439,11.412453223923741
132440,11.695201550265693
132441,10.834807044851392
132442,8.336449506072597
132443,12.398325903918476
132444,9.426461747708947
132445,9.248049930695363
132446,10.05131141297563
132447,9.597388678128942
132448,5.805729774223869
132449,10.88959663500035
132450,14.495285401808076
132451,9.865222294674007
132452,9.349506265177931
132453,9.3181585678845
132454,11.288284156235687
132455,9.829007509986562
132456,7.17923381885074
132457,14.070853919102792
132458,8.409314156625717
132459,10.749569936967646
132460,11.758181375421705
132461,14.02289783017819
132462,11.483459707965746
132463,9.296124724153803
132464,8.773859784403648
132465,10.478305410791693
132466,5.492026947931442
132467,8.010524458461632
132468,9.946087901272218
132469,10.533841877049912
132470,9.412813019057523
132471,13.856427728413701
132472,9.388634959128845
132473,13.585653855891028
132474,12.1906659393341
132475,5.1051806399210635
132476,7.638628706546548
132477,6.610509247286494
132478,7.158462734585491
132479,9.235689456845858
132480,9.080888447235822
132481,9.210847842351818
132482,7.352591528678394
132483,12.030945463825631
132484,9.362912312767651
132485,10.118630766855762
132486,9.574922068842008
132487,14.966247538682856
132488,7.418990219131108
132489,11.961244140089253
132490,12.035982434432523
132491,7.786477287587951
132492,14.814126994036693
132493,5.454568756932921
132494,6.117506659627887
132495,13.691786905381289
132496,5.194131814833653
132497,7.208036649348824
132498,9.715933902000796
132499,8.499753815386715
132500,7.56837477511875
132501,8.645793942553963
132502,7.259162186801478
132503,9.9618994654734
132504,10.479017393030858
132505,9.24383713514423
132506,9.765673403091828
132507,10.202435256804815
132508,10.208446203256925
132509,10.197818097602484
132510,11.324041883351644
132511,12.027003681989195
132512,8.386027390995741
132513,7.650496156909424
132514,5.871481900394544
132515,9.663315658931761
132516,12.620691612116119
132517,13.455401961959065
132518,7.89337025895212
132519,8.246143246487762
132520,12.713792652829175
132521,11.817083513616671
132522,7.40665440111742
132523,7.120807451418727
132524,5.502504619060565
132525,10.088297884751544
132526,10.54109124489297
132527,10.380775191119715
132528,14.352461871925627
132529,4.36903728625945
132530,9.414482303971052
132531,6.182908024488757
132532,15.155242071561052
132533,12.687832566085794
132534,4.462907719605718
132535,7.403492992831306
132536,11.15878271320128
132537,10.603302261559376
132538,8.969919669084563
132539,5.3525397962620245
132540,12.93651244931048
132541,9.10214438577175
132542,13.621457663314416
132543,10.446755208380626
132544,10.95506737042888
132545,10.682371243028964
132546,10.86740516828618
132547,15.16194357974749
132548,8.719806775437918
132549,5.598875900291908
132550,7.44370524862354
132551,13.162759045213523
132552,5.098476090306375
132553,11.112911896983842
132554,7.9169711227771185
132555,7.9128951246808965
132556,8.647321300412653
132557,11.12884417632711
132558,5.727367611342101
132559,6.906777838333679
132560,8.560800137050068
132561,7.236804116161717
132562,9.486137674118664
132563,7.1172127708493775
132564,13.137991537224716
132565,7.543734462001128
132566,9.562192339928862
132567,11.858586459121204
132568,8.382939554787487
132569,11.52188476048104
132570,10.41589478750375
132571,5.873668074773425
132572,9.98153834256
132573,11.633620179419172
132574,9.457675051804534
132575,12.549484656430158
132576,8.347281713255256
132577,9.20764016311117
132578,12.374596095213203
132579,10.748002276461628
132580,11.95165503274232
132581,9.608561931048643
132582,10.60699669366456
132583,12.809567219005661
132584,9.397840231366661
132585,5.6081141906704355
132586,12.714418070914856
132587,8.943210234046402
132588,12.479092672214827
132589,10.030563676770253
132590,11.985268376827499
132591,8.73588948307668
132592,11.676053155629749
132593,9.864383168320025
132594,9.834440551806187
132595,9.431322378142442
132596,7.841814759953573
132597,6.948370326465122
132598,11.245663195504658
132599,10.879859006282826
132600,13.672680208876338
132601,9.595959590698765
132602,6.304887300916186
132603,11.310200054990366
132604,15.634383854250121
132605,9.247694364523086
132606,9.483265935764399
132607,13.317920147178006
132608,11.618844910097717
132609,8.939297456648301
132610,11.830695157696056
132611,11.088438108078885
132612,4.030224626692177
132613,10.893256784549209
132614,4.46880578829489
132615,10.39864079720021
132616,11.29896993684948
132617,11.29526164963749
132618,5.241819174790342
132619,5.539241472633715
132620,6.2187568835277505
132621,7.530059977603952
132622,10.826043367261704
132623,9.34166227174309
132624,12.04094201069306
132625,11.110015652723153
132626,5.129841023895699
132627,10.794506161692333
132628,7.708501938008443
132629,16.84164594115851
132630,13.741719259935687
132631,18.001032248957536
132632,5.492401437796568
132633,8.309260234628464
132634,11.87478429061144
132635,11.616252434592035
132636,9.32243226371949
132637,9.709138123142553
132638,10.499461934512675
132639,10.170617459205847
132640,12.564579850719294
132641,11.194404544034253
132642,7.588704073511144
132643,10.871872520486367
132644,7.211761063956905
132645,10.094316443776762
132646,13.274508143074035
132647,10.675413013200487
132648,10.238699844841168
132649,10.401252767014878
132650,10.109143180664487
132651,7.856482041485705
132652,7.509143826604121
132653,9.203061154002302
132654,13.468829563163535
132655,9.336771825096365
132656,10.230837720840455
132657,10.423167888740362
132658,10.702917762211346
132659,10.613396893043339
132660,6.212691613760784
132661,10.272066717257308
132662,11.7899660837241
132663,10.460069082674297
132664,7.320341827077921
132665,10.287471569352013
132666,9.248532593785542
132667,9.435416229088677
132668,8.273539400085022
132669,7.590661234172204
132670,8.463955764755466
132671,14.063570986158487
132672,4.018668343553612
132673,7.061790960104686
132674,11.401355597482581
132675,8.042781729977843
132676,7.3099128953213235
132677,7.205141235460962
132678,13.139830262061272
132679,8.853968380209297
132680,7.506419997551627
132681,9.765791625555936
132682,9.809354382281054
132683,9.33670917734544
132684,12.876952828110694
132685,7.065325865341769
132686,7.864038502865627
132687,17.770935617174274
132688,11.177088217083313
132689,12.387487602831522
132690,9.245406059266415
132691,11.072136865725437
132692,8.872788175173437
132693,10.762581985313876
132694,8.24942747146784
132695,8.406955257989118
132696,7.569882801994052
132697,10.12258625245229
132698,7.565953627665526
132699,9.600665081461674
132700,13.423955739026349
132701,14.943007514979914
132702,5.631562813234898
132703,8.277374595980717
132704,9.771409334197397
132705,13.978203540142454
132706,10.524314075435484
132707,16.832580348708817
132708,8.990446093872064
132709,11.275858318913714
132710,10.110281230980453
132711,6.392726254845511
132712,11.65805722113297
132713,11.445070188530192
132714,9.114753414396654
132715,13.261560721499887
132716,7.095232303613145
132717,5.863880672167753
132718,9.28266043816223
132719,9.750695935010503
132720,10.200644553607004
132721,9.344173818644068
132722,8.309706879305638
132723,9.7149674292001
132724,9.151478274371513
132725,9.008399720475726
132726,6.2041636023671
132727,12.374470765831248
132728,9.450341214738005
132729,9.011597256322057
132730,6.452498142856643
132731,6.76032069523162
132732,7.907870806605374
132733,14.333192255325747
132734,9.156896466283749
132735,8.271534442124429
132736,11.106561115589312
132737,10.10858660091631
132738,12.76691890714562
132739,12.406285220215437
132740,8.061817149048775
132741,8.399999416890076
132742,14.876131663617036
132743,8.120272607148005
132744,7.514745297990612
132745,9.589421373674103
132746,9.012368102322474
132747,7.544126160046597
132748,12.679826757123863
132749,9.479770218311394
132750,8.03461369564336
132751,6.546246233582456
132752,8.986144010434124
132753,9.1767769458036
132754,10.270788479534328
132755,7.603864281487894
132756,14.53822995337672
132757,6.819057067774052
132758,8.149230140340858
132759,7.485557629216521
132760,4.356662731789694
132761,8.219535335402977
132762,7.93306770672339
132763,12.242122418068194
132764,11.36024635411366
132765,11.616389525597839
132766,8.90672492920736
132767,7.095352691736382
132768,10.576458165278453
132769,6.409434143520668
132770,9.17818574693457
132771,10.767189410206077
132772,6.942915912156794
132773,8.543820783614184
132774,5.090461503106295
132775,9.393959278407674
132776,6.9657783669167115
132777,8.599576151276874
132778,9.902353681233057
132779,5.7518383962427375
132780,11.677687799444367
132781,12.230771584347668
132782,7.852262944838708
132783,14.059054320782161
132784,9.356789949318856
132785,8.58884866090916
132786,4.963131882073439
132787,11.942775797885586
132788,12.544896537117207
132789,16.76260157679527
132790,11.517185514543296
132791,7.4160948304863705
132792,8.266894300633746
132793,7.252560813632961
132794,9.80881440761797
132795,8.583372799782657
132796,10.584525548521153
132797,5.664886083949334
132798,9.348422426059134
132799,14.915606919690982
132800,9.388252030402832
132801,6.405475261605114
132802,4.735426541965191
132803,7.312603711078857
132804,9.33005347303516
132805,10.844473240694047
132806,8.719218214126567
132807,7.174227578697417
132808,6.098710820140818
132809,11.82122594857078
132810,7.022460607179537
132811,9.33071529318228
132812,7.573377152249492
132813,10.442449454368415
132814,10.774834547961607
132815,11.081628802644506
132816,10.281867055596273
132817,7.447496673961862
132818,12.032154106210486
132819,13.131017958091665
132820,5.090178606017832
132821,9.166490448273022
132822,8.528737736802265
132823,11.68854776687343
132824,7.003223263984536
132825,11.60747076847251
132826,11.122486921045645
132827,11.183224213828765
132828,8.974775930533372
132829,8.496943628377874
132830,9.889394328237818
132831,12.932661384939621
132832,11.008023316477352
132833,9.768709926933175
132834,9.970597110312756
132835,9.402671860221174
132836,8.513522504184602
132837,8.553821531008008
132838,4.409724106839803
132839,5.61366936807829
132840,10.205422232989957
132841,10.227578799315381
132842,6.717748935242044
132843,8.097530359220661
132844,8.209672517239259
132845,5.928975725156357
132846,8.921543425951176
132847,12.542426934067407
132848,7.467850327162229
132849,9.66600718641531
132850,6.1867760546638575
132851,5.711959167854869
132852,15.58161612288048
132853,9.671050359102825
132854,7.074428269282082
132855,6.239110990928464
132856,9.660382181981316
132857,11.171772182257332
132858,8.247993658938956
132859,7.577654884052555
132860,8.299853906658168
132861,8.1014950822774
132862,5.20387940152394
132863,8.791506079328007
132864,12.479995200526137
132865,12.036662136645976
132866,7.710989120578721
132867,10.47453695899597
132868,9.65587946553838
132869,7.373425536810705
132870,11.261529279987744
132871,9.461387879868651
132872,9.536922576794261
132873,10.458470861202814
132874,10.26033835098702
132875,8.81767558390558
132876,9.646230643348291
132877,10.503989608702927
132878,4.59601777828181
132879,10.247643697159365
132880,12.514181650046758
132881,9.461687408766712
132882,9.402411887166895
132883,13.474082237432688
132884,14.183769124418593
132885,11.76591897871503
132886,12.089410590481782
132887,8.036905819035985
132888,12.669628598988945
132889,7.1683000856962735
132890,9.986149168190039
132891,6.423579058957614
132892,7.257309792266142
132893,9.202496303398943
132894,12.565669798391994
132895,10.43134935763877
132896,9.274021582701362
132897,9.709849944935417
132898,8.484497672727114
132899,12.691941754452396
132900,10.136298801104349
132901,9.997196298353975
132902,9.69262443553576
132903,10.201541615792227
132904,9.392788959140736
132905,10.666121794587758
132906,6.473212203921864
132907,9.807516152046057
132908,15.437064862708723
132909,10.214702695104247
132910,9.491796363452567
132911,12.655750772784012
132912,12.753923457241115
132913,12.384973163145599
132914,10.97115704710458
132915,8.808355145636948
132916,9.680020303741312
132917,8.969663555070241
132918,9.261558608161849
132919,10.478755098058668
132920,13.512874410700444
132921,7.912876581643201
132922,7.560138132351693
132923,6.591932694696389
132924,9.373598021473818
132925,11.825601757768814
132926,9.325286647478311
132927,9.190521732076146
132928,9.178173804607603
132929,7.0856498373649215
132930,13.756017145559266
132931,7.805718584467774
132932,12.620293376036082
132933,4.966856885937725
132934,8.27064158612024
132935,7.476115276730665
132936,10.749054293678935
132937,10.48283281742591
132938,9.253868718359902
132939,6.5236975296633535
132940,7.489755211568076
132941,15.50568221563358
132942,4.975769723683951
132943,9.741925762921284
132944,9.66881597411874
132945,9.807875576349534
132946,8.961609204155305
132947,9.15519635218663
132948,9.16790555269065
132949,7.6336005469665595
132950,9.263843470385737
132951,9.578210645030856
132952,11.17585408549759
132953,8.949242142968854
132954,5.76625621203476
132955,13.138856862273537
132956,10.287002183142047
132957,9.784926218823404
132958,11.528858567354067
132959,8.176403003928652
132960,12.156140433654377
132961,9.165075268599221
132962,14.688960693297634
132963,9.1393806742017
132964,16.757812004915007
132965,6.960268763587743
132966,15.01656302074883
132967,9.901376882272881
132968,8.599154269497443
132969,8.182015000593532
132970,14.641667432193628
132971,12.776982250121698
132972,4.948098962762518
132973,11.696417689101187
132974,10.193042529676422
132975,9.36988043290537
132976,8.284574871546504
132977,14.128711935792046
132978,7.109099802932382
132979,7.168707974497262
132980,10.726084629724836
132981,9.264861565978617
132982,10.406226681649308
132983,7.086086062327043
132984,10.302268044512715
132985,8.806410976122864
132986,9.240805812650553
132987,4.966385733080486
132988,9.02020577940794
132989,9.950388110020464
132990,11.81746816812293
132991,8.743819578828392
132992,9.75436619517377
132993,12.20309734531616
132994,6.460218249848784
132995,15.670250510301841
132996,4.547265717888431
132997,13.142888954851106
132998,7.478458697483899
132999,10.102532073540036
133000,9.890960197182691
133001,9.479820379761858
133002,12.179908155925057
133003,9.781372562485497
133004,8.858126061744777
133005,10.477661879210483
133006,11.807067068224757
133007,10.753546821122878
133008,9.231926429968391
133009,10.468953242246025
133010,4.519632817053104
133011,9.659446250726269
133012,16.514537381887624
133013,6.2118320261215105
133014,7.064512914602188
133015,9.625078106673026
133016,5.406056346063343
133017,5.818494513602138
133018,10.022638460505284
133019,9.730098551277326
133020,10.60251992398969
133021,9.682442125392507
133022,9.519537720363022
133023,7.498886878159756
133024,4.624676862912804
133025,11.891914123130306
133026,9.484766903469286
133027,9.062214309387942
133028,8.324083464127668
133029,7.129222871040783
133030,13.887019219942314
133031,12.44483469878262
133032,10.419993687026636
133033,11.991414254227339
133034,9.568668103900508
133035,9.976383568809732
133036,7.006234665481268
133037,9.897041581175982
133038,7.53739390067607
133039,9.826875976202825
133040,9.411653147736255
133041,7.891216049516418
133042,4.162343134567971
133043,6.923777347223106
133044,11.559626770867519
133045,11.840042721478884
133046,9.498561085403983
133047,7.664888092173517
133048,12.545543046262857
133049,11.529933582078005
133050,12.34364728048465
133051,14.69984226643306
133052,15.65563667195596
133053,6.813060011348318
133054,4.177735513670887
133055,12.734240916858575
133056,6.0631114336547345
133057,13.400953350680012
133058,12.711223957197385
133059,8.850878667515442
133060,9.862912071883269
133061,4.111741193407405
133062,13.856964216236904
133063,4.757539664159752
133064,6.754433679003652
133065,7.602528299408265
133066,9.237630446933178
133067,5.70033511518903
133068,14.330197564902758
133069,9.286039474345358
133070,13.660146951905167
133071,9.477311174453368
133072,9.915719614267992
133073,8.397190350633528
133074,9.341776738775666
133075,8.516622019042625
133076,11.224252915893464
133077,8.745968677993044
133078,7.38800435215383
133079,9.060745522291702
133080,3.960851238307412
133081,10.375287218183425
133082,5.559178432502941
133083,9.881697142714115
133084,8.534176881163752
133085,11.675609791792045
133086,9.62324857998739
133087,6.181357360357871
133088,7.469030413609206
133089,11.09985811998128
133090,13.516469022711519
133091,8.23296233977814
133092,11.253951551720045
133093,10.671019185638269
133094,5.285383048240791
133095,9.184673955193364
133096,12.223028833386184
133097,13.392500758019304
133098,9.16495747200779
133099,10.110341557835088
133100,5.915048708374245
133101,11.734601778439945
133102,9.91877445176038
133103,9.523565422462283
133104,9.85728551704661
133105,10.853630657893403
133106,7.6347897284070685
133107,6.990511151374032
133108,10.725129074088711
133109,10.56646127022498
133110,10.040352069868375
133111,4.488535910738253
133112,11.97895603494571
133113,6.883398295247129
133114,10.2471556623459
133115,8.11407404717372
133116,6.916837711660835
133117,8.845351126005527
133118,14.041080939875618
133119,9.731981005335053
133120,7.1535156506418955
133121,9.175767894403261
133122,9.099031704617314
133123,8.709337200033817
133124,7.706570500175469
133125,15.164216579088693
133126,12.690420581487277
133127,6.115900405931784
133128,11.704890808608354
133129,12.68510621967145
133130,9.013325677560385
133131,11.226549436282692
133132,10.19734735442231
133133,8.925231297334808
133134,7.524861918770933
133135,6.988709543138202
133136,8.005831030110054
133137,5.606337423136208
133138,5.878925886254681
133139,9.639394261552152
133140,5.604681335927131
133141,5.309493256798303
133142,7.556261585836358
133143,9.418041758981524
133144,8.334135187491073
133145,10.820527011132247
133146,4.326627910933558
133147,4.526275843500759
133148,13.986536523188908
133149,8.25766134496581
133150,4.166876636233023
133151,16.667549953085636
133152,12.558496506969988
133153,6.369853339974353
133154,10.492298978227158
133155,10.215918483916944
133156,9.470613698465854
133157,6.1741971025433715
133158,11.18577928093537
133159,6.049703660574746
133160,9.018868659338871
133161,9.003648071948612
133162,9.685321676895594
133163,8.879276756403128
133164,5.654791192361503
133165,5.567815090777616
133166,9.872506177532982
133167,8.483240763633571
133168,6.88918588381039
133169,10.979070762645996
133170,9.4211051385144
133171,10.023455402899376
133172,10.289839496758445
133173,10.42640659650012
133174,11.399729813475398
133175,4.067758918215878
133176,9.300396275336709
133177,11.821413633191206
133178,9.979362612844037
133179,7.299692478059176
133180,6.444187923124136
133181,8.937604137063195
133182,8.142209810823115
133183,8.125948379159947
133184,9.755361552941588
133185,13.385734292597695
133186,9.518994012209452
133187,6.454290385007615
133188,10.812902983152357
133189,5.817917473972092
133190,9.240213629538236
133191,15.230152434435729
133192,6.674292598429616
133193,4.798348941598451
133194,7.2855147484356095
133195,9.407629501752536
133196,7.092992481082108
133197,10.233432970683301
133198,9.547604432158957
133199,7.619278980902628
133200,9.402729759010015
133201,9.033427990053752
133202,8.834843116977936
133203,9.1039511600814
133204,9.316054964235953
133205,10.877961431565222
133206,5.942611618884088
133207,7.575028314685293
133208,11.412058221181058
133209,9.277599462996587
133210,10.42431849554236
133211,9.686208801428245
133212,10.319433730844846
133213,17.780784890069164
133214,16.675583209207538
133215,10.677059760727792
133216,6.4327951052198085
133217,9.280084383741599
133218,6.072453596388269
133219,10.653695602822658
133220,14.037684974301746
133221,10.022483088845473
133222,9.471789800230605
133223,11.742434206009165
133224,4.447165236668052
133225,9.743449334352002
133226,12.060310109098214
133227,7.3472010025712295
133228,7.6430799285078646
133229,8.484138216048686
133230,9.52781076521833
133231,10.91222232308891
133232,14.537545564888509
133233,7.956509620820826
133234,8.846690638304977
133235,15.08344248424001
133236,5.947012142945297
133237,6.894040220957038
133238,7.069203102974463
133239,10.577189119891713
133240,6.816808333210636
133241,9.186743357826819
133242,7.458713879849698
133243,12.823701735380677
133244,8.865920657084974
133245,10.01143357451537
133246,9.621753371887753
133247,9.705733410060969
133248,6.6892640323482055
133249,14.016393920463283
133250,8.06827101556176
133251,10.610473831465189
133252,8.805845326845953
133253,10.13122613924492
133254,10.919766543085148
133255,7.499723777786954
133256,7.434557230238338
133257,9.49762063022801
133258,5.645455878460005
133259,14.110256878680783
133260,4.962039088038906
133261,9.154548187328995
133262,9.218001799356065
133263,11.14986786009006
133264,15.234436224596186
133265,9.836646175527454
133266,9.974315836312623
133267,12.12917488703728
133268,8.515626273713178
133269,5.293952047299084
133270,8.282887129448804
133271,8.431341349606395
133272,9.516630618687959
133273,7.565069820616785
133274,11.7145985070556
133275,8.188958953776279
133276,14.898136956226704
133277,15.101593902376385
133278,6.4121263392134935
133279,7.697215033623658
133280,7.131497506860664
133281,11.460479706822358
133282,8.326461443727531
133283,6.4357378603030115
133284,8.75642945185471
133285,8.520858728138633
133286,12.30231507311866
133287,10.193763076437344
133288,5.129879571577083
133289,15.675345475218279
133290,9.089104402793668
133291,13.008202227802462
133292,15.853268954454052
133293,8.869479745746494
133294,5.403803712853225
133295,7.705392078867183
133296,8.946959842422675
133297,7.8717268263009235
133298,4.85105963316057
133299,8.61407533592645
133300,8.053058819573415
133301,5.675561637896666
133302,9.589505876456005
133303,6.415907482959765
133304,14.129301542604242
133305,6.843679249146895
133306,7.256532565517976
133307,4.834551230968055
133308,8.895474827958608
133309,14.170569235202256
133310,11.203742067021293
133311,9.507457546699884
133312,11.66378450470548
133313,9.451494915032795
133314,17.589558380777856
133315,10.263743668958648
133316,9.025908455573749
133317,10.4775184625714
133318,9.11746555322318
133319,14.030378712413148
133320,11.63145112488777
133321,5.99157010119431
133322,7.774866560977659
133323,15.219509021578755
133324,9.267518573437217
133325,8.478368532773244
133326,9.262280779126138
133327,10.10358966339314
133328,14.213866221483917
133329,6.3676594815146155
133330,8.1538343331862
133331,10.130414321569969
133332,10.256692063655873
133333,7.054738319321911
133334,11.276314992158706
133335,14.87539995146239
133336,15.278311598128038
133337,11.593682462070728
133338,7.463922286215512
133339,9.799235822810399
133340,8.866955859620862
133341,14.271585149314177
133342,7.152988736901868
133343,8.109029134413955
133344,11.859050303436453
133345,7.0899031606904455
133346,14.12173996180557
133347,12.832977062995312
133348,10.860944893585652
133349,8.390609072654645
133350,8.238275309734194
133351,8.308524552223423
133352,7.413449577481356
133353,5.760767269213299
133354,11.678323747884146
133355,7.585153343239308
133356,13.080543454543298
133357,12.528631749441553
133358,10.572157448270875
133359,10.994685288113365
133360,5.857226795844123
133361,8.93949036000522
133362,10.334670768412819
133363,4.068170601576425
133364,9.753850960105565
133365,7.236029376066061
133366,15.501984045027882
133367,8.858382105336416
133368,6.717498097632993
133369,4.835047959715018
133370,10.661124637339515
133371,7.052972603750758
133372,10.930546018435294
133373,10.057470414651826
133374,11.761649563497718
133375,10.530545753353554
133376,8.061626857294488
133377,10.144222286231477
133378,7.862727766066402
133379,8.00173281984912
133380,11.26227188958093
133381,7.304039726597267
133382,8.742528878238755
133383,10.838138367005044
133384,10.325480495451975
133385,11.876230965932326
133386,6.288607486828017
133387,9.492210474670705
133388,9.22883080407642
133389,10.478989121286217
133390,10.626680725849653
133391,12.707832785162868
133392,10.601832474599874
133393,8.95109267145755
133394,9.848764047215516
133395,9.805852459922772
133396,11.796634284430194
133397,9.786636424668272
133398,13.042578435947359
133399,9.627179894591784
133400,11.406111001313558
133401,9.778117553984945
133402,9.20928495956953
133403,13.741240051811298
133404,8.51789460932042
133405,8.782493137593049
133406,8.152587047236908
133407,9.342587797363617
133408,9.20901488360926
133409,11.86498980110505
133410,8.188612693997873
133411,9.480951811910804
133412,3.9753135696940007
133413,12.42925888730694
133414,7.486661708196289
133415,9.193012494602337
133416,7.280260264707198
133417,9.216162690765664
133418,11.518927761516967
133419,9.833465873144945
133420,9.698982705695972
133421,10.357904613318382
133422,9.270884483951116
133423,9.486840066361022
133424,6.97249739138523
133425,7.15128827541106
133426,11.253613171834417
133427,7.246442268050171
133428,9.56221171771278
133429,8.891049939376277
133430,7.989747148042329
133431,7.619637679954029
133432,10.204873266306247
133433,8.924707625754625
133434,11.542166481721166
133435,14.610742743604266
133436,9.764338865619305
133437,10.821370557418584
133438,10.882477241086923
133439,9.979502078425032
133440,9.901682003863112
133441,9.875094060796872
133442,9.443280979782914
133443,4.639130567575107
133444,8.49980686889361
133445,7.73208418874448
133446,8.964484614903608
133447,11.864358229198725
133448,11.13812932746642
133449,12.9249055281639
133450,9.676279657915584
133451,7.2653846344642075
133452,9.764386270308398
133453,10.979772708720876
133454,12.450550307297682
133455,9.927893205574406
133456,9.98381446253293
133457,7.196460794294978
133458,10.11754640143575
133459,8.295660728830983
133460,6.985945568333145
133461,11.617888310492033
133462,9.935523283182116
133463,10.531214191481302
133464,10.0809482035919
133465,12.279652980798563
133466,6.666913327884809
133467,7.543865572749025
133468,9.543833473078774
133469,4.020202315794821
133470,8.49923362988444
133471,12.898327138545307
133472,8.005797694872726
133473,10.15470862714622
133474,10.120781724452273
133475,11.958456523259693
133476,14.665512725933421
133477,9.434622537907183
133478,11.380519661398683
133479,13.856398504736049
133480,8.847482691558707
133481,7.830169223604031
133482,7.7680032947633295
133483,14.712367544085861
133484,11.373294817810999
133485,10.800490560866182
133486,10.49430917762613
133487,10.292579446822849
133488,8.342850268816395
133489,11.530982057860253
133490,9.874319013666428
133491,10.836687486360965
133492,8.505509653076981
133493,8.06534217143575
133494,8.45842471712154
133495,13.660899598830422
133496,7.407093910901577
133497,9.072800815820301
133498,7.302209939712904
133499,12.61821211670007
133500,9.541753876677385
133501,8.680765229819952
133502,10.661500187983185
133503,17.027761078350554
133504,10.544851404631672
133505,10.231467748348532
133506,10.095009221789475
133507,9.657812106509969
133508,8.560195952939504
133509,10.839893204931606
133510,10.139473984244024
133511,8.380934256654232
133512,10.923941621327204
133513,10.079997860897983
133514,10.029311120664184
133515,7.243854910085902
133516,6.307274410662453
133517,8.372450998599898
133518,9.2979242765177
133519,6.996423691984271
133520,9.544641640852001
133521,10.936275018507041
133522,7.307673434753818
133523,6.743353677270109
133524,9.213059684602408
133525,14.7647806531922
133526,8.940238990008456
133527,11.090636364559497
133528,10.647944895047317
133529,10.317026102647157
133530,7.502147217846722
133531,10.44688123349055
133532,9.048361086056792
133533,9.648771589832439
133534,9.712349739264369
133535,10.301822262542704
133536,10.090008050296555
133537,7.235633964246243
133538,11.864328126431847
133539,9.59726932805879
133540,10.209118565551844
133541,11.303844129319305
133542,6.892177252519511
133543,9.591546748708577
133544,10.316450430440856
133545,5.428360176630912
133546,9.483152896260075
133547,8.840851836534025
133548,4.594693415771044
133549,8.17517476093201
133550,8.324193620272899
133551,9.549641442041393
133552,10.879438002074094
133553,8.92153948590755
133554,7.146567735829803
133555,6.610520272561568
133556,5.4055931692780455
133557,13.056478361291235
133558,6.610308159713651
133559,12.124690592619393
133560,14.88311297624394
133561,8.107850294719658
133562,9.00625623752015
133563,9.249526142267943
133564,6.712176240924178
133565,9.78479354307851
133566,10.879319512425267
133567,11.632241430053863
133568,6.427796593732661
133569,11.33115363999406
133570,9.656396943913517
133571,11.135736033888517
133572,6.7254485117462135
133573,13.519016195366225
133574,7.349726583074326
133575,7.142221564486247
133576,11.064030821314953
133577,8.476240759467993
133578,9.779541782653732
133579,8.226219472001457
133580,8.881235374015876
133581,8.548020895271069
133582,13.685204402584384
133583,10.994182927772902
133584,14.447951000114836
133585,13.55359888912245
133586,13.142937005823786
133587,5.6597998016308875
133588,9.643134558831875
133589,9.903318684628044
133590,8.97259885525694
133591,7.08454712853146
133592,8.208201967150139
133593,11.595461955756594
133594,11.166845720771459
133595,12.543285550062969
133596,9.668561579603196
133597,11.09023645311433
133598,8.637829535042611
133599,6.54594716051669
133600,13.65176232070857
133601,13.140825477709702
133602,7.977838878119215
133603,13.597235908331701
133604,12.799127796470255
133605,5.860338174337918
133606,9.54325852274224
133607,12.719278822458065
133608,8.39348526957944
133609,9.052122757558596
133610,6.217401991733349
133611,13.612364333149994
133612,9.7466830601121
133613,9.765706974158423
133614,13.27149916423988
133615,9.959083990056802
133616,5.3740876732452
133617,7.53824044074621
133618,8.333507166044331
133619,7.812300253157164
133620,11.432155462412949
133621,8.299256681542408
133622,11.740110741305482
133623,5.458752556907447
133624,7.430274703280725
133625,6.400223760158144
133626,9.687526686108786
133627,17.51353369733751
133628,4.903936259257133
133629,9.107285128682298
133630,9.78170571255301
133631,9.268491083940793
133632,8.34288191496616
133633,10.001177372411558
133634,10.182801020303003
133635,10.617982462249211
133636,11.722324116822158
133637,7.0507209570596245
133638,6.201115535809647
133639,11.239042252398042
133640,13.483884656214162
133641,6.091836115801039
133642,8.703559537153078
133643,7.043046632740769
133644,7.105927971192239
133645,6.789605112435774
133646,7.16342771691499
133647,7.312573315774462
133648,10.922398351839924
133649,8.058189819531254
133650,11.205907215903533
133651,10.75679917882226
133652,4.38921078505452
133653,10.215454323373908
133654,7.3524958999598855
133655,8.411043352500922
133656,13.054953200689578
133657,7.393698875185171
133658,10.394008724209975
133659,11.244445848910138
133660,8.368673003412692
133661,12.843991935224452
133662,7.136337704803514
133663,4.925124999676463
133664,11.083575400966653
133665,8.729578118712745
133666,7.083338712016298
133667,8.013384224736654
133668,6.912734021934749
133669,8.42070735378741
133670,10.568742863247584
133671,6.780945608037615
133672,9.23041847752522
133673,7.5965217370000655
133674,13.48122248202606
133675,7.100566218896726
133676,12.19585688748019
133677,8.972181254887646
133678,9.012483265999839
133679,10.19015282627016
133680,9.572424013048025
133681,5.811836372296765
133682,11.232352723140247
133683,9.18114064065905
133684,4.835274759204624
133685,11.837206294773011
133686,15.569121639055144
133687,9.17261444619947
133688,9.220495638811599
133689,15.134543402836277
133690,10.188022188309725
133691,9.51872816165178
133692,6.907680666188503
133693,13.882819549255652
133694,9.653731220657113
133695,8.919776204300005
133696,9.741992639916143
133697,8.360779287818222
133698,9.447253576759106
133699,15.0300166703834
133700,11.517349343876925
133701,14.107498266676515
133702,7.681331992475717
133703,11.452440951997048
133704,7.36971727493075
133705,15.218547519313933
133706,10.843078972132748
133707,12.709822103037242
133708,12.674717757441488
133709,9.151468097866644
133710,9.773489145421951
133711,11.281257477142418
133712,17.141842104553326
133713,7.386915488129626
133714,4.896615035016203
133715,11.049685572013257
133716,8.262778459940321
133717,7.529481152559361
133718,9.366409633490663
133719,9.397912471728336
133720,10.152286348778436
133721,12.797116811085134
133722,7.036386913903778
133723,8.746003027603077
133724,14.797894611794586
133725,8.484098443776848
133726,9.788555082051039
133727,11.132543257624048
133728,16.960194012483512
133729,14.228004211411474
133730,10.787744284278855
133731,6.000795416164847
133732,11.734452425121328
133733,10.668459919044633
133734,7.127957727738483
133735,8.557120794573846
133736,7.034669801171108
133737,4.644823249036071
133738,5.249077858866568
133739,11.614125252067899
133740,9.883882208172755
133741,9.788664239200997
133742,8.764876942758633
133743,13.36113911695241
133744,9.40812151898454
133745,5.845477445963406
133746,8.684323839456422
133747,8.285958993542764
133748,8.904118891764771
133749,8.109378526231465
133750,9.139318798954138
133751,8.525978814075394
133752,7.427120400188484
133753,7.127624978828069
133754,6.853931386037038
133755,8.768654220189308
133756,9.358274622397172
133757,9.689315362409541
133758,5.417858647201844
133759,13.88938248438663
133760,6.626906440170158
133761,8.321270372204811
133762,9.155201595450754
133763,15.166556151005796
133764,10.376264157302668
133765,7.019725075206712
133766,8.823043319226098
133767,8.994104405942176
133768,7.688526226831153
133769,13.661735007340559
133770,14.354194293310087
133771,11.574970578556414
133772,7.976674585533968
133773,14.869155740561046
133774,6.48066311156977
133775,9.932895476899299
133776,9.352583876828314
133777,6.9710715927809535
133778,14.7739622869673
133779,6.535692981744262
133780,8.3750300190917
133781,7.08760822478272
133782,10.651383926966847
133783,8.453421232651792
133784,8.515071867256037
133785,10.09056542286808
133786,11.250078656466458
133787,11.921077720721946
133788,15.35009185100156
133789,7.9749415854673575
133790,10.189030299975482
133791,6.33877868347193
133792,9.898809520386711
133793,12.62292142972434
133794,15.048390459065677
133795,5.39763996684978
133796,15.83812631581767
133797,6.511388593627034
133798,9.658982055149107
133799,5.554456984210091
133800,8.670365201640394
133801,7.392195542885821
133802,11.354179818215092
133803,8.95366546883778
133804,6.56794877355199
133805,9.628811483804363
133806,8.656384590272543
133807,10.837700519160641
133808,12.585061150902506
133809,10.622763673942853
133810,10.01845125037166
133811,6.773568118131578
133812,8.794751682697934
133813,13.546357006835212
133814,4.4716169312593195
133815,13.929522306633464
133816,17.712057039960804
133817,15.532218311711745
133818,11.41724377932021
133819,10.165727995503085
133820,6.907345952466021
133821,7.968677191122933
133822,5.30898962947923
133823,6.914345603171332
133824,11.774624671512836
133825,11.01149550822036
133826,9.960834415143413
133827,14.219567793771546
133828,7.489606408842175
133829,8.516036414575089
133830,9.337815927856216
133831,11.233828437453917
133832,11.083132230227992
133833,8.606801741689086
133834,7.139112183082067
133835,10.367129026584266
133836,11.919734547030014
133837,9.50122127402558
133838,12.5616179202077
133839,10.445354778931312
133840,16.88950364624693
133841,11.323028494424047
133842,8.073692469667492
133843,8.987010153598982
133844,6.442618370577007
133845,7.109763989882755
133846,9.240009091949139
133847,10.253912241245262
133848,11.445062925705855
133849,9.914913485822574
133850,7.0416125919500105
133851,12.81015685510524
133852,10.92629955521379
133853,14.543056004699448
133854,7.986226076680579
133855,7.10969015101021
133856,5.539508565541543
133857,11.692148442377626
133858,10.39321373004575
133859,12.061998607806348
133860,11.965730610723668
133861,9.96071509716748
133862,9.336525701204762
133863,9.72761869685941
133864,11.310925288420371
133865,7.436314177589969
133866,11.483776139658712
133867,5.635105052200413
133868,12.135170161918072
133869,4.464012774799757
133870,7.983939842642468
133871,7.373307776811153
133872,13.691956918162404
133873,7.5220768634612085
133874,8.197873719640313
133875,7.82598903138422
133876,10.034222137025841
133877,4.058680767644448
133878,14.195316111942116
133879,9.432054740140456
133880,8.163281189588862
133881,15.266588607211085
133882,7.647051982813741
133883,10.414142976555222
133884,11.101995805172894
133885,8.025902613077516
133886,13.17908089874577
133887,11.182973438764247
133888,8.892266587062938
133889,9.055682063003301
133890,5.192587715660896
133891,9.623867228834488
133892,10.032692367376816
133893,11.431207710663863
133894,9.445469621617772
133895,13.024670412613512
133896,7.016089588883652
133897,7.046657233748318
133898,8.722263697806648
133899,10.552153466818414
133900,8.234467264411617
133901,9.888366042116187
133902,10.566518590936624
133903,8.204972208593565
133904,8.176823745736979
133905,8.148663519621433
133906,8.878464178652482
133907,10.106002054314235
133908,11.420715825492742
133909,9.977698616116204
133910,10.099459974538497
133911,6.912091851827531
133912,10.790875067561972
133913,7.006896200576426
133914,6.823281454925945
133915,14.465254682112155
133916,9.429195554885393
133917,8.922073748766062
133918,14.220858844520103
133919,10.104595743602019
133920,8.403720777531325
133921,7.448513782594828
133922,9.466143660762265
133923,10.807598503706881
133924,10.524877203324852
133925,11.369243028236843
133926,9.96796660270512
133927,9.301775195025556
133928,7.504133113306094
133929,7.4087659700752955
133930,13.69159128199738
133931,13.756992118418363
133932,9.868149620375615
133933,8.465613581475125
133934,8.013894448390456
133935,9.026115757057617
133936,4.8616589295692645
133937,6.142859532862447
133938,14.49538973702192
133939,16.944304276990593
133940,9.4746631421527
133941,13.552281602601113
133942,8.34261597439433
133943,5.31095110651634
133944,18.02780688967281
133945,13.962834126796153
133946,10.065134973693489
133947,8.42154681831389
133948,8.311655978951395
133949,8.865924935110716
133950,6.81465509615429
133951,8.286123012896217
133952,10.190145481070847
133953,6.147871585662642
133954,8.342295632289062
133955,9.700534465234368
133956,9.185355061273835
133957,9.596583540367352
133958,10.1111093304641
133959,9.485371008819978
133960,8.3183809360705
133961,10.048118765057392
133962,10.51038750313293
133963,15.88976540706641
133964,8.683790995573565
133965,7.270028951753065
133966,12.322572855486428
133967,7.101294873665959
133968,12.241941656389926
133969,8.322422391695204
133970,5.196472413220269
133971,9.580421801497243
133972,9.283605623482803
133973,16.49456141428205
133974,11.454767759040857
133975,4.9236487162092475
133976,6.506899038346113
133977,6.966633025852785
133978,6.987958997328496
133979,10.758575362310747
133980,11.025808646335092
133981,7.904175180607299
133982,10.173843179883413
133983,8.211912266099242
133984,14.566909158314894
133985,9.612344311959035
133986,6.768069632830974
133987,12.666613627476947
133988,4.36854281116497
133989,10.87911584315655
133990,9.525155828162685
133991,10.491442090168059
133992,9.44168008550609
133993,6.502943076125382
133994,11.533018197882182
133995,10.265782934052561
133996,9.900273195106482
133997,8.887045107295075
133998,4.75036662015782
133999,10.799735855975493
134000,6.814193761497367
134001,9.566158768509643
134002,9.279021464424037
134003,7.933273919032729
134004,7.8406785244784345
134005,15.599080417792672
134006,6.717733959631052
134007,12.59470596138634
134008,5.137894663679443
134009,7.916783108652725
134010,10.022083287102255
134011,7.67796826454533
134012,4.134467337488525
134013,9.55941928081737
134014,8.166632750690889
134015,5.34804019143785
134016,10.334490111568947
134017,8.280820188034474
134018,7.394961400161966
134019,10.75853881595852
134020,16.936555308717065
134021,9.142257432728709
134022,10.685919474381738
134023,14.535612563502132
134024,15.088906075265575
134025,9.049929760289002
134026,8.665111569344486
134027,9.64131094894358
134028,9.06841924957747
134029,11.40768904086755
134030,5.146734376170905
134031,8.24750832518917
134032,10.895850171483954
134033,3.9384825801500605
134034,6.6991629928912655
134035,9.88230099904844
134036,11.378222214738717
134037,7.029191575470432
134038,9.987915055178402
134039,9.270222087429051
134040,4.658964015783063
134041,10.382829678308912
134042,13.68849791273323
134043,12.980824274509947
134044,8.923426980689458
134045,7.704446039653891
134046,12.668290003348586
134047,7.351568947370052
134048,6.684492526494712
134049,11.815989056027092
134050,5.421115704780252
134051,8.064222280973965
134052,11.650182578110613
134053,7.457695541645
134054,9.2087135163484
134055,12.447095006780788
134056,13.303360584613193
134057,7.1522723536056105
134058,11.344785244908774
134059,4.361139147359756
134060,7.1702735314082675
134061,9.16979205866203
134062,11.229972188832093
134063,9.633504890848672
134064,11.712497780176102
134065,12.582719847331836
134066,10.070884947368762
134067,11.416250978551307
134068,6.9117065463462115
134069,9.81287669736567
134070,5.660732287128591
134071,10.953887000674976
134072,7.180365438942964
134073,11.818039938732278
134074,15.039295145060333
134075,13.776175317072916
134076,10.032618900645891
134077,7.498398770830642
134078,8.886847920424305
134079,7.268567983995854
134080,9.250036696853376
134081,9.229483316726029
134082,8.960303265795321
134083,5.736705380282961
134084,7.501050053464752
134085,10.451670659159928
134086,9.62765106355261
134087,17.127599461957878
134088,14.49743999955495
134089,11.86859701981452
134090,8.242957642765742
134091,7.056517632652479
134092,9.350711285222593
134093,11.46984645657172
134094,7.9545049903051765
134095,10.003427626493217
134096,10.24369409579781
134097,11.90153382423106
134098,9.082156760163375
134099,7.294366150214065
134100,13.796189504279727
134101,6.718844241851921
134102,9.724830784607244
134103,15.984606848799832
134104,12.455804651341069
134105,8.878549927659808
134106,14.830129921674024
134107,9.232882197610785
134108,11.813306088210235
134109,8.181379954555311
134110,9.27126931703524
134111,10.571489873546167
134112,10.310142224454657
134113,8.331472913443227
134114,11.898043572126687
134115,12.257485191032576
134116,7.932573287725707
134117,13.195774109160718
134118,12.220073353872447
134119,9.796846650974476
134120,6.172289762814365
134121,8.64691623125158
134122,9.600329879940237
134123,12.112962562497538
134124,16.975496299030823
134125,6.869490354532407
134126,15.807077095169287
134127,6.809921642686713
134128,10.37578444743102
134129,8.008352783951535
134130,10.232701477191862
134131,5.65029418398059
134132,11.272705652996725
134133,7.448740140573472
134134,9.801643408396583
134135,9.044864230033525
134136,4.524443639348737
134137,8.120999116888271
134138,8.254197455135328
134139,9.33305230735903
134140,10.164912053146505
134141,11.536618340822647
134142,11.084592363482239
134143,9.966471250082085
134144,9.29480089200027
134145,10.710649864507007
134146,7.95357308558153
134147,7.681653501625564
134148,9.911963844158716
134149,12.11086687560788
134150,13.235882945014316
134151,8.319003093177908
134152,11.946278983797134
134153,11.664057339889933
134154,9.526217590189104
134155,7.528397893786492
134156,10.007519829841304
134157,13.71487003871194
134158,11.218397321295546
134159,8.520288193044397
134160,7.309994608031451
134161,6.1813116769375585
134162,15.63089430682928
134163,9.528761156563323
134164,8.343670955581839
134165,9.103513624236252
134166,10.797744417993512
134167,8.113685103428079
134168,11.47513249724384
134169,10.750115838750734
134170,12.224980847347478
134171,18.46984454106584
134172,14.36672567837619
134173,11.12141597873912
134174,6.647643490538426
134175,10.122627281276491
134176,11.311378537974658
134177,9.902043141085347
134178,11.309297549658357
134179,4.361459917158
134180,10.261032304490195
134181,10.174049104398227
134182,7.935073379100194
134183,8.286254510094054
134184,8.90661097597903
134185,12.35491265660409
134186,3.959408689331032
134187,12.144059703880352
134188,10.049692076139394
134189,6.464080589373381
134190,6.826595344174246
134191,6.710859159453565
134192,10.127163531808952
134193,7.6319017953403145
134194,16.631427367706635
134195,9.141864265040896
134196,11.412027642631905
134197,11.294189901209895
134198,7.258883778779994
134199,14.755216580882228
134200,8.794113874541754
134201,12.488381080614591
134202,10.429765260785752
134203,6.370091734273426
134204,11.16506778824065
134205,14.857121877598866
134206,4.518611596391659
134207,9.206399568909397
134208,12.00642112008634
134209,9.13124973528573
134210,11.203928763169735
134211,12.248055218736885
134212,7.89115498060746
134213,6.5891696611099375
134214,12.778244339764704
134215,9.48326963444624
134216,6.361891668182375
134217,11.736859218759987
134218,9.604708593954353
134219,12.60107808419368
134220,11.700737427343674
134221,11.514081388407458
134222,7.857144092615132
134223,12.26176639373416
134224,11.114440444294555
134225,6.5395361058413375
134226,8.621600759111404
134227,7.7042006746117
134228,9.442666199797202
134229,8.792788426492917
134230,10.417454276061482
134231,9.261687660462348
134232,17.241332772264332
134233,11.291079085912987
134234,8.650961714162806
134235,8.762842070733688
134236,13.183266073055858
134237,10.962409661714377
134238,5.520778723008931
134239,10.97995128619826
134240,10.34152363261507
134241,12.184691455477296
134242,6.309176968142834
134243,8.530432041681127
134244,10.485647753610433
134245,9.592408751121951
134246,8.054710280125065
134247,8.280240109816503
134248,11.550572218066023
134249,6.238834507165658
134250,12.87729615612218
134251,7.308822361636698
134252,11.396201124162433
134253,11.641005819142553
134254,12.469707576248974
134255,6.940342252070015
134256,12.87054532375779
134257,6.4589227295494025
134258,9.1738464594955
134259,15.919006209290893
134260,6.350111720654075
134261,13.563190195383395
134262,8.242169038790921
134263,8.562567828458626
134264,10.121029376270034
134265,9.811588976270496
134266,9.5774897258066
134267,9.083745101789939
134268,10.211169333122182
134269,12.291966706682516
134270,10.642079766524555
134271,11.837751360299563
134272,11.061123423099687
134273,9.483616500839755
134274,10.76925674963607
134275,13.855193035842689
134276,10.014619461151671
134277,9.770103546060746
134278,9.636941973723221
134279,7.503167898263371
134280,9.261193684570413
134281,9.11649587891006
134282,10.593272587355836
134283,9.792332219128179
134284,8.638765371131687
134285,10.592322325281959
134286,9.014972230448313
134287,9.550362179924655
134288,11.815101895790793
134289,9.067491133050426
134290,12.563235824968068
134291,9.987050381608581
134292,11.004634938002065
134293,8.554321963233024
134294,8.194034545617676
134295,7.325699416534218
134296,8.530419335408181
134297,7.597086642576538
134298,10.169344490399883
134299,11.953929737705133
134300,7.546313954410094
134301,9.128717250978056
134302,10.314410525742565
134303,7.913638710580614
134304,10.004427356419308
134305,6.91473015642273
134306,5.632721552237262
134307,9.498167311323119
134308,11.482232029134419
134309,9.355466888234133
134310,7.4179037198529425
134311,10.640893537976044
134312,10.137441254146328
134313,9.34735803547123
134314,9.009875823787073
134315,11.677501250080102
134316,9.65605106067707
134317,9.542352317573044
134318,10.862765172758728
134319,6.400194912823762
134320,4.982729001536468
134321,5.845192468175654
134322,7.892911379983607
134323,10.749676416035342
134324,8.009328577527127
134325,12.405620004715098
134326,10.059785905303784
134327,8.772022664120877
134328,8.315649026903234
134329,9.396345703027716
134330,9.077821674327183
134331,9.371463578817508
134332,8.530924592158001
134333,11.18215419195214
134334,8.529766571536477
134335,10.785607767782983
134336,10.086528756722185
134337,9.70232696591235
134338,11.994989027243543
134339,10.31142402861394
134340,7.965886311038
134341,14.527060106249133
134342,6.158649220853103
134343,10.739852765931307
134344,4.287962971274468
134345,10.539995207933254
134346,4.950926532616086
134347,4.305342658493174
134348,7.73840098371092
134349,7.956841730629074
134350,12.086659693925089
134351,10.040940799583117
134352,6.9657144002736455
134353,7.739353093338363
134354,7.834140331628229
134355,7.501759581503549
134356,9.007085104995532
134357,8.98916450082973
134358,12.714487696923262
134359,5.146904431862199
134360,16.195732691667445
134361,10.945916492707275
134362,8.949773425741977
134363,10.53795125880354
134364,7.697872534569868
134365,4.102374200901858
134366,10.087041949375314
134367,9.875178461763989
134368,8.396394299820809
134369,9.236902455795354
134370,9.79836269701994
134371,11.402097890710149
134372,12.157156956186649
134373,7.435061344892846
134374,12.834479181153876
134375,9.923433952008612
134376,12.170264103567996
134377,6.075253866515078
134378,8.102197580200462
134379,10.580451594786858
134380,12.888967468142198
134381,12.255445490073093
134382,11.822821638164976
134383,9.511169866048913
134384,8.801825450279578
134385,9.499300643449521
134386,12.613020565549391
134387,8.123849702425971
134388,13.162348600410827
134389,9.417249312018338
134390,9.19720728098772
134391,11.639011053738871
134392,6.190650387825536
134393,8.113330646328247
134394,8.0487350445481
134395,7.403733725235769
134396,7.012846726776779
134397,7.691663435593428
134398,5.728411353973904
134399,13.684922447965473
134400,10.323599652580349
134401,5.878079195842083
134402,9.027367788016544
134403,8.27789410371104
134404,12.748344978760649
134405,7.855970479360925
134406,11.16084869922839
134407,10.199639583404863
134408,10.298361067984766
134409,10.755404208650326
134410,7.370738783975827
134411,13.108224872329114
134412,7.839920815598312
134413,10.524610255922083
134414,8.185876328735112
134415,10.115653894714313
134416,8.347737018340007
134417,6.503489405819103
134418,12.086271338737227
134419,7.284361347070975
134420,7.028620985332973
134421,15.498976003342193
134422,8.7878612954686
134423,11.322519298871025
134424,6.085717308011212
134425,6.968090650133246
134426,10.194310485242857
134427,8.66866125199751
134428,18.502881155448375
134429,5.900747225360229
134430,9.605679083033193
134431,8.096794251672161
134432,5.139490334426978
134433,10.705095765660229
134434,8.60359041847875
134435,7.807350401796884
134436,12.004264059465342
134437,12.273854382556184
134438,9.547546575339185
134439,10.571085577139439
134440,8.945081753689415
134441,9.490588358623134
134442,9.441356216871963
134443,15.186629816678067
134444,7.465887373316596
134445,9.048352827513824
134446,8.61016987205334
134447,13.628599099344171
134448,15.27835067895381
134449,7.4736097736008205
134450,13.834059060966567
134451,10.611682833044274
134452,4.81694322927958
134453,10.77487635322039
134454,9.814892294162343
134455,10.476036145978293
134456,14.80356075694606
134457,9.296285192263761
134458,14.572151383281923
134459,12.906356969138713
134460,8.331059916602959
134461,11.548011651913596
134462,8.005144889056412
134463,7.171338324918253
134464,14.031177702839935
134465,10.561702121994
134466,9.879845254746568
134467,10.983048800582111
134468,7.069236087476637
134469,9.428239243139581
134470,6.250931784153763
134471,14.396017869683751
134472,4.811540478436205
134473,13.668310779645964
134474,11.557753900563387
134475,9.916294158593512
134476,7.338001562376688
134477,7.785981395608959
134478,7.742574035600725
134479,9.113501634311332
134480,11.544107796352234
134481,9.547317173825816
134482,7.296325373269869
134483,8.92907265746779
134484,7.439679651416371
134485,9.659889622638646
134486,15.327059071108485
134487,8.51748812531124
134488,7.690306170057816
134489,11.971825728937343
134490,12.01859557774203
134491,13.590133916815862
134492,7.479172114938647
134493,13.869186040960454
134494,11.378223460215006
134495,15.515098343033472
134496,5.19076404749254
134497,10.575839297513536
134498,8.210885069243831
134499,8.459376993038711
134500,10.041429439222352
134501,8.870850946909897
134502,7.465486940280714
134503,6.547923196063029
134504,6.487721918486814
134505,9.175677463568599
134506,7.998774844285879
134507,12.367753668317487
134508,8.869300854666296
134509,9.433724606514975
134510,9.771353497132242
134511,6.888795875851672
134512,10.086060480754316
134513,9.409212283711408
134514,6.396752263305229
134515,9.319769404062423
134516,6.894029058129497
134517,12.087503990248374
134518,11.413758933540288
134519,5.892850734976131
134520,4.816030596475008
134521,10.196757237013713
134522,11.656908757171317
134523,12.40551827210904
134524,8.602786485534157
134525,12.127264042827315
134526,10.903684470695868
134527,9.518271266823723
134528,9.305904580838906
134529,8.739019402392833
134530,9.568901831248132
134531,7.146428826407016
134532,13.851232394818814
134533,6.186770395449162
134534,11.552397581718955
134535,10.817566137827047
134536,4.877238648608418
134537,11.103907874227307
134538,13.609717430854786
134539,8.594562692345786
134540,5.097211630907528
134541,8.225280480815496
134542,12.054494539014836
134543,10.982677974826611
134544,10.243212948783873
134545,9.711015204389037
134546,13.529576567159637
134547,9.526509049851942
134548,12.295349618651814
134549,11.176591377567163
134550,11.924473904155823
134551,6.757552549504071
134552,7.015968437246539
134553,9.302637809422311
134554,7.40979624969029
134555,9.403043263556759
134556,9.080340607711156
134557,10.895880075549613
134558,10.980891382239207
134559,4.253533094157451
134560,8.058566126417366
134561,12.434402447588692
134562,6.054256584298015
134563,8.17079565886302
134564,10.891800900170649
134565,6.704518610312805
134566,9.350442437396902
134567,6.878782646614724
134568,9.775038765704588
134569,11.359459062062523
134570,12.0947929060199
134571,9.851757408951903
134572,9.105500845472191
134573,9.552666371346328
134574,11.14834756550889
134575,11.695603313743199
134576,12.115615626622471
134577,10.358686075339348
134578,8.095650534134723
134579,8.80595927402275
134580,5.2508238305074695
134581,9.159322209989412
134582,13.123333489935305
134583,10.050990277056744
134584,7.597620668646765
134585,11.45288244964041
134586,13.003608901794674
134587,7.68511702012214
134588,6.930830365613916
134589,11.757884421283562
134590,13.003015469853873
134591,9.698364395059704
134592,8.046525283096543
134593,9.990250063172176
134594,9.803049731088823
134595,7.828716737395334
134596,9.244005455644942
134597,9.017071071483063
134598,12.624327401557009
134599,7.025811647116475
134600,6.012055170643256
134601,12.734116895076735
134602,9.750930264584587
134603,8.560925756546755
134604,10.88195890207438
134605,8.771918445495967
134606,8.730182606767048
134607,9.231646544741336
134608,5.0560066813726765
134609,7.067091750900962
134610,8.57862946109924
134611,14.828554742419607
134612,5.6462162199633195
134613,10.4040756947655
134614,9.68802565267119
134615,11.36765666781918
134616,9.263151040082422
134617,16.397385646040643
134618,10.450643152568848
134619,9.519692530238656
134620,4.413587856267557
134621,13.323661447399294
134622,13.593353111399301
134623,8.333826605278322
134624,11.758170570818539
134625,10.252812725324278
134626,11.584252040788547
134627,7.2722208800114245
134628,7.660109876057689
134629,9.939426894717922
134630,7.33854549754461
134631,10.220661279623148
134632,10.494112873304399
134633,6.735165640430004
134634,10.928396898193359
134635,10.477668467214206
134636,8.80686724547855
134637,11.172029576269798
134638,7.1944583881428965
134639,9.872887131063138
134640,7.492083910641003
134641,8.238068972662706
134642,8.463456072485723
134643,11.283213808594464
134644,10.83112623899409
134645,8.626782845977788
134646,10.35428528165996
134647,11.000587035023454
134648,11.166769447446558
134649,14.996893082862764
134650,9.88568939560765
134651,6.990932419693349
134652,8.712547219485552
134653,12.590932276295556
134654,9.129621804889043
134655,9.891594315248028
134656,11.347308772316538
134657,9.441041214618668
134658,13.47865681963781
134659,8.0154331983328
134660,10.091076859823918
134661,8.02488893372048
134662,9.433293949844721
134663,11.251640123585037
134664,11.895759610842589
134665,8.199297393793696
134666,6.2261155256763585
134667,8.04551458728881
134668,14.513037312552854
134669,11.02187311016962
134670,10.788925223196479
134671,9.132360848838637
134672,10.233381689309493
134673,10.148855936039803
134674,11.590712449274545
134675,11.20624131877148
134676,10.166556482429042
134677,10.221860020246918
134678,10.251967569714362
134679,5.89457707912773
134680,10.697242689977367
134681,9.692677757601928
134682,11.82865691307122
134683,11.48304021527096
134684,10.82797976421912
134685,9.310054111733354
134686,10.792278873506953
134687,15.233168440100764
134688,8.098175376692893
134689,8.707828595271508
134690,7.907766542847457
134691,10.023509304877292
134692,8.423741579992605
134693,13.388204516739231
134694,12.633286536130319
134695,7.314277040751475
134696,8.348728058203855
134697,9.653413810063828
134698,9.586550260733212
134699,13.17195192201602
134700,10.59146350324605
134701,9.16077778613801
134702,12.769030959230985
134703,9.969966845539064
134704,6.973860993302081
134705,12.299098978841723
134706,8.207808524074974
134707,8.613479822837775
134708,8.335161137359467
134709,10.66956350309884
134710,10.38503630669616
134711,11.038032489420186
134712,10.999770744988599
134713,9.138785104652367
134714,9.246713348607022
134715,9.845900158995182
134716,13.3005330096375
134717,9.500049628729911
134718,9.669255703758544
134719,5.198345637793658
134720,12.64085368913033
134721,11.23676723237575
134722,14.9896165669004
134723,6.421582180387128
134724,9.620159380148882
134725,7.994114599081405
134726,7.3735255333457985
134727,10.175460107780046
134728,10.27730853618137
134729,14.467688404783805
134730,13.026663897285184
134731,10.626265935996912
134732,7.373244585589882
134733,7.616632613226557
134734,6.323667211420139
134735,10.74454394507934
134736,10.759662993685172
134737,13.022966181862468
134738,10.539048426863335
134739,8.120936834254698
134740,10.054512632958225
134741,12.871604755808685
134742,9.59457290798137
134743,13.006066580194451
134744,9.226143156870165
134745,10.474007412421363
134746,11.09563264745216
134747,14.738237301604423
134748,9.842936514371324
134749,9.41368589067292
134750,10.074717755881572
134751,13.36924488350139
134752,10.130735270150868
134753,10.145906704074594
134754,15.497784391079554
134755,9.444272391812099
134756,7.8597261707040875
134757,6.044722102637868
134758,9.195980090481324
134759,7.366894813735657
134760,7.182058561906302
134761,12.343622407316046
134762,6.6012086601206645
134763,10.033018578851761
134764,4.910562773916974
134765,8.948927392025334
134766,13.05580656140145
134767,13.381425734648891
134768,9.816328354839863
134769,10.71601555458621
134770,10.300929089484242
134771,8.223312778211234
134772,10.260455627906389
134773,8.439420971954164
134774,8.603710759298465
134775,9.559546012531488
134776,8.36711615895456
134777,12.87796926253121
134778,7.08133852931351
134779,10.366754408001206
134780,6.600589938423328
134781,7.753273015712049
134782,10.679578779414353
134783,11.466643621500534
134784,8.710630759154165
134785,9.2704447644491
134786,7.499125429109986
134787,7.29475242222598
134788,9.764979417212565
134789,9.942163809952685
134790,16.86971756224737
134791,8.738214582848356
134792,4.726282133558268
134793,9.023882820816798
134794,11.9684350730785
134795,13.387801851419633
134796,5.6999509629316325
134797,8.891969159589856
134798,11.407999315521822
134799,10.719313317230831
134800,5.128297641127078
134801,8.84625849245678
134802,10.866920944120137
134803,8.025415449266863
134804,8.231470484238837
134805,9.484099785755454
134806,15.290205672782225
134807,8.037944069621823
134808,7.9345078772304705
134809,9.330489376242546
134810,6.623282780062726
134811,9.220921051638964
134812,11.264232667485931
134813,10.078492582750977
134814,6.794785461335851
134815,4.5283291182046135
134816,9.993997083679895
134817,6.6699347187742815
134818,12.216311316566081
134819,14.802226263998545
134820,10.613049092099104
134821,9.835552315394441
134822,8.916666687155056
134823,11.296429958757859
134824,9.866558377033321
134825,14.139210504087353
134826,11.741627124949286
134827,12.138841617348001
134828,7.584989721395476
134829,13.80135819119532
134830,18.26647910081224
134831,9.275766067532071
134832,9.540349600509904
134833,9.976676196973864
134834,8.992491805610566
134835,9.933327670373782
134836,8.326490311017498
134837,13.083726732382308
134838,10.071363733822523
134839,13.829834819983992
134840,13.399528650499352
134841,10.73715920108739
134842,8.237838328886081
134843,8.557248753564492
134844,6.6345155341129445
134845,9.11131077495441
134846,9.229405047051582
134847,11.384524791859842
134848,5.960011964780251
134849,8.177757951517389
134850,11.457973990013802
134851,9.656716914100908
134852,9.856514817294288
134853,9.184141069156878
134854,7.437774245639898
134855,6.523548082178157
134856,10.151967862225847
134857,5.366690064913456
134858,13.75811665937928
134859,13.902878845491022
134860,6.973348848170541
134861,5.426389336149418
134862,9.013057106654204
134863,11.441057065513629
134864,16.358880220800433
134865,6.9833809639591236
134866,9.19273166250822
134867,10.42575614944182
134868,16.001460400125005
134869,9.596003697925218
134870,9.590206179908545
134871,10.279937374890533
134872,13.545636829344934
134873,10.016584706177728
134874,9.836681524209528
134875,12.923302162033156
134876,8.762434360060555
134877,14.837596636629524
134878,14.548117147018328
134879,7.05584475017911
134880,11.283593342878964
134881,5.486072210009323
134882,12.08984909333024
134883,11.861892764226749
134884,7.977075146371614
134885,13.35024452843491
134886,15.280876054107878
134887,11.92326271699881
134888,11.707820135931863
134889,9.978328000131
134890,9.988739608614544
134891,7.080703726766049
134892,10.452248784440085
134893,6.0071126215325465
134894,13.665640538819133
134895,11.675001047896945
134896,9.37308104952874
134897,4.726878498146962
134898,14.687697452679938
134899,13.185887711098932
134900,7.428920069107077
134901,6.280184281287604
134902,17.210815611206534
134903,14.100642597458636
134904,12.016797554599929
134905,11.214427715529663
134906,10.600599644986962
134907,13.477044182509712
134908,11.487567200776903
134909,12.290597013475693
134910,7.904758830789052
134911,10.132447785403542
134912,6.079411157674295
134913,11.510106595179476
134914,9.123678463128254
134915,12.094384940434383
134916,13.849332633004744
134917,11.405291485332638
134918,9.404914375969495
134919,10.706483672349659
134920,10.538852970176885
134921,11.082055270098353
134922,9.359398844801218
134923,8.166664651092173
134924,6.946690120180051
134925,8.660704174457583
134926,13.9989999251549
134927,8.13798503542491
134928,9.552716373036269
134929,10.283154034111472
134930,9.484318349776172
134931,7.416892024424039
134932,6.679878355882406
134933,11.378469401163802
134934,8.172674104818531
134935,9.284915937704152
134936,16.468086770587043
134937,9.657674680354983
134938,4.282504731572799
134939,9.591314858895142
134940,9.502742486524921
134941,10.46688027129123
134942,9.276164806141972
134943,12.698783357745338
134944,10.988077977105156
134945,9.778746741168169
134946,7.2125065676420945
134947,10.866281195584182
134948,15.893556541687172
134949,6.776888367427643
134950,9.383880836577408
134951,17.628336912877515
134952,8.410965559327163
134953,4.549540044472606
134954,7.3722414968327
134955,9.15275148150342
134956,12.352651596378713
134957,7.417182568186635
134958,9.072482307677822
134959,9.04313604956727
134960,5.57512242359558
134961,8.813120336478645
134962,10.433185115627662
134963,9.440522081998672
134964,9.922467457971361
134965,13.084298944926607
134966,7.25525135095962
134967,6.50943709014675
134968,12.841721545300004
134969,11.067944018082425
134970,7.919826842518201
134971,8.474025566138204
134972,6.919276517695482
134973,10.67009749556922
134974,7.439986331689188
134975,14.070336060879665
134976,7.948256191160759
134977,12.3607749671544
134978,7.270039484137799
134979,10.979868750508947
134980,11.414693877211672
134981,7.051609321695989
134982,8.688480768663744
134983,7.081537167228936
134984,9.108807402418666
134985,8.790439125090481
134986,9.561442594876908
134987,10.83174605719538
134988,15.913617069225078
134989,5.812062215689588
134990,7.97703025836559
134991,9.252249799379294
134992,10.540555017584557
134993,9.788029640618907
134994,11.118208255802513
134995,14.757166210848927
134996,4.605858313727834
134997,11.498547596459648
134998,11.292664944072945
134999,9.486419736765288
135000,9.371089441387998
135001,12.786470563324238
135002,8.313692016588424
135003,10.344696872145096
135004,7.945076824485575
135005,9.9430633150156
135006,12.455006866631111
135007,8.90728419810856
135008,7.550055982371111
135009,4.217500552602138
135010,4.204226798187624
135011,9.187022513492625
135012,8.61933527234089
135013,10.947634263576308
135014,6.65200716379626
135015,10.039558840902771
135016,9.511048558995423
135017,9.776595606616972
135018,6.1245067116991985
135019,8.497664083056549
135020,10.668214848754353
135021,11.582162641875467
135022,8.499870368094893
135023,8.30316556285381
135024,9.735652460313414
135025,8.14531577011393
135026,8.230225491388413
135027,4.525139244429501
135028,13.745703418073697
135029,10.495062604563842
135030,6.076491163359154
135031,11.339563393504488
135032,8.192149382469854
135033,9.83771478681005
135034,10.06146856232035
135035,5.783695868134032
135036,8.080270486440508
135037,9.663860277030293
135038,8.264437474995466
135039,8.24795897474429
135040,8.834612790623115
135041,11.401894120374942
135042,8.258409508875818
135043,13.027588602328384
135044,8.199198895616805
135045,9.948966827390114
135046,9.351166160412118
135047,12.873434815931157
135048,7.511212024810362
135049,6.798420942265496
135050,7.553605904606195
135051,11.012208893923404
135052,11.236690537672665
135053,6.889242808272877
135054,12.183049477014006
135055,7.740099385005214
135056,9.667007533753441
135057,6.203701568147347
135058,12.208636314706682
135059,7.185315357763672
135060,9.912159826513284
135061,10.013676131845987
135062,9.612163469271291
135063,17.189382545797134
135064,9.0166213770005
135065,8.902075313591556
135066,9.529411110902227
135067,10.662823474047562
135068,10.6361154457271
135069,11.241992831153903
135070,9.453646270325327
135071,7.7594865269306466
135072,7.861483051134916
135073,7.517549786596109
135074,9.274729651038673
135075,11.198603595373145
135076,9.185784709330557
135077,9.976431214734902
135078,6.227575033125009
135079,12.91319499654522
135080,9.86280489211596
135081,10.599674835417677
135082,9.249139880400696
135083,11.017938459622794
135084,8.15094354069331
135085,8.796974959878774
135086,10.14648773112588
135087,13.381947346600237
135088,11.301763519457776
135089,8.815824583947355
135090,11.133641572476117
135091,7.356854962677521
135092,11.767041709426904
135093,10.257765856945515
135094,11.172147065392611
135095,8.310939755740113
135096,9.44706719314467
135097,7.013452464404286
135098,7.007279527485761
135099,10.251564631991895
135100,11.56276458315313
135101,11.163021604002786
135102,7.8545486306103145
135103,10.52171345455232
135104,13.07918327628264
135105,8.43317980742589
135106,10.591722251221537
135107,6.638211697695529
135108,10.54803198940859
135109,10.809140314641962
135110,4.371649914613828
135111,7.9100680822561795
135112,10.290395173430161
135113,8.932723056161617
135114,6.356510947779594
135115,7.70894631663802
135116,6.59014457595466
135117,7.319899586796796
135118,13.199373026002586
135119,9.838167690058489
135120,13.606124348384295
135121,12.427051718591102
135122,9.627170851101631
135123,12.000415866709073
135124,7.451007134951728
135125,11.581981616797412
135126,8.121032160368124
135127,7.612179181606737
135128,12.522694696910794
135129,12.90984577102761
135130,9.731750177458142
135131,10.74659945894991
135132,6.514800518563615
135133,6.953037512608409
135134,11.95132462230934
135135,8.200998966473767
135136,12.615735594189447
135137,8.830660683419715
135138,16.242038758358433
135139,10.08977272531669
135140,11.356751777243966
135141,10.329188197187491
135142,8.895024912093671
135143,6.4683542854677425
135144,14.497415615388416
135145,9.356960448815936
135146,15.120930344123565
135147,9.896976148175172
135148,9.449594364369903
135149,8.485381727493422
135150,6.408832000289678
135151,10.387658934255708
135152,6.393181452223544
135153,11.69624781246264
135154,8.45471902739073
135155,11.589585988541984
135156,4.491533009597858
135157,9.53314296725847
135158,7.052910723288406
135159,7.500227000164405
135160,9.980441092802149
135161,10.464799910235588
135162,10.811720632497979
135163,9.464076497478413
135164,10.937278886921028
135165,9.120953480803536
135166,8.299182612708794
135167,9.098252085240727
135168,7.80614343348382
135169,8.943583541251755
135170,11.497617009799002
135171,11.444349209136416
135172,14.296132481483742
135173,12.100972362808122
135174,10.640766786134188
135175,6.096503825832849
135176,9.38064779905823
135177,16.585740327983192
135178,10.178608316610354
135179,6.694978500233946
135180,7.6293951790748675
135181,13.16121370037987
135182,13.197681946137058
135183,8.583962165405964
135184,9.252265369623533
135185,11.89521688898773
135186,4.896903308872496
135187,9.662424799369209
135188,16.96973667324241
135189,8.572199292194242
135190,8.096777563648843
135191,9.288520940520002
135192,9.521441532664628
135193,6.204531227767327
135194,9.972380832638091
135195,10.612474349359882
135196,11.651411661168773
135197,12.173635528208013
135198,6.850440652241497
135199,7.705571960801019
135200,10.598041473997519
135201,9.231666026618123
135202,7.278535906940563
135203,11.06724378370622
135204,9.707400946433504
135205,11.930811858701663
135206,4.445688428778789
135207,9.223608886015018
135208,9.473874810939606
135209,10.116658881307131
135210,13.087471094126466
135211,11.261968339429464
135212,10.795357794207852
135213,6.709576958278317
135214,7.439875208096687
135215,13.31068402891967
135216,10.215191792762448
135217,10.051058996778451
135218,9.021337755060513
135219,9.29596704925907
135220,7.498931458031461
135221,11.428982152164707
135222,9.341477908530011
135223,15.027837924727027
135224,16.160981246718215
135225,8.375968783215733
135226,8.462340677687612
135227,4.626243976285062
135228,11.948691520078416
135229,9.652745117089072
135230,10.659066957770282
135231,4.50842233585852
135232,10.51337458283949
135233,10.75622795940107
135234,12.41957084230244
135235,11.410109264419196
135236,11.18049086744873
135237,11.223524353862679
135238,8.953405919079387
135239,10.930202483863889
135240,6.125651216492483
135241,8.798168244170046
135242,15.069076765404663
135243,7.205034959556421
135244,8.3349202214991
135245,10.598495328688276
135246,10.900531119483892
135247,15.123658791110916
135248,7.360381477801246
135249,14.907775784989118
135250,9.3741851600718
135251,14.019893994586926
135252,4.5734371127657445
135253,8.947902386822204
135254,11.674996310939424
135255,13.029497292701645
135256,7.2040880064549935
135257,11.0187386346192
135258,8.635899550861748
135259,13.102229257197546
135260,11.179837208239357
135261,11.493419353853545
135262,7.314486083221999
135263,11.398441661325887
135264,4.322197364281124
135265,8.678466264442417
135266,4.465583111377716
135267,7.488059479515913
135268,7.882242239727979
135269,5.991658179431218
135270,7.87013256849257
135271,12.51293754286541
135272,8.413892715538102
135273,7.537347391420551
135274,6.8419166835022365
135275,8.864550080579312
135276,11.911953257879839
135277,6.4202080595776465
135278,11.296701328768236
135279,7.536753065723772
135280,11.085814429806948
135281,11.675449383710156
135282,8.360580847382549
135283,7.627049977153928
135284,9.983996674714792
135285,11.55411898060457
135286,8.591840302064622
135287,12.28989805990236
135288,10.263411919969911
135289,8.188440956569217
135290,4.962111313094888
135291,9.56203384238773
135292,8.59620380952507
135293,11.269705802189998
135294,10.415616479444068
135295,6.563040224114696
135296,10.088678492559774
135297,9.626223307065825
135298,8.451166327821172
135299,7.771231875386016
135300,4.933812079867651
135301,8.130232761466521
135302,8.950604394288096
135303,9.448042142943597
135304,13.506296346015262
135305,12.334463474193504
135306,11.476354646890062
135307,10.622960804518126
135308,10.782175686352796
135309,8.903138477680908
135310,12.516737469998905
135311,11.648558576257383
135312,17.320059913146554
135313,11.595320237768611
135314,7.876645563199018
135315,10.911263113276647
135316,12.890248765844728
135317,8.994781021895001
135318,10.493961977865427
135319,12.549515562359309
135320,12.932946555732148
135321,11.806608858620914
135322,10.862254145468953
135323,7.515379472177353
135324,9.58316527736179
135325,11.24395650396386
135326,12.22754440114442
135327,10.998889470363057
135328,6.9592188279958425
135329,7.7728854324645695
135330,5.059934680605531
135331,7.353976041906049
135332,15.293229915318904
135333,13.407728481259298
135334,8.566284189667124
135335,10.67788089386558
135336,11.605552919648874
135337,9.269295552728774
135338,4.846439273786169
135339,10.08234973667478
135340,7.686193702556719
135341,11.592279922804986
135342,8.395352017452266
135343,10.52286139187259
135344,6.007985810671395
135345,10.677320529414141
135346,13.938551544174999
135347,9.593167588035163
135348,7.235833005858024
135349,11.22686012749888
135350,9.455385119938422
135351,10.183908374481492
135352,6.915804451025832
135353,12.766557857020326
135354,9.25070320304518
135355,9.490858773012812
135356,6.852803453389678
135357,14.937005239676182
135358,10.978183382886911
135359,8.558281556815919
135360,8.35656312960847
135361,6.872590365602845
135362,11.252298140637691
135363,5.273694074200897
135364,11.644513993089296
135365,13.935480352509629
135366,9.374397135251288
135367,8.511977892744287
135368,12.311843718134757
135369,12.452166191048105
135370,7.364632816849635
135371,6.643260622332546
135372,7.726114434573856
135373,14.592297719794313
135374,7.443851914400892
135375,12.230200811654091
135376,6.182659744663711
135377,11.296796695684852
135378,13.599336730603639
135379,9.797328313864469
135380,13.763779556739454
135381,8.166327763003313
135382,12.331032681912188
135383,10.051307242498652
135384,14.553540792755209
135385,14.713599454036508
135386,11.395337895309405
135387,10.9576692671578
135388,14.118774696935162
135389,5.420880824779475
135390,8.782452650682185
135391,5.012336994263903
135392,10.536285305230447
135393,8.059536739427964
135394,10.308193239912777
135395,12.205423870882331
135396,9.139771997708575
135397,11.396442746442784
135398,17.421762225922937
135399,11.20130224364586
135400,6.837810271583294
135401,9.256803688387901
135402,10.587597664799006
135403,9.529801858445715
135404,8.175932080600123
135405,6.170278591343471
135406,14.992257569785977
135407,12.236097900359677
135408,5.240877591395258
135409,16.44653159959008
135410,8.012547775430823
135411,4.898920679528862
135412,10.6963412917225
135413,8.890584737286428
135414,8.957791300078387
135415,12.120288485120524
135416,9.617341145041172
135417,10.255659265635227
135418,9.44544896631227
135419,10.295483686951835
135420,7.450898791106167
135421,11.218717170346375
135422,9.55464407657718
135423,9.458030456606576
135424,9.785593462716168
135425,7.016968758424882
135426,11.51732667780961
135427,10.818096579062102
135428,11.56346527943348
135429,10.518650364239278
135430,8.713587930379354
135431,12.712333462855266
135432,9.083913920453414
135433,9.982437709417985
135434,9.105069727338797
135435,11.032584432013575
135436,6.296450045164677
135437,4.436992051235373
135438,8.364100587463756
135439,6.666648365027892
135440,9.163529243623946
135441,12.33678739807226
135442,11.165890065719724
135443,14.965566288203643
135444,13.296676530917185
135445,11.346944166609706
135446,5.954433487808066
135447,10.371750060033822
135448,10.372298349923257
135449,8.292307292727083
135450,10.593045716068428
135451,11.334648883180451
135452,10.657118808229374
135453,9.14644853021651
135454,13.294795337424574
135455,7.408270654859178
135456,11.26679623351304
135457,7.833996421411557
135458,10.62059509958358
135459,10.358089170719081
135460,9.586074937861108
135461,11.416459450205865
135462,6.025477046120385
135463,8.78208455022376
135464,7.7768763127458795
135465,8.269086361676424
135466,13.464216987340057
135467,10.412482090469272
135468,5.093822880841088
135469,11.006209289903493
135470,5.755977771760913
135471,16.1991626673963
135472,9.927077848515092
135473,9.475024097808028
135474,7.046826252185833
135475,10.732710948766549
135476,11.23827469460297
135477,7.750620957076402
135478,7.276750853737495
135479,9.544991955094002
135480,7.593548528515859
135481,9.939679119445461
135482,12.682191179585173
135483,4.569875280804418
135484,10.068288294479322
135485,6.48477440819418
135486,9.652860754462704
135487,9.538271887793819
135488,13.314606813535462
135489,10.118580014826847
135490,9.93828640810736
135491,7.046410100057116
135492,9.344719487556565
135493,7.868341320001536
135494,6.072130023238271
135495,7.131697092455968
135496,11.323255052806152
135497,11.319840471984543
135498,6.910792801858781
135499,9.565517674032439
135500,15.954684634178866
135501,9.257351878729532
135502,10.577199180582834
135503,10.8513751819049
135504,11.656869706594273
135505,9.849032402337324
135506,9.86067399254048
135507,12.59832660404775
135508,14.039430541365315
135509,12.552579867177979
135510,7.058182473504601
135511,11.39583012422663
135512,14.50386726736112
135513,8.363970947155632
135514,8.679765758178425
135515,6.199728354899795
135516,10.05461919373721
135517,11.30978553688392
135518,12.766279116152216
135519,10.763494353263738
135520,10.160332712044575
135521,4.137033801685521
135522,8.34974029658375
135523,11.137205913490458
135524,10.211536074376905
135525,10.052992550228856
135526,10.471768336239318
135527,15.72572179787565
135528,4.495385531602425
135529,11.093723118238607
135530,14.81104761485678
135531,11.27746098952209
135532,7.105194576096077
135533,4.813649410289525
135534,14.297515065545863
135535,10.173649917372959
135536,4.470623625788973
135537,7.37544566334392
135538,8.950168735646873
135539,9.642752462665765
135540,4.602725097571412
135541,11.984402636543908
135542,4.102808421210034
135543,5.670129660572327
135544,10.552926436803334
135545,9.381640255700487
135546,8.835567876597082
135547,9.061815068845062
135548,10.525820238586798
135549,10.253474015961256
135550,7.445512256127254
135551,8.845148798695863
135552,11.528018232138622
135553,6.301075224426721
135554,9.73528170571685
135555,12.599876508356612
135556,10.142927107928577
135557,16.160462661416535
135558,8.275865170277504
135559,8.89491489047256
135560,8.977723445729827
135561,10.624255493535326
135562,5.236464781247605
135563,6.382442126744321
135564,11.777012263725386
135565,9.304748957212135
135566,14.752509608259667
135567,10.668433990300336
135568,9.494163447377067
135569,9.883520265496482
135570,9.253355929295102
135571,10.023590697566515
135572,9.146101022112216
135573,5.4783817262942325
135574,7.243051646755832
135575,10.750962249520777
135576,11.634903359974615
135577,8.813611263652167
135578,9.79376649222922
135579,7.402774744702237
135580,8.713485940657963
135581,16.61765706767968
135582,13.221453245386467
135583,9.547896960151384
135584,11.334533596070248
135585,5.607700007967938
135586,4.461195273476462
135587,10.658063479849618
135588,8.747614347490202
135589,9.327905315272746
135590,13.854439414341542
135591,9.422230790775338
135592,5.007354011850437
135593,11.138426996853283
135594,9.453910503871464
135595,9.893699793813294
135596,7.091297147377955
135597,9.640316845523557
135598,7.427569241357138
135599,7.616250792502166
135600,9.323320180779833
135601,8.348006509917273
135602,9.722259242661185
135603,11.313472684084164
135604,7.873334956717838
135605,17.15779923025273
135606,12.118097360789353
135607,12.853719569165458
135608,8.816572582960337
135609,10.313228554397373
135610,12.89383390244215
135611,4.035373687079195
135612,12.245015327624413
135613,10.498547267380355
135614,9.49476157049808
135615,9.871403580292098
135616,8.294234132809041
135617,8.948440082597012
135618,12.691750079727107
135619,8.454742732912532
135620,8.469725550318875
135621,15.082385787821332
135622,6.9649990703840485
135623,11.700779585143405
135624,12.74161733334186
135625,15.962296364094351
135626,11.40109221277014
135627,10.18467733071187
135628,7.412719114441072
135629,8.554997968001853
135630,7.357505184621594
135631,11.133430540682046
135632,7.287606615334795
135633,9.636458461701507
135634,9.307936156363517
135635,9.03323833345757
135636,11.351322805022997
135637,7.338034376643314
135638,6.4453234971524385
135639,9.06263214048988
135640,7.781799687364886
135641,9.341825024891836
135642,12.039202439983143
135643,7.872434047644752
135644,8.567612305233435
135645,11.885799402723185
135646,8.800424337620571
135647,11.021580133569648
135648,7.107313629667348
135649,12.12080788999361
135650,8.681701645866031
135651,13.836532326736684
135652,9.568513544202906
135653,14.39716585394844
135654,10.959356063970068
135655,10.925481932663487
135656,11.046263904550294
135657,12.838266624906504
135658,9.40730202579057
135659,10.652959331881517
135660,11.131463109114591
135661,12.657830042913368
135662,9.33424878852417
135663,11.372631372859825
135664,10.70127230959363
135665,11.734417137450126
135666,8.74621921371752
135667,7.96186790648338
135668,9.634420241627998
135669,4.724599726525087
135670,9.242777178227334
135671,13.393326694466818
135672,15.604727658988347
135673,7.610863480664468
135674,13.335119810868708
135675,13.6808970130777
135676,8.476020445911344
135677,14.108902873829066
135678,10.373589199309162
135679,10.165891062936463
135680,7.541100981877622
135681,12.833479270258087
135682,17.13396930189556
135683,8.878597007979518
135684,7.3899205033064845
135685,14.017551622935553
135686,9.842118561290636
135687,6.931677603353857
135688,6.289070732388572
135689,10.060156054941288
135690,10.247692977931024
135691,7.013776428321466
135692,9.482415985918397
135693,7.859817718917458
135694,11.442908946791867
135695,9.688128218999605
135696,9.5893791796899
135697,6.8847496525303225
135698,9.404608393349687
135699,10.215504015238693
135700,10.08300907554588
135701,6.323431243022034
135702,9.183260931933317
135703,4.192284612792964
135704,11.466557579899442
135705,14.703574099974997
135706,12.752436089576337
135707,9.557462628850562
135708,14.268625335715587
135709,8.965386423193577
135710,5.741659544428191
135711,8.548454205880947
135712,8.834098682288777
135713,8.918898193327145
135714,10.166173753816576
135715,9.199911294167114
135716,11.710104542569441
135717,10.400150741146243
135718,9.223338253122094
135719,8.018433007602194
135720,10.977658681810562
135721,8.367713382250152
135722,11.541216958936806
135723,9.919823594421313
135724,4.8038325115879505
135725,8.662010286505557
135726,9.448606576444096
135727,9.471003882084078
135728,11.88988108899522
135729,6.679636012966457
135730,10.292755158130987
135731,12.336122708131684
135732,7.306178715896062
135733,4.875242388784696
135734,11.912667783185587
135735,8.715365171150808
135736,7.9612143043380454
135737,7.018609524543588
135738,8.779967711638047
135739,6.079182876389554
135740,11.105893989946534
135741,9.871519901551803
135742,10.367425470729064
135743,9.269330495865514
135744,9.077276714276037
135745,9.245902274993677
135746,8.030063366552977
135747,14.71645836884036
135748,15.452868475805824
135749,6.866824885794314
135750,9.924241167026356
135751,8.668721824097124
135752,12.521020713277148
135753,8.685201059507552
135754,8.753651403506865
135755,8.310739513695589
135756,9.986459721742678
135757,10.102192181371196
135758,7.583057533615933
135759,8.729302591767134
135760,9.728844258951165
135761,10.412300553814735
135762,11.515454818147571
135763,10.75645023335818
135764,11.857035014767819
135765,8.511524113425411
135766,9.434969271186196
135767,12.281875641796322
135768,10.353661547294859
135769,7.579776971800223
135770,7.709262814367352
135771,14.886672540957173
135772,11.897785960813895
135773,8.85203395077749
135774,9.436899480542504
135775,12.90300733803149
135776,13.714161657003094
135777,12.203996041304471
135778,8.506412823151553
135779,13.130104357959837
135780,10.115048597544462
135781,6.770917479880707
135782,7.940226027031559
135783,10.071398690379985
135784,10.31716419415461
135785,9.872440861270459
135786,9.667641549596013
135787,8.214425283443575
135788,6.634725505484871
135789,9.329259769610434
135790,11.846129520764629
135791,12.507311327843587
135792,14.144784823271559
135793,13.273685083186246
135794,9.47145392381374
135795,11.323389669477248
135796,9.772558759238374
135797,9.256377988771835
135798,12.1921529479601
135799,8.674845787939361
135800,11.844691232740116
135801,10.696210596469905
135802,9.279236411831736
135803,4.425379426600665
135804,10.202637405242715
135805,12.988372538976147
135806,9.524750774157663
135807,11.074253189434724
135808,10.958337618589233
135809,13.581942889835654
135810,8.676679773064013
135811,15.926773311889258
135812,10.748408600669814
135813,7.825617609346708
135814,9.964983928571934
135815,12.941764561208242
135816,10.764762163438018
135817,10.131002326600022
135818,6.331947101031789
135819,9.825521164459255
135820,10.438719659729651
135821,12.847433442661288
135822,9.322508236201767
135823,10.25148966728905
135824,10.488208392449941
135825,6.326221945854652
135826,8.021861252741429
135827,9.110203616028224
135828,9.024454616511637
135829,7.724243677574355
135830,10.1745247433815
135831,15.718180485646434
135832,14.237113233749236
135833,10.631702166855018
135834,11.053000532996402
135835,7.990630328153418
135836,9.600490727838293
135837,6.655422461420324
135838,10.639670327260916
135839,4.83827009982032
135840,9.819578429510079
135841,11.72942250480172
135842,9.694222091693584
135843,7.089704997528896
135844,6.9895740393415124
135845,17.853569342170125
135846,8.530541723237882
135847,7.910249687382295
135848,13.108800465677685
135849,8.971905260271637
135850,8.338243461784614
135851,7.119588563646161
135852,8.38705691492682
135853,8.768956762053618
135854,15.992357229705135
135855,12.0062608200019
135856,9.439312748892734
135857,9.631612267260198
135858,7.848797925517471
135859,6.462580986273268
135860,10.453759258414756
135861,6.925824838898026
135862,7.685002584642933
135863,6.5136888224385086
135864,11.219100436413182
135865,6.182900508959321
135866,9.834298232096232
135867,7.527131403828761
135868,8.137185319775998
135869,12.504474090854096
135870,9.781080851381796
135871,8.143484255610854
135872,10.955927873814714
135873,9.627143854391738
135874,9.881733897603214
135875,15.18756775175251
135876,6.713551644719883
135877,9.805414153659417
135878,8.643109921690957
135879,8.061948947249913
135880,8.674917220587936
135881,9.27957990215768
135882,4.241789237742395
135883,11.062392292472454
135884,9.89413111036813
135885,10.291619622825326
135886,8.999832920128387
135887,9.725650085766251
135888,7.2086425064399835
135889,9.889672243465483
135890,10.424514122888306
135891,11.980597502200899
135892,11.614531075450262
135893,7.571228461413884
135894,14.548694807757343
135895,9.210661042793701
135896,5.047637328861096
135897,7.139172814708537
135898,10.344347628012013
135899,12.322370828979569
135900,8.479417124002774
135901,11.086128366556911
135902,7.960294790899688
135903,11.24519909041245
135904,7.471016469482173
135905,12.404915165104985
135906,4.061604850351767
135907,5.4609265951071615
135908,8.377454034655504
135909,8.861358704692021
135910,7.970645032636805
135911,11.620258096420226
135912,10.573774108614153
135913,11.44143812211367
135914,11.070427142191729
135915,9.270591065258998
135916,7.58751295616658
135917,13.590878646270014
135918,14.247158638111609
135919,9.416501008149012
135920,5.340861332435636
135921,5.463859629532984
135922,10.498051121212086
135923,11.701565359544604
135924,11.27862941240225
135925,17.468022297650652
135926,9.06983507604125
135927,15.154277683477451
135928,8.261039463979486
135929,7.64063032728136
135930,7.048581227673689
135931,13.188588088316866
135932,6.856597787352859
135933,10.104188609732393
135934,10.543609254632736
135935,13.327358999475063
135936,10.305317069461644
135937,7.747712023073257
135938,7.797642212329346
135939,10.49425404937164
135940,6.064045170945045
135941,10.535769477927905
135942,7.431234198624866
135943,8.939461919263653
135944,6.290375763573135
135945,9.484134586376063
135946,8.779135413751172
135947,8.991647991428476
135948,10.42651741486316
135949,10.196528441856739
135950,7.263960757175598
135951,10.611704262030603
135952,9.917006485854891
135953,6.727990594916537
135954,10.190936402131044
135955,8.119603567812588
135956,7.803618076003867
135957,7.118083173610875
135958,13.91519339372238
135959,4.871239792862328
135960,6.134094264564841
135961,12.355687223438558
135962,8.588318333357355
135963,11.329182845088729
135964,6.54117157250702
135965,10.006832812527628
135966,11.55109013141462
135967,6.256833601220661
135968,9.90730191464375
135969,9.379123887992492
135970,9.476684004389428
135971,7.243106025461634
135972,10.194107118824405
135973,9.84006716826217
135974,13.406987255216318
135975,9.368458089555912
135976,7.3525192845751715
135977,6.227929598783801
135978,10.347476201843302
135979,10.766244848860117
135980,6.07659239672761
135981,9.311950427157738
135982,6.363375759643276
135983,7.963434082434165
135984,11.238180670219998
135985,16.930295777289828
135986,9.220568981466652
135987,10.7065848686017
135988,11.268513688790154
135989,9.67149818292359
135990,10.27999904165888
135991,10.179032091728763
135992,9.753117901628652
135993,6.610129632429258
135994,11.7580470168779
135995,7.402133108686695
135996,8.523241687905038
135997,9.51518192225344
135998,9.612978353044122
135999,4.0071683593025575
136000,9.532266974613478
136001,7.662143149022128
136002,10.404659542186435
136003,10.243893731910495
136004,7.634488025773075
136005,12.887535715830836
136006,15.1013168752203
136007,11.949687664539727
136008,4.089264122274965
136009,11.441932174054044
136010,15.377162158720889
136011,10.546514580945816
136012,11.808829711843522
136013,9.315432127812318
136014,11.226953975243427
136015,10.27117638302049
136016,10.542108413195054
136017,11.564569668739445
136018,10.625608197222759
136019,5.86275565919449
136020,6.218908403994162
136021,5.832583116379198
136022,10.434623641799863
136023,7.399048187461519
136024,17.11026801998277
136025,11.358014937988335
136026,8.285576759209755
136027,9.404358742375686
136028,10.955976696529948
136029,6.165104054079071
136030,11.616798289684485
136031,10.078937423668037
136032,8.960502277482366
136033,11.973760119551025
136034,5.703646357246353
136035,11.576219933856102
136036,9.435407006927775
136037,7.959616234718348
136038,9.334798218744714
136039,10.298339794175481
136040,9.49409636973068
136041,11.911983951338012
136042,7.53516624770368
136043,9.774319109220858
136044,5.827513212593302
136045,13.344712603346142
136046,8.027824157588897
136047,9.50086657917603
136048,9.331537137201648
136049,10.505048532215303
136050,6.302444370938116
136051,9.710336094471844
136052,10.118034140830579
136053,17.933314105379253
136054,9.25263994143089
136055,8.995481551591608
136056,6.471820059494712
136057,7.124752181783968
136058,11.294632648506568
136059,6.922240277207929
136060,7.546890195141893
136061,6.138929035055524
136062,12.627725282164754
136063,12.159029585241077
136064,9.249969206234224
136065,9.582855385714215
136066,9.175524326697182
136067,4.963221745876976
136068,10.772009123396817
136069,8.58746201747863
136070,7.253977126453475
136071,10.253252938182921
136072,4.271130632753981
136073,7.00213585871833
136074,6.9732110836954435
136075,6.873949402177627
136076,11.817650697015807
136077,9.911229212539595
136078,6.935304474838337
136079,7.485496611699409
136080,10.359838942607139
136081,11.358998907458533
136082,9.54759860664235
136083,17.815379933733126
136084,10.174668958860234
136085,9.972817666667954
136086,10.44451287043081
136087,7.901159633578175
136088,8.54794537860908
136089,17.667835797926
136090,10.782760896276272
136091,8.88061015690359
136092,7.622742359086592
136093,16.041456732329657
136094,13.696285807835173
136095,16.088323307803176
136096,11.044297948491991
136097,11.879136858045381
136098,9.558521505981139
136099,7.359050573195425
136100,10.592893964593342
136101,6.502766533334241
136102,9.888904236162157
136103,5.728611116202712
136104,8.086013749096969
136105,5.770679626618307
136106,15.641895842919292
136107,7.248387628102387
136108,11.52040929813519
136109,10.169448228675702
136110,14.304917533027188
136111,14.530057739223768
136112,8.196887384033626
136113,10.025682884743475
136114,10.597115427343539
136115,12.686389762242237
136116,9.428864169132918
136117,9.169117785408684
136118,9.441816886203878
136119,9.364683337663385
136120,6.240269074829725
136121,10.228829714550313
136122,9.351638934872936
136123,4.39573133561972
136124,10.61539011263901
136125,13.36384576994225
136126,8.211043186583108
136127,9.85834517665306
136128,6.558732203176767
136129,10.870041254613303
136130,11.250460083200784
136131,8.906419295704392
136132,11.054277182535625
136133,13.698548506221934
136134,14.356771619270805
136135,4.877534640117738
136136,7.446522884996125
136137,10.988932494852008
136138,11.100330151428816
136139,6.649582262923113
136140,8.394986600378978
136141,8.85622591406718
136142,10.206638035208025
136143,8.306824579109792
136144,9.687018471924551
136145,6.341206744888665
136146,7.193465024235176
136147,15.684674655324304
136148,9.544332820904597
136149,11.396906946366801
136150,5.891712863471204
136151,4.210202608321633
136152,16.19760223712165
136153,10.83247116790334
136154,7.595199208576591
136155,10.112233011022887
136156,8.15863607041762
136157,7.661032717305659
136158,9.33144384488015
136159,10.925907590776385
136160,6.26316464026771
136161,11.02355271869292
136162,9.444012846188574
136163,9.055180410683969
136164,9.132792474057801
136165,9.114123297180864
136166,13.486145894883492
136167,7.238977959971502
136168,8.04234568932174
136169,9.668758685536286
136170,7.068766087640448
136171,8.30801281483401
136172,7.6640196560428935
136173,9.228622869586724
136174,9.591598571718
136175,11.781270029878957
136176,12.107282546188827
136177,11.682241325394708
136178,11.099466997019174
136179,9.173781678554345
136180,10.658173386353953
136181,6.957270184544813
136182,9.385388182274712
136183,9.723132380696896
136184,9.213099684347053
136185,7.129961574336237
136186,11.025973756541743
136187,11.299768246541557
136188,5.692370093648124
136189,16.717297717044808
136190,8.694679248844437
136191,8.16250822111948
136192,5.253401400336388
136193,6.649049273784823
136194,10.30532165444682
136195,10.069698598912678
136196,13.548659690710704
136197,11.710540691386504
136198,9.765365930972012
136199,10.114811476428613
136200,11.378725287751953
136201,5.475464821720772
136202,6.679424031889285
136203,8.324750232038655
136204,8.4235312769895
136205,7.080379009005165
136206,11.784224720660418
136207,11.5408457222454
136208,12.04564425883456
136209,5.277421213667151
136210,9.117649324628113
136211,15.914264198553004
136212,8.115286938369954
136213,7.764272362512523
136214,10.381578763499519
136215,13.185205236474733
136216,12.296536079732196
136217,17.18517124285206
136218,11.330129046534665
136219,10.576918278537226
136220,6.714303843952114
136221,10.373624606179835
136222,7.391644757338916
136223,7.608296457533219
136224,13.37865501674302
136225,9.450853752277899
136226,12.028364384912003
136227,12.46453890758827
136228,12.57143243375795
136229,11.725805188558388
136230,8.761147896500551
136231,9.53702268185114
136232,10.357392328244543
136233,9.309976763347326
136234,7.446981040382437
136235,4.922538342640105
136236,7.084835231264131
136237,7.237516167545735
136238,11.62859778568541
136239,4.963538969612577
136240,9.45350624332167
136241,11.587262295136489
136242,10.349744082996741
136243,6.985111742132775
136244,9.08269724558939
136245,10.136637457335297
136246,7.663325669620678
136247,10.409064040583392
136248,12.02411365360268
136249,4.207113327576959
136250,13.360235543059815
136251,9.816922523185042
136252,13.911675516017317
136253,11.62207463648653
136254,9.50864659336026
136255,6.5385865240646295
136256,12.250995921076084
136257,9.113455271329741
136258,11.795733813445814
136259,7.571074266901469
136260,10.032730738788244
136261,8.381643609769213
136262,9.079217468817342
136263,7.080201491254234
136264,7.277562541051085
136265,15.648103133335477
136266,7.054492616320035
136267,12.294781202884511
136268,11.472286880534545
136269,10.970083404295714
136270,12.664053951089558
136271,7.400373246497592
136272,9.362368153063931
136273,11.238036306675578
136274,15.279499448175851
136275,11.432056856469401
136276,13.260343658786045
136277,9.594207572098567
136278,10.558132300914492
136279,10.372426996102636
136280,9.70570521089074
136281,12.897265970478127
136282,5.645226184505904
136283,11.401560052572282
136284,9.389653591926505
136285,14.84376887337761
136286,9.325294493004515
136287,12.286417954990082
136288,9.751536483433288
136289,9.515060686183892
136290,11.539797422141651
136291,12.129765289784672
136292,8.210582468753708
136293,8.217050500749504
136294,6.1368741835336005
136295,9.765295783032652
136296,4.332536774395893
136297,7.1913631618267
136298,10.372918425828027
136299,10.982532659844944
136300,7.2063055628350225
136301,11.394807900262915
136302,7.064316058597475
136303,17.805453671704846
136304,6.699923552596209
136305,12.197337782923553
136306,7.24452102869431
136307,9.27117755832582
136308,15.124951997917957
136309,11.803552908433456
136310,8.457046780922422
136311,5.037342776195388
136312,9.725944492836025
136313,10.707831830248532
136314,10.52433569816071
136315,7.58807373893884
136316,15.576218405476947
136317,8.409235328252944
136318,7.666189234387593
136319,11.161375506351389
136320,7.854831672634293
136321,8.582269958866945
136322,9.939620328226852
136323,5.187564714781438
136324,9.238900517109451
136325,7.311357400887347
136326,8.202931855606291
136327,9.288294038030934
136328,8.190718070741983
136329,17.8161952498294
136330,8.052092149373687
136331,6.12876984736499
136332,12.394085246065503
136333,10.602434770105805
136334,19.319660800720975
136335,7.495492384656527
136336,12.248452120413278
136337,12.6474383853916
136338,11.457286800412902
136339,8.798719870065124
136340,10.403741928686912
136341,8.216627439455618
136342,7.604018018757034
136343,9.944045438216673
136344,7.011151018452949
136345,6.595620172947099
136346,11.567843030008055
136347,11.18629357531243
136348,12.330173608050645
136349,9.289661251395646
136350,7.6103478083347635
136351,11.22434803488068
136352,6.664435853697104
136353,8.83106833687686
136354,10.257114161654396
136355,11.047733010966251
136356,4.94562897215366
136357,9.258109920939892
136358,9.328174561537583
136359,8.81330011676496
136360,10.183615488890636
136361,9.540159652151441
136362,9.111950875128455
136363,10.60455081275253
136364,12.200625507231885
136365,10.519126058459642
136366,9.678030000134498
136367,13.276247007517668
136368,8.936589846235771
136369,12.207187164994952
136370,17.28841017046643
136371,14.070720550183136
136372,11.94018162005738
136373,12.730162234841973
136374,13.079032079457452
136375,9.887477497410092
136376,7.283555808545181
136377,4.193664692841514
136378,11.036104436506761
136379,9.50760082600135
136380,12.631086850393412
136381,9.942288371954472
136382,10.373238135361072
136383,7.96877462899468
136384,11.567799066507511
136385,15.31564777737636
136386,8.845985027833427
136387,8.846878135769558
136388,9.530279283770728
136389,11.611067943014962
136390,9.165645572448703
136391,12.686304716390275
136392,14.4412229770284
136393,9.01565512693018
136394,11.21325243863912
136395,9.42293068616052
136396,10.598017612695978
136397,6.530812427255637
136398,11.510605208108172
136399,13.001263966864304
136400,12.166590587406901
136401,11.051224097502763
136402,9.916871466304176
136403,8.094909067326835
136404,9.847399496688142
136405,9.78301578980118
136406,9.494565255847919
136407,8.960503786079837
136408,8.604615146970426
136409,6.694967628811343
136410,10.183874786928126
136411,6.993915298585669
136412,10.044480631883413
136413,5.496887829220095
136414,6.63258762829885
136415,10.96545814164195
136416,10.79012725248839
136417,7.763700649329192
136418,8.08090967491621
136419,9.499593656904969
136420,10.029975599788155
136421,8.474628333730825
136422,12.067740249252939
136423,13.73208439886314
136424,9.902503236999054
136425,9.437658516639882
136426,5.978846250235141
136427,9.570910164485733
136428,12.873127738057239
136429,11.621286774670239
136430,9.93989278983264
136431,11.687152491346422
136432,12.588425911106501
136433,11.45128179268199
136434,9.362195477709298
136435,8.2086668126835
136436,9.94890548226097
136437,8.216933104900983
136438,7.276556188655401
136439,11.954662456009478
136440,9.275143166979314
136441,10.716617409586531
136442,8.023322375017397
136443,8.406685680796219
136444,10.215963589583168
136445,9.758835833123683
136446,5.844371793106321
136447,11.941614483702724
136448,9.327969250945959
136449,9.021817511532
136450,7.8063405981898
136451,5.7251255715304294
136452,14.095546906538909
136453,9.08066411547476
136454,9.915447395737583
136455,4.4167625463557645
136456,7.410054335640953
136457,13.715253532259604
136458,8.43225466834199
136459,12.931922544218613
136460,9.26332427487421
136461,8.029777790820614
136462,11.28578351172157
136463,11.585941112218864
136464,9.201624076030676
136465,10.215358851705975
136466,7.012863412687745
136467,11.262022713936272
136468,9.914660643497353
136469,8.304196702025825
136470,8.674955950138976
136471,9.741115214508692
136472,9.709750035858468
136473,9.861054293195917
136474,11.641438078372309
136475,6.684598156034809
136476,7.435636611875755
136477,7.750816612006548
136478,7.7621513772849395
136479,5.680990685116155
136480,8.655271207775597
136481,10.249400353629866
136482,10.588932558321648
136483,7.34687524995468
136484,7.043160811071493
136485,9.068959176451921
136486,9.488139420564323
136487,10.701943534121815
136488,12.707233030990787
136489,8.948365915585427
136490,11.266500628188314
136491,10.842403344703476
136492,10.518610146195716
136493,11.717526191965842
136494,8.884506927248967
136495,7.806541918894308
136496,13.536081781512484
136497,9.863554245486124
136498,9.473454921441405
136499,11.29551414971785
136500,8.991379734096707
136501,6.422944541926881
136502,9.359349202362665
136503,7.705461946550696
136504,9.464733948635269
136505,7.582116320310943
136506,7.542524897298598
136507,13.189122529791604
136508,11.812244385701067
136509,9.405852405031728
136510,10.11537414527737
136511,7.318489818267894
136512,9.995157418999044
136513,10.071299399692297
136514,12.014874197148227
136515,13.276441163577463
136516,9.80195768531988
136517,10.420365224589698
136518,12.68062762247111
136519,10.160499797299789
136520,11.243755334249105
136521,9.481766739938092
136522,7.322367988366869
136523,9.528408987612428
136524,12.247000734636192
136525,12.267761716697681
136526,12.817975559899136
136527,9.625422795756945
136528,9.487656658303806
136529,11.538443981638318
136530,13.935561919622637
136531,7.26426088524142
136532,10.653850998901547
136533,4.5313589038753594
136534,6.092943966006924
136535,14.127459073643967
136536,11.29197039416652
136537,9.614564313919388
136538,7.1797631635209695
136539,10.074040927247797
136540,8.997743024701519
136541,11.73398965285337
136542,8.986842518050416
136543,6.925147578177503
136544,7.104199449676185
136545,15.090198691413145
136546,7.42299817513759
136547,8.486933731101356
136548,10.470339708605334
136549,9.110024166215695
136550,8.965779577539557
136551,8.461466715318162
136552,8.817456609720356
136553,9.957551349361287
136554,10.615346340500938
136555,10.872298701073861
136556,11.75402163647206
136557,8.232441953381642
136558,15.462692526664785
136559,11.209205718368164
136560,7.895725053543335
136561,9.331620197287807
136562,7.841251668412272
136563,8.929835789584837
136564,9.593315516470007
136565,10.101269457069687
136566,13.278639136764198
136567,15.559080644421147
136568,8.811926580538643
136569,9.175227519948947
136570,11.742628552943993
136571,13.08845141823978
136572,9.262955549475814
136573,10.974769095211508
136574,14.509600478393597
136575,6.718595002722497
136576,14.609707197049492
136577,8.940607499733762
136578,9.40266089445063
136579,11.962361903944805
136580,14.671901802948867
136581,4.88648433110665
136582,9.326377945800116
136583,8.238760568480904
136584,13.979770275088688
136585,11.674535804445572
136586,7.406319416590264
136587,6.934211765520236
136588,13.361640382004504
136589,11.405741946253768
136590,7.844882030208129
136591,12.680149219553002
136592,10.829372709303144
136593,11.872900525088603
136594,10.110057316587778
136595,11.867262012206204
136596,10.1163996748578
136597,8.716101912769549
136598,15.99966896969146
136599,10.64772611371383
136600,4.329675156962056
136601,10.217697541317145
136602,7.596719685789085
136603,9.069034239410566
136604,14.294506413803608
136605,13.70319135927063
136606,10.604184115552194
136607,10.021048662600254
136608,11.317041342229741
136609,13.382192551333228
136610,8.653348369514124
136611,9.026907855787176
136612,7.864710263805596
136613,8.708443289774031
136614,6.191232294029926
136615,12.090335959624458
136616,11.310348749750993
136617,12.37889474534711
136618,6.794898712499865
136619,10.989665817403425
136620,10.486170069882716
136621,11.72948212758941
136622,10.004026140902397
136623,7.837379036753487
136624,15.560822340765819
136625,11.397080486239977
136626,7.533915331458677
136627,10.432125600448312
136628,14.034246424169456
136629,8.042103342453677
136630,11.020529531341827
136631,7.770939552519603
136632,9.186407483613069
136633,7.428069673818319
136634,11.167383908649473
136635,8.835013040398552
136636,15.003808738112266
136637,9.188004181281851
136638,10.342517458752548
136639,9.346202275954026
136640,8.01843809696721
136641,11.677921204681548
136642,14.299456232297118
136643,12.811192334783788
136644,8.603117730719925
136645,9.102045783798994
136646,5.767128728199891
136647,13.143647046440838
136648,8.037629019964601
136649,7.412693791213921
136650,12.259930267480721
136651,10.240579832998211
136652,10.059978233589394
136653,9.12295854398015
136654,8.932807436530592
136655,6.453752495944341
136656,10.166907917714976
136657,6.8746503850792795
136658,9.7488743581591
136659,10.584509490531953
136660,4.182448443351026
136661,13.710524397250998
136662,6.017016682550751
136663,14.46763052122859
136664,8.046656444902904
136665,7.77735949221385
136666,10.982302269413664
136667,9.604605312199642
136668,10.58752240729825
136669,9.476769671426167
136670,10.83002907938671
136671,10.481995659632961
136672,10.271991270006877
136673,6.144954397060167
136674,11.448552558299506
136675,7.495399495402464
136676,8.01824848003091
136677,12.131596364392372
136678,9.615113390194084
136679,8.432832218814301
136680,7.920554176308386
136681,9.436615750817351
136682,9.8440558670515
136683,10.489104424094467
136684,8.614867137596109
136685,6.129847112777049
136686,8.660979646408686
136687,12.270442998202178
136688,12.38020576396335
136689,11.568080145772958
136690,7.625910801902722
136691,8.517656756707613
136692,6.911689891149118
136693,7.701351022297681
136694,11.984878005231241
136695,9.827308709618162
136696,9.878594618617683
136697,8.622133691280325
136698,6.676294444719176
136699,11.46647596974109
136700,9.738871042376335
136701,7.992272203678982
136702,7.793799196153559
136703,5.502683258393132
136704,6.171017885543074
136705,5.820222450785556
136706,7.498263066200737
136707,10.480859574787676
136708,18.330992120717337
136709,7.238174205344862
136710,12.093973207197198
136711,13.846947220437361
136712,8.02843702663717
136713,4.006486514804445
136714,9.743318150965315
136715,12.020714157481859
136716,6.307674959381392
136717,10.938639979861716
136718,7.561895158644305
136719,9.390951528052332
136720,9.382739530965875
136721,9.7451176457655
136722,7.514191409891748
136723,8.063654208715553
136724,14.927490426924532
136725,7.799873987537554
136726,13.022946815570226
136727,11.731984768006644
136728,9.178637573039715
136729,11.083463464946432
136730,8.913107338404558
136731,12.525142017616552
136732,13.407188545712026
136733,8.999377876617881
136734,9.968903509886832
136735,8.937967014055555
136736,9.958987047114652
136737,7.4068149827480045
136738,10.12175771424798
136739,7.920067875644257
136740,14.78484210487287
136741,10.730871881841795
136742,8.996108412953195
136743,9.771129997997814
136744,10.484047665851673
136745,10.268268222643288
136746,7.346619095714225
136747,10.827051390534491
136748,5.153103250893814
136749,5.070655802071856
136750,9.650193802915046
136751,8.62983795299985
136752,9.975359106826325
136753,11.194396069179145
136754,7.117027300101229
136755,10.04069497495449
136756,9.241280829558486
136757,13.379130849391794
136758,15.787372164639999
136759,10.317742154665833
136760,12.529188538287672
136761,13.093897156213114
136762,8.579175361298521
136763,8.4023035034185
136764,6.252854319704714
136765,7.970709568281532
136766,10.719612242796906
136767,9.727615597964371
136768,6.15457118339924
136769,9.20347569805637
136770,6.679278646129077
136771,13.057012215002143
136772,11.231129770747724
136773,14.22065361129508
136774,6.923164568152986
136775,9.21341052788325
136776,9.58914853678576
136777,9.517392184467322
136778,9.504553871618635
136779,7.492046130275723
136780,8.665271241434219
136781,11.100828319984297
136782,8.926635685379164
136783,8.918497764046588
136784,9.88732946836414
136785,7.9597211888704775
136786,12.825967559902685
136787,4.966425057916279
136788,5.729228426851459
136789,9.306006599389807
136790,6.024116683083725
136791,9.660314211691908
136792,10.27011145375339
136793,8.851508428037482
136794,15.309493433165102
136795,9.962944024653487
136796,11.710970987780902
136797,8.088072133580464
136798,10.373543991794545
136799,12.881762852654779
136800,8.587764194319918
136801,9.77746168001434
136802,7.053951938241724
136803,12.577940322397273
136804,5.2561805049329084
136805,11.243989191826058
136806,7.6950526284815295
136807,8.348539789495016
136808,6.997832886835987
136809,9.013620309965425
136810,8.029680435429176
136811,12.773450194629609
136812,10.72919467511149
136813,9.133630690690257
136814,11.591364963685304
136815,9.156344292898092
136816,9.839344039751614
136817,12.802588830478808
136818,15.535897314561861
136819,7.480824118156974
136820,17.863244872617265
136821,14.298797420140312
136822,9.236511109578766
136823,15.539798918174473
136824,9.157687413666983
136825,13.066282812432991
136826,13.477811595357059
136827,11.172625627709042
136828,13.482750586708804
136829,10.193726278109137
136830,11.325140530565495
136831,9.520151336808759
136832,6.1447708397720175
136833,9.576663655876635
136834,5.956616129984857
136835,9.786880146200627
136836,5.265613433857872
136837,9.74219329743912
136838,8.532568168626929
136839,9.076242850307619
136840,10.158164572728655
136841,9.243443518681547
136842,8.190161783946953
136843,5.793965847294493
136844,13.440914988323732
136845,13.662200958095728
136846,9.816162759312373
136847,7.444134592480364
136848,6.9697436413214096
136849,8.29471551107475
136850,11.19168750695454
136851,8.0169116676275
136852,11.38743215488781
136853,8.192389258731678
136854,9.80026874820235
136855,6.067807957713436
136856,8.927022248714636
136857,9.741763471463562
136858,8.822125878266064
136859,12.264455349475039
136860,5.738285537793404
136861,7.6981049808261615
136862,8.359078234658666
136863,11.907103708426302
136864,16.457641344880965
136865,9.95324723058133
136866,13.43562614232959
136867,9.930527317428355
136868,9.310494704761492
136869,11.70404863279935
136870,9.253158697063494
136871,12.197860150006083
136872,8.715044833580881
136873,9.32959392307579
136874,6.368303138182238
136875,7.463131871574708
136876,12.108648758115029
136877,12.800316104063267
136878,10.3216563132974
136879,11.616917936848159
136880,9.707132259053243
136881,11.841235490494551
136882,8.431100417481176
136883,16.3807454920715
136884,8.978076074261894
136885,10.127809638941962
136886,9.764483510885636
136887,7.17457803309086
136888,14.327800905743448
136889,8.362839489205534
136890,14.151381613985066
136891,10.150002252800851
136892,9.699233133243393
136893,7.937203083582082
136894,6.180672522385972
136895,6.6585315718250415
136896,5.466320160672426
136897,12.386085988591335
136898,6.353915283418857
136899,8.853664969156103
136900,6.673978991308871
136901,10.149464875298486
136902,10.792777698652904
136903,9.977732329584901
136904,12.095382127654577
136905,11.520706863075967
136906,11.131980078816163
136907,4.418753941655715
136908,4.308506550946813
136909,5.945293763808478
136910,8.73944417380002
136911,11.916687120636954
136912,10.499590964800397
136913,12.122496500097379
136914,9.767244635479965
136915,11.6218355019884
136916,7.189546326113586
136917,10.517679404897562
136918,11.1273244508997
136919,7.681712983090497
136920,8.71484998114418
136921,11.025856576773133
136922,9.637162568176288
136923,9.714010995146554
136924,8.793909640759104
136925,5.248490297760917
136926,8.216515589795018
136927,6.857645215651343
136928,9.999803680017289
136929,11.374739153808893
136930,10.728387166119706
136931,16.130814415938044
136932,6.484106670556528
136933,8.98876875095163
136934,8.19900971286101
136935,8.036560034728973
136936,7.6415162147814515
136937,9.229494917301679
136938,6.8568754673640075
136939,5.146695798562829
136940,13.44204862376736
136941,9.151042967418553
136942,7.385403345201661
136943,8.70256557392015
136944,15.68870173612377
136945,10.426748613468266
136946,5.130877288274938
136947,8.46754390223718
136948,12.469532825743151
136949,12.493572165017108
136950,10.243077883398257
136951,8.013037683024098
136952,10.059127151938885
136953,9.24751787611569
136954,12.283649347722468
136955,9.168107379326473
136956,8.86218006735056
136957,9.092947227937639
136958,7.217848043352707
136959,9.796089085005354
136960,13.534236999373519
136961,8.056302105372874
136962,8.36263016441335
136963,13.15219728864077
136964,7.49475039063896
136965,7.638127063309469
136966,10.796558831685982
136967,11.066163939484206
136968,6.15356873586037
136969,9.755616933203363
136970,8.545752245864762
136971,5.642062718343548
136972,7.744748419759259
136973,11.299684109852475
136974,9.378025954936772
136975,8.478577704335317
136976,6.880259606348031
136977,7.43466682141253
136978,9.315775273544393
136979,7.658473978999638
136980,9.490288939280017
136981,9.106145907081165
136982,10.846298117330754
136983,13.850815394453585
136984,9.801141570729992
136985,6.804476686192825
136986,9.570020525042736
136987,10.12890187694563
136988,6.966952673804253
136989,9.993973104550944
136990,13.59034670873562
136991,11.070352671273156
136992,9.867077223519157
136993,9.83363384874011
136994,9.184099929542503
136995,9.642128741494822
136996,8.226305040079197
136997,11.803579866016097
136998,5.653781976508587
136999,9.242557688190924
137000,10.213462410332859
137001,13.632846694719074
137002,10.02302734614455
137003,7.698111240038811
137004,14.942605379238927
137005,7.131317010475284
137006,11.6307325961036
137007,7.163364637843007
137008,9.256106862009602
137009,14.380424236701922
137010,12.98829636113247
137011,6.36495862546873
137012,12.190619060269935
137013,9.922885772969714
137014,4.051132755002679
137015,6.665111647702484
137016,10.257510851442527
137017,10.721122179696826
137018,7.974403433050357
137019,10.668187267339196
137020,6.291976351015111
137021,9.175881056950518
137022,7.2203961396613705
137023,9.625602753367422
137024,11.807068991895548
137025,10.223704880783826
137026,8.522368283521653
137027,9.684668336768443
137028,7.200839828634999
137029,7.741405077223743
137030,9.818209414520775
137031,13.581421574960393
137032,6.867629990261435
137033,8.840730876994389
137034,7.471114894998036
137035,9.409141376966875
137036,10.3829019331199
137037,6.5937333906855455
137038,11.300901260711376
137039,9.939689796249016
137040,9.039625610292175
137041,11.258431438907067
137042,11.310557249730085
137043,5.61511226444316
137044,6.885171105342354
137045,11.654910299311389
137046,8.986045459233978
137047,8.951258301468778
137048,10.136064471169195
137049,9.528328084149553
137050,7.786952103862225
137051,4.658544986739811
137052,7.976762774501386
137053,9.065083713117662
137054,10.161084408261972
137055,9.413011930875767
137056,6.463747268680807
137057,9.15266170163712
137058,10.701947702380023
137059,9.51249682368979
137060,10.321011870460842
137061,9.33226607226365
137062,13.479676809070426
137063,10.719211312930252
137064,5.878371010443444
137065,7.693217388609995
137066,14.633238295302004
137067,8.004554973295578
137068,9.45026063804676
137069,9.417230924196431
137070,8.469292120325267
137071,10.456084997901524
137072,12.351896307049667
137073,9.577431380137073
137074,8.112582809035546
137075,8.170305762924368
137076,8.318148625899955
137077,10.06343991046781
137078,7.827642329650084
137079,4.950332200423259
137080,10.641794486932955
137081,8.93455454720255
137082,14.343787795400493
137083,9.882213966331339
137084,11.813642721432853
137085,10.422589180290982
137086,11.549170130646445
137087,11.713762991598063
137088,7.440539177733456
137089,13.026097976443813
137090,12.578533713630412
137091,15.615501785481777
137092,15.392378280456375
137093,10.532158865928036
137094,9.514021902077669
137095,10.995723595082762
137096,17.98062472770937
137097,6.549969806894706
137098,12.50734166962017
137099,9.787969125879348
137100,10.970316792068378
137101,8.281816382192888
137102,10.464179862970818
137103,7.39006000021043
137104,13.782012569118631
137105,10.418421193060995
137106,6.274308450504575
137107,4.620799638878157
137108,7.363250812552964
137109,9.039533721561309
137110,14.179873223776289
137111,10.392745920026488
137112,4.792141093190013
137113,14.08121583821512
137114,5.166258759948215
137115,5.206703747260065
137116,6.233655732611282
137117,10.693115563178102
137118,8.445280369980377
137119,9.345744766120713
137120,9.725455760121765
137121,8.244226792988353
137122,14.473613274484785
137123,10.491747211162224
137124,7.272536806228954
137125,8.827018325524238
137126,9.012534552436755
137127,7.794808638771846
137128,9.95498661946338
137129,11.53400543952931
137130,9.121216627118415
137131,10.274920213402343
137132,11.025738004556283
137133,10.598013764528508
137134,8.426201412924915
137135,11.560919171996952
137136,11.517033861546834
137137,8.663793275974022
137138,8.113518393145682
137139,11.01758340250727
137140,8.697484197366895
137141,13.288396144146873
137142,8.7167025120862
137143,8.35451076596616
137144,10.29317612878736
137145,14.043572576677837
137146,6.872817030166904
137147,17.219990448018297
137148,12.5033133116373
137149,7.630452148601897
137150,8.361932085280277
137151,7.86995616954278
137152,7.129842273264899
137153,13.990019508016818
137154,9.705404677882134
137155,9.92320934784292
137156,10.620335272948301
137157,9.685564830168365
137158,8.39371820938767
137159,9.234489566469875
137160,6.247104274948329
137161,9.938361118591647
137162,9.994792322839396
137163,10.786992107676046
137164,12.413218109433931
137165,8.55846979335335
137166,5.610074528642577
137167,8.376225110291116
137168,9.137946576331284
137169,12.097473187583583
137170,13.697845764563647
137171,11.78088779612568
137172,11.924459028670668
137173,6.143949440388611
137174,6.699113201608415
137175,9.57133062064475
137176,7.089010516819701
137177,11.079380422057113
137178,9.03976668347394
137179,10.030887144342262
137180,11.261598059456528
137181,9.699634056485495
137182,9.6050554844513
137183,11.303972628381379
137184,9.895441860107967
137185,6.8807419154554434
137186,9.912953826808955
137187,10.282489057053647
137188,15.34228795146999
137189,11.449901504093555
137190,6.881473416747072
137191,9.322234864204425
137192,6.8384796805402015
137193,11.292740627602058
137194,9.099164900681938
137195,6.107771976075746
137196,8.944124871384727
137197,11.408449324168293
137198,4.169968263389966
137199,9.668993426177938
137200,10.192829295068204
137201,9.888661876379356
137202,14.79094431896344
137203,7.704748921276344
137204,10.73735390909066
137205,9.843108950141144
137206,7.880405383695235
137207,10.167396480976226
137208,9.465375210997182
137209,13.304266544084754
137210,9.340712302071044
137211,10.790048808378176
137212,8.04851164040269
137213,7.021982787763591
137214,11.077611559135102
137215,10.169153212121689
137216,10.528311006308748
137217,9.007572334826394
137218,9.31539790651637
137219,11.856459964542639
137220,9.12148604129983
137221,10.361360188711103
137222,16.54028294050221
137223,9.149438923410779
137224,10.380452161296677
137225,11.507897068738549
137226,9.54440763941733
137227,6.821413251402049
137228,9.4214998124074
137229,5.417134676655321
137230,15.900363473973417
137231,12.721956173717635
137232,8.21644333073451
137233,4.379851534408401
137234,7.344417191640181
137235,7.749485362699633
137236,6.236133629125473
137237,9.935086184524362
137238,11.52315168818636
137239,6.280043890390604
137240,8.00102925073227
137241,10.14654329688277
137242,9.830357290486482
137243,8.415504782626552
137244,9.45496652866278
137245,10.285406337386656
137246,10.793262713570428
137247,9.332779773976183
137248,6.4022129005166475
137249,7.109578507600519
137250,15.307402145787483
137251,8.438844436568122
137252,13.737943975096536
137253,6.186668951956242
137254,7.460930309688202
137255,11.587883495480085
137256,8.400903541472328
137257,6.970465454385426
137258,6.957510202665181
137259,7.51738327222399
137260,10.019492858054926
137261,10.124905680012118
137262,9.701283794294998
137263,6.796144046434598
137264,10.666217674354467
137265,9.574994577891413
137266,15.131952424232637
137267,10.853171682668492
137268,6.536461646581538
137269,12.89628343465922
137270,9.920282254265393
137271,8.26751142741503
137272,7.331697995133763
137273,10.820078724696998
137274,10.700711877198898
137275,5.634461446151882
137276,8.300801196707566
137277,7.339526123441937
137278,9.792143674553055
137279,8.340828027280812
137280,4.3390697397338425
137281,8.16811907972117
137282,10.54176188263629
137283,9.579054108051466
137284,8.747803761687132
137285,10.6074543305689
137286,11.029958816126786
137287,10.964877598997532
137288,8.63225403731584
137289,8.08828147202505
137290,8.41943450456807
137291,9.942370566192562
137292,9.170347751273024
137293,12.593035038727358
137294,8.082131749580123
137295,10.685642713449496
137296,9.280286923520249
137297,8.381885789507223
137298,5.134309724640762
137299,4.527388852259439
137300,6.375054869295293
137301,8.054264531946142
137302,11.177060763311786
137303,8.002614571947667
137304,7.164591523585874
137305,5.826294542252089
137306,7.397224407362766
137307,5.979028358914582
137308,6.5391864029835265
137309,11.793406135521526
137310,11.280771734578684
137311,9.541753616080438
137312,4.466433184123863
137313,13.53985729110724
137314,13.117028875406373
137315,9.594735667702222
137316,12.851587625979715
137317,10.023657534664911
137318,9.051316303884672
137319,9.709876437916417
137320,8.198434976255722
137321,10.820556498285082
137322,9.945490077275371
137323,8.917913211034415
137324,13.936655572770098
137325,13.978036035643978
137326,10.366308621147649
137327,10.49237368227342
137328,13.81883207553785
137329,8.559705390014136
137330,8.362788382565995
137331,12.817217483784717
137332,9.940197567696996
137333,7.442292084454853
137334,8.141407318541004
137335,7.587724530018216
137336,6.657115046141112
137337,8.492421743146451
137338,12.620795417526939
137339,11.775078801479983
137340,7.868061815815705
137341,7.3755383771197724
137342,9.168478579911712
137343,8.361041556869708
137344,11.561588266815686
137345,13.004978649250598
137346,9.394437454399108
137347,9.03824973475789
137348,7.61708885371179
137349,10.057771814618402
137350,5.839264117421334
137351,7.155679434462472
137352,9.217691928781871
137353,8.181044900918364
137354,9.582798492516888
137355,12.36487862724105
137356,9.061110868386923
137357,13.485216436934298
137358,8.22925696802736
137359,10.407979003204147
137360,10.09751958567957
137361,10.858323494872483
137362,10.763990457235092
137363,12.383077570472409
137364,7.70205564930968
137365,15.824985601225979
137366,11.292703472478605
137367,8.308599535469032
137368,5.826977137616412
137369,6.612476755711121
137370,9.13576487702697
137371,9.755837981262909
137372,8.584980797801034
137373,13.73362914877722
137374,5.6331015878015025
137375,11.331137332783173
137376,8.096806540655558
137377,6.90904260555187
137378,9.773543071125655
137379,12.828596116064398
137380,12.737536382643707
137381,11.598356606504064
137382,8.358279071035394
137383,11.095901009706697
137384,7.276926233031195
137385,9.63947114390503
137386,10.37588283157078
137387,8.884940482827934
137388,9.87066499007087
137389,9.959764896411349
137390,8.41206229657189
137391,7.1366076059688455
137392,10.960589472190962
137393,9.038072906943968
137394,6.048085687432584
137395,13.113689435728784
137396,7.034733834676584
137397,5.644366980823652
137398,11.664880778677537
137399,8.83523041570299
137400,7.6669967953290525
137401,15.640789228651652
137402,11.745625062011435
137403,11.471738585101651
137404,10.514103927740575
137405,9.326655131888234
137406,10.964494120671462
137407,17.952520344736495
137408,12.98659320004229
137409,11.135401091632
137410,9.512983586709144
137411,6.991729900114924
137412,10.982971847561082
137413,8.668359902943369
137414,10.257371888302762
137415,10.756177309194857
137416,9.272961338982885
137417,7.925755608123471
137418,4.388377608172509
137419,11.383144910310504
137420,10.485090103969373
137421,6.606759369694229
137422,9.771677856400185
137423,11.872610458446237
137424,4.534709916007737
137425,10.790806003293323
137426,6.724717803675548
137427,9.596194810485557
137428,9.676847645532112
137429,8.460211203434607
137430,7.8731307243005375
137431,7.461269354174514
137432,11.270769980759301
137433,10.738744331537474
137434,10.099259056630446
137435,9.234101902187753
137436,9.857965171311543
137437,9.745780551172066
137438,10.812798199932592
137439,14.727291926215793
137440,13.792457100331495
137441,5.13059481123304
137442,6.92168886190303
137443,8.854643451307938
137444,10.340815856879654
137445,11.33300200594952
137446,9.522359879255129
137447,10.048159312829684
137448,9.1901946486436
137449,7.5776718537741505
137450,7.237466951044658
137451,8.790243945633941
137452,9.8895298888095
137453,5.927676039765577
137454,9.365228359657817
137455,10.306059798695234
137456,10.80056755974471
137457,8.92834031815318
137458,6.848634623982035
137459,11.90761046733688
137460,10.264993263291881
137461,9.441296634455956
137462,8.92216313319041
137463,7.054358520480962
137464,9.838965131081446
137465,17.02758174965844
137466,8.347286232705539
137467,10.582283350210687
137468,11.912060358569718
137469,9.799619008555123
137470,11.108771572533069
137471,11.444100986057407
137472,9.665634273893973
137473,7.1432284291229875
137474,9.625015103050144
137475,11.263481709646006
137476,9.510110865318536
137477,8.412387240388458
137478,7.88733004294254
137479,8.181454708744287
137480,12.713636508115517
137481,5.774973203311347
137482,7.4927814116557725
137483,8.608899077292179
137484,9.927633345187841
137485,7.46979234742996
137486,10.370213433105167
137487,6.838145901768684
137488,7.5924554197440655
137489,10.624515922122773
137490,7.372985219360714
137491,10.329094654682661
137492,7.2011226360309895
137493,5.72644474659961
137494,6.128475970085408
137495,8.453559996513075
137496,10.925857469691334
137497,10.084465053910014
137498,6.857911504425405
137499,4.03683867962589
137500,9.352966206705963
137501,11.347479078581873
137502,10.128492703130783
137503,11.60044781066863
137504,10.72570143155944
137505,10.001780865714386
137506,6.170398187908477
137507,7.93600015631628
137508,10.3032254182691
137509,10.770092551084206
137510,9.630702721614941
137511,9.558429125214449
137512,10.147955626681643
137513,7.007022419785471
137514,13.02653540308665
137515,15.752502673733042
137516,12.282530824570014
137517,10.48260775993326
137518,6.801846000126541
137519,7.551018305469387
137520,8.51587505879883
137521,8.516731332402077
137522,11.053426809964572
137523,9.839444335452972
137524,10.50833005824912
137525,11.348581227137068
137526,9.667970866035011
137527,9.54876465404001
137528,7.062120777034575
137529,7.552789639211413
137530,9.495504094099775
137531,5.510036736723765
137532,11.709995684101717
137533,8.411667460038533
137534,10.876961569707223
137535,7.7097266742165855
137536,9.641454444661715
137537,13.975861290736503
137538,9.790654953727417
137539,14.04055954904089
137540,8.364447504476573
137541,12.674990891532358
137542,11.066181545608647
137543,9.277637026777395
137544,7.041965665304531
137545,13.55470152889642
137546,9.49106437822647
137547,6.123175736760145
137548,9.436111355929466
137549,11.450078366416028
137550,10.45083539939254
137551,9.455043488036026
137552,11.474950536009288
137553,12.620356155697747
137554,6.336236353611794
137555,13.319524862454713
137556,10.700724835397208
137557,12.433874306865967
137558,7.226508465888854
137559,8.85912338829058
137560,9.74191941658457
137561,9.94525650607736
137562,8.18566322885589
137563,9.490760258938343
137564,6.745335550582347
137565,7.330252681159344
137566,9.428950033522796
137567,10.606792103308663
137568,9.603539517817378
137569,7.339472593221366
137570,8.407088353485584
137571,15.609441977985707
137572,10.633128553888586
137573,9.748067990012217
137574,10.378275282046932
137575,11.260083393850604
137576,14.56642099013374
137577,10.298232459775466
137578,10.23981597504967
137579,6.4817192921366225
137580,8.168357361628882
137581,10.182518109225946
137582,7.466993855876552
137583,11.444825382032944
137584,10.693149839484281
137585,9.19872407669847
137586,8.408778218663414
137587,12.592284734742488
137588,9.841401565219247
137589,5.984686992254406
137590,9.527406304616152
137591,7.680813282544223
137592,8.483087179955103
137593,6.250207872249545
137594,10.984809025623981
137595,9.956923124709952
137596,8.359661772689511
137597,9.758740052037458
137598,5.043382043735362
137599,9.233587941001693
137600,8.432335190393749
137601,9.340593263297967
137602,10.37511595621366
137603,9.620585001972735
137604,9.368525660262431
137605,8.235956116752313
137606,7.80817197237734
137607,7.262788633073072
137608,9.433136363736068
137609,7.935567462568967
137610,7.25845862800205
137611,7.173374881692761
137612,9.282497273000349
137613,10.056694671238626
137614,9.598613510237152
137615,12.55474279867667
137616,5.983403996963177
137617,9.23521509948415
137618,10.200963105184329
137619,9.232759414488996
137620,10.476054211452622
137621,7.568364374779131
137622,8.042666791046226
137623,8.067326992547503
137624,9.280363047780595
137625,9.291372105895075
137626,9.097859296019404
137627,9.55171022791736
137628,16.083255690745897
137629,10.595424148132906
137630,13.218063697029038
137631,11.732796551556053
137632,8.69930183653817
137633,7.571502025497169
137634,15.972831346523254
137635,8.961714882450163
137636,8.912272946106015
137637,8.496902739040275
137638,15.089927347666778
137639,11.53721917145992
137640,7.544966816494326
137641,10.237170091662785
137642,9.901643407588018
137643,12.983953315562236
137644,19.00342925556841
137645,9.954836346269044
137646,9.490184736580444
137647,7.597964358181352
137648,9.482069884332583
137649,12.870870944626589
137650,7.378961108176419
137651,10.551275991776201
137652,10.73079610605083
137653,9.327983517072392
137654,9.444731645702579
137655,10.894250088061133
137656,16.917358802682877
137657,9.366066387677737
137658,6.808329148312845
137659,5.845473587375229
137660,9.291764712604605
137661,9.512544268582582
137662,6.87308750341356
137663,10.534611628459162
137664,9.334942857688466
137665,13.191279584136316
137666,4.38422130648775
137667,11.841791516571458
137668,6.771605155069517
137669,12.12228498566176
137670,10.174278764386713
137671,8.013458461291354
137672,9.530369420472983
137673,10.06852395275061
137674,8.986561702381357
137675,7.723754414752219
137676,9.185053157218938
137677,13.005767605045012
137678,8.823453188996355
137679,11.196837659752333
137680,6.886156562758937
137681,9.51186127118386
137682,11.871166758978173
137683,11.750441134726866
137684,7.347537751444753
137685,11.635654850140426
137686,11.151933175555284
137687,8.0134186361987
137688,9.009699586455628
137689,8.681677385432854
137690,7.026433813291649
137691,4.012878193423433
137692,13.167851924966703
137693,17.208638358356854
137694,9.374381617843651
137695,8.684093851705565
137696,8.958364857111587
137697,11.42285011260223
137698,10.36251491814536
137699,7.732845263994068
137700,9.161544175282625
137701,9.78838003297191
137702,9.445851118879725
137703,10.655755106873196
137704,14.576985027143166
137705,11.263251386583539
137706,7.204687758584276
137707,7.148237832556826
137708,8.027061047298549
137709,13.640382297751273
137710,9.980673840625924
137711,8.183250397689031
137712,7.499930941250566
137713,12.176192873191406
137714,10.405826162406408
137715,12.610750606122773
137716,14.690418815101523
137717,4.064597915975245
137718,10.895386502418619
137719,12.398764800433465
137720,10.76323341982503
137721,4.535036822688335
137722,4.9285658395525775
137723,8.195080647987302
137724,8.623253421425119
137725,4.881646715948944
137726,11.277830687980599
137727,11.97885675348243
137728,11.930507311303867
137729,9.960695550777189
137730,11.158950612342926
137731,8.192763844017382
137732,8.999195610472537
137733,9.192054427853247
137734,5.857584299516029
137735,7.707010162607018
137736,8.311975130764651
137737,9.532176857732482
137738,6.665329027791937
137739,12.385900358890668
137740,9.456976637503217
137741,9.810516638803028
137742,5.6248326259277945
137743,7.338228328507317
137744,4.659535258053722
137745,13.94925123386433
137746,10.418603419339076
137747,13.276292718076661
137748,9.442587040420134
137749,5.915146040449481
137750,7.548959133358947
137751,10.81619627100292
137752,9.171601062484964
137753,5.2883645996797295
137754,10.715396514915852
137755,9.519082779423519
137756,9.48158842062342
137757,11.177716200716947
137758,8.81025579647798
137759,9.867226086960695
137760,10.808253043355958
137761,9.192892615026162
137762,8.051831591157065
137763,9.544583629331582
137764,15.133159461627793
137765,10.50379067784474
137766,5.388705870771256
137767,11.7091186752239
137768,9.584518618218155
137769,11.968971251182015
137770,6.464730910128026
137771,12.458364647986306
137772,7.902178412363762
137773,11.593443553337146
137774,10.08670150105199
137775,9.374474157649875
137776,8.378082189460216
137777,10.475743210530672
137778,13.87764201448862
137779,10.825663693540523
137780,11.757398096904328
137781,10.468378908224885
137782,10.298117442790623
137783,8.066927098661571
137784,11.248877439577821
137785,11.45420407580993
137786,11.4373786280261
137787,10.853943291953225
137788,8.893411440583451
137789,5.0637603120072034
137790,7.670861337477708
137791,9.576122925213285
137792,7.2993459638955915
137793,9.974954897036366
137794,10.158825437087813
137795,11.420208731603386
137796,6.822457965347674
137797,8.968051757754168
137798,7.14444967279764
137799,8.821444383015097
137800,7.989512599801469
137801,8.259821557466116
137802,10.17029290917804
137803,10.476073634108207
137804,7.795295381901733
137805,13.252096111402167
137806,9.304868730661967
137807,12.196925401917749
137808,9.577842844479559
137809,10.204376966787667
137810,11.892980017726952
137811,7.171684192838677
137812,9.96271022978822
137813,11.765381988472404
137814,12.399478252621396
137815,7.802431199240144
137816,8.552046764764933
137817,9.315119060521543
137818,10.744513702450638
137819,13.426346512571337
137820,4.12017416984254
137821,9.583985321016609
137822,6.147898131063367
137823,7.966827895499209
137824,9.518646077730661
137825,10.443200974029763
137826,4.933818917442625
137827,9.509764445313078
137828,4.5411773355020015
137829,7.8521368031212075
137830,11.55564034137602
137831,8.285958211535974
137832,8.417056582264973
137833,7.954608342295654
137834,9.141344099864071
137835,7.227650117949908
137836,8.148006177807238
137837,11.27675709984586
137838,9.54496796830838
137839,4.830266953549099
137840,10.350714673206436
137841,15.948630591830042
137842,6.113921045041792
137843,7.486510594668156
137844,8.29539747565415
137845,14.927317685649097
137846,11.085670934638543
137847,14.288374921577793
137848,10.500965691931594
137849,7.4984328756922505
137850,13.575656285674091
137851,6.354417893200571
137852,12.241762620085789
137853,8.290816355030989
137854,8.992484247293318
137855,9.011095544325075
137856,7.964422611498426
137857,4.967025400011109
137858,9.03069345433362
137859,10.862948739588305
137860,8.14606818077148
137861,10.928668403109423
137862,6.957552132367634
137863,6.907862221328861
137864,10.296107932176511
137865,9.80591184444406
137866,11.335427577580427
137867,9.7191105410493
137868,13.523487945062692
137869,6.2406582147413365
137870,13.504595167686542
137871,14.606066717101456
137872,8.681494941083882
137873,9.788027198811474
137874,8.47441444448151
137875,6.973404240269504
137876,10.732564453133154
137877,6.866864188332146
137878,9.021146421652949
137879,8.115872177366517
137880,4.1735941481517225
137881,8.926319849809948
137882,7.375365886218677
137883,9.163710811799358
137884,7.475660947571737
137885,13.071702115148241
137886,13.145857914710485
137887,7.099873342154517
137888,9.602604053567344
137889,9.911509186671584
137890,9.339896227738993
137891,7.196694503835175
137892,8.838922559292294
137893,10.823509628833067
137894,11.050313162989465
137895,9.041138050792544
137896,9.931991525783761
137897,11.444289249904728
137898,8.899572167160091
137899,5.691279825530349
137900,8.879165973718377
137901,9.325614524652389
137902,7.4569477188799755
137903,7.918906713327192
137904,12.105716265996833
137905,9.870985864620199
137906,11.32889603613517
137907,7.107617628743805
137908,12.474248287859513
137909,8.281610770170778
137910,6.631591637797909
137911,9.616838802942596
137912,4.275537350914904
137913,8.858246441997865
137914,8.517923116992051
137915,6.227741390300202
137916,8.710767340079533
137917,7.52062626483986
137918,10.800487733264557
137919,8.644948826526305
137920,11.23840360407728
137921,8.265350409721018
137922,13.307837427679052
137923,7.679412254634535
137924,4.343611027534004
137925,4.670179436974217
137926,9.979659198544315
137927,9.409203272326298
137928,10.31381680516807
137929,11.944993550625663
137930,7.856171913675645
137931,11.42487870878849
137932,8.533780719424673
137933,10.186839320797423
137934,10.116628153172023
137935,8.886567220111429
137936,8.609189784388867
137937,6.60438107439046
137938,10.126625692659667
137939,6.439410344644182
137940,13.99618349757749
137941,9.320252670915043
137942,6.845157077949535
137943,9.524977609581352
137944,8.124087240329606
137945,9.01574724080896
137946,11.234149014537824
137947,4.195777752254124
137948,11.274759178469974
137949,10.584412585041367
137950,7.054995577254351
137951,13.270624111884235
137952,12.635793635939969
137953,10.803738566991223
137954,6.249664984721393
137955,10.220076318190952
137956,7.3058680334321595
137957,8.44713524129906
137958,13.167022398537465
137959,9.206013744802465
137960,9.614675168902128
137961,9.627986313766872
137962,4.941971017217701
137963,10.784049802109127
137964,12.64661326377555
137965,7.018739171900708
137966,9.482057790628302
137967,4.41791329870894
137968,14.400428264065312
137969,10.438625488556028
137970,10.970193136899592
137971,9.339618694872659
137972,4.832083503762501
137973,18.808386651050245
137974,8.984953227543684
137975,10.72208660666057
137976,5.297651049455134
137977,12.471267610122924
137978,6.984392233991995
137979,7.1246905968516385
137980,8.277435839645094
137981,10.515289873592877
137982,12.783981804236674
137983,15.103964142948007
137984,9.659953868483317
137985,10.89673942230915
137986,8.36225243828358
137987,7.134183293611111
137988,10.948664587860625
137989,5.363495016657451
137990,9.496437872010652
137991,8.21071212423234
137992,8.671478264406456
137993,10.072521891217956
137994,7.771330606962314
137995,7.048899733057512
137996,7.433895813171984
137997,9.23538270383844
137998,8.108021580263525
137999,8.486135827297922
138000,8.969604659381385
138001,10.558351588904799
138002,9.096622214200261
138003,11.64080955057226
138004,9.213827035820739
138005,13.038100311976061
138006,12.967362061775281
138007,6.681916405711884
138008,9.556529999542267
138009,8.033662587189138
138010,11.6244688309435
138011,8.569585666151754
138012,10.733979193718852
138013,10.7172442026692
138014,10.075298937943638
138015,11.920209770751876
138016,11.307544780448277
138017,8.596686080959289
138018,12.053917509048452
138019,8.17742195381005
138020,10.763208110079407
138021,8.652162473390874
138022,10.525681655691312
138023,12.9549064750159
138024,12.486011764038034
138025,13.791727272429238
138026,9.13636787660113
138027,10.189356086873048
138028,6.988268835086371
138029,15.802823914554352
138030,9.41935969766932
138031,8.852670588470712
138032,10.953395180796557
138033,11.348784800433942
138034,6.830801980286782
138035,10.191160703390427
138036,6.54253311043454
138037,10.294933642720835
138038,12.027267381566329
138039,12.168601184791418
138040,10.770176017232973
138041,11.306710366266797
138042,9.190291852113388
138043,10.553877516487413
138044,12.76605091410021
138045,4.8751920028691735
138046,6.797678573787515
138047,8.808419464400936
138048,10.463233223897465
138049,10.561385846317112
138050,7.830475556509972
138051,6.790182180941888
138052,8.956426559028463
138053,7.543033024590047
138054,6.861924747054118
138055,9.738679382702973
138056,12.178792984713095
138057,8.696978658635805
138058,9.220941142386156
138059,11.15257787962813
138060,8.430199137929966
138061,10.702832462344427
138062,10.906779490340757
138063,4.3058275663553705
138064,12.267349325172352
138065,9.418423703825662
138066,5.830132523889863
138067,10.715281989810197
138068,9.504612118044388
138069,9.028095223286773
138070,9.23475196859523
138071,5.430886717801259
138072,12.434949860583604
138073,11.096416425879408
138074,7.1811944320308525
138075,16.93263966839685
138076,9.35925890544333
138077,12.89655477325627
138078,8.558749610893418
138079,7.432072735954025
138080,7.832459072106725
138081,8.30306664358435
138082,10.015256173364895
138083,6.067963556493764
138084,7.569164607140365
138085,9.804831335080191
138086,7.523162420761196
138087,8.9323330493368
138088,9.04111547957196
138089,8.121411103163027
138090,6.2929800418845545
138091,4.06916323276978
138092,8.839334493040182
138093,5.680181991439777
138094,9.373348760624186
138095,7.650847535379799
138096,11.629455890550494
138097,7.974293923145867
138098,9.45884610443896
138099,7.56137789579032
138100,12.215006252387994
138101,11.501163900429752
138102,9.752710383216153
138103,9.428449792851326
138104,13.034412713019961
138105,9.092286943908181
138106,9.266791203332476
138107,5.741544175930936
138108,5.721185299742014
138109,11.860014245093964
138110,12.490605539326953
138111,8.068728175215744
138112,8.973650903648272
138113,11.38806866083085
138114,9.055139856661901
138115,11.778547991161833
138116,11.173496959477756
138117,4.930630917170571
138118,8.923184131056978
138119,8.34305495361986
138120,8.729651093834303
138121,7.456238850802134
138122,11.989799581326345
138123,10.287329641156825
138124,9.718249088264734
138125,10.350754415234338
138126,6.3073151372018
138127,9.038264853722348
138128,9.022223500255867
138129,6.687687631631482
138130,7.644609302793853
138131,10.20774398572497
138132,6.688236849254584
138133,9.49644814273351
138134,12.197848403811218
138135,6.613735584197687
138136,9.474087652097037
138137,12.648776953954764
138138,8.570638113415315
138139,12.854717485406141
138140,10.629736883764087
138141,11.92984564179414
138142,8.634476899152464
138143,6.43594902655051
138144,12.994971372037758
138145,7.311139474861088
138146,10.786142588295204
138147,8.141628572173955
138148,8.34331304185077
138149,9.434415532615507
138150,9.650426114302228
138151,8.294349153039652
138152,6.943708849337119
138153,10.955924565430948
138154,6.077325688064391
138155,12.46142469195424
138156,8.419853181921075
138157,10.699903118141018
138158,9.170741066170354
138159,14.63003935806845
138160,13.24827450192818
138161,8.90484174925961
138162,5.417870154033244
138163,11.484490567994115
138164,10.120542927930643
138165,12.423203168650565
138166,13.755906121969474
138167,11.100198371629599
138168,11.29768358568079
138169,6.969818002389916
138170,10.668032202349819
138171,7.757198379748703
138172,9.699398401331322
138173,11.235441945249594
138174,12.788542636150508
138175,9.584842672747245
138176,13.911359745734
138177,11.554650376897621
138178,10.991138472535102
138179,8.94599110288102
138180,8.209671753534218
138181,7.984840764736468
138182,7.315632016863072
138183,12.038468218821912
138184,9.037048068053718
138185,8.837880919230201
138186,9.853004927994217
138187,7.9416924976204655
138188,10.893630959947798
138189,12.075050453564314
138190,8.422142424999212
138191,10.043608856924788
138192,11.979769608972385
138193,6.966658264431352
138194,9.48571916548175
138195,9.68123068469571
138196,10.106164119158613
138197,9.434332355458471
138198,9.860604420820346
138199,10.158832650507955
138200,10.560664038315448
138201,6.840524106649438
138202,7.026411521728467
138203,8.598135197734937
138204,14.390595944563051
138205,11.15553341600833
138206,6.283504819065033
138207,10.803686249939938
138208,10.447838009554417
138209,11.682556375824939
138210,6.655032137866773
138211,13.46984047876764
138212,4.620640388161129
138213,8.269329807119108
138214,9.12857468998978
138215,13.033154046923048
138216,18.037947551221457
138217,7.945663880950984
138218,13.009593616481416
138219,7.664038768200396
138220,8.585726025922057
138221,6.748990858640504
138222,11.517999655246488
138223,8.359414699642702
138224,8.888164457663795
138225,8.972387728746352
138226,10.06365915824037
138227,9.26909256308433
138228,6.971638811712038
138229,4.56659776609862
138230,11.637786078509981
138231,6.984709527374491
138232,10.619916667803874
138233,5.097126618162055
138234,13.679162340721811
138235,9.615509552485282
138236,11.441687822287523
138237,12.631257931389264
138238,9.85670478825086
138239,10.22321196030892
138240,9.96395556637788
138241,11.936931628473035
138242,9.697933799668185
138243,15.139663993144595
138244,10.083914051801624
138245,12.294141243773748
138246,14.640806338383147
138247,7.984556276969667
138248,9.19910547520894
138249,8.353001804075625
138250,6.331001683441372
138251,7.184547519557469
138252,11.176119866706365
138253,6.869808623920375
138254,7.313991217790493
138255,9.437621433404004
138256,7.946065658413284
138257,9.437275338994231
138258,9.682453807415614
138259,14.212531710661178
138260,8.844869058256643
138261,11.136576573090917
138262,10.998423429211746
138263,9.821986594990346
138264,5.010512049135213
138265,10.59329543899944
138266,11.41119202765841
138267,9.620609689421894
138268,7.15346409319785
138269,10.827084472674557
138270,13.5382424201286
138271,12.612510174008648
138272,7.156082585487923
138273,8.53328847719773
138274,9.719435666629625
138275,10.631974475341382
138276,9.10006947511211
138277,10.524601407847113
138278,9.543039723429906
138279,10.582090495728625
138280,8.095909570121183
138281,17.137210202355302
138282,6.185232216092051
138283,10.405673694853359
138284,11.536060103667406
138285,12.10210183280736
138286,10.035944076659945
138287,12.106853973927517
138288,11.88332681641174
138289,9.387869081547262
138290,13.411385709489798
138291,9.769958186376334
138292,9.84735935317974
138293,11.500623335529829
138294,8.992020143571931
138295,7.590090586057455
138296,5.925705054619
138297,11.17894858032077
138298,10.136739597878307
138299,12.66978945726731
138300,13.63849378581366
138301,6.492369986005009
138302,9.85632248003498
138303,9.940068028675643
138304,15.836688521275795
138305,9.736283827907444
138306,9.470513912828897
138307,13.751977826619433
138308,12.124890557262216
138309,12.754196256047477
138310,8.313448920500894
138311,4.36591130205413
138312,14.097682411575988
138313,9.91017811829662
138314,9.916422838138354
138315,9.89027318201401
138316,6.6391927552290495
138317,9.437658652856936
138318,10.983097130297798
138319,9.65781746316581
138320,4.501404834156405
138321,10.595629172801898
138322,14.062954534636509
138323,7.844440338099171
138324,13.7856190625802
138325,4.0509025995579995
138326,14.513779892339619
138327,6.352684497549107
138328,6.747358831359856
138329,14.999722198038597
138330,8.296242656521162
138331,6.073250240973763
138332,7.788310987493205
138333,9.939013548194088
138334,12.164735541099663
138335,12.907954935465492
138336,7.475404667265508
138337,9.022966527306988
138338,9.309000934408875
138339,7.622224644800579
138340,13.430139238907682
138341,11.224854928509187
138342,5.831407894049072
138343,7.75143265782444
138344,11.470822433252545
138345,7.14571335856014
138346,11.119247713125628
138347,4.654369003013952
138348,8.594763012654031
138349,9.628806926448014
138350,12.248052239476763
138351,6.10345806243677
138352,14.731849414898425
138353,9.123621166417307
138354,11.920502108635542
138355,5.436636999835148
138356,9.81460714364057
138357,17.78212463446014
138358,8.298466057083406
138359,8.834855993927892
138360,8.909625959875108
138361,9.386855830743787
138362,12.880385074713917
138363,11.833624203555562
138364,11.081172461309272
138365,9.088667772112753
138366,11.700427029746564
138367,10.020903590682199
138368,7.459368701480713
138369,8.270116796163801
138370,5.732106314959579
138371,7.9483846301169105
138372,11.748150966348087
138373,4.533002169894485
138374,9.444891057948801
138375,8.415707839583993
138376,10.662616989044967
138377,8.997865333521627
138378,12.758170303483432
138379,11.459470366651635
138380,9.0516785365157
138381,12.431538359566293
138382,7.852800468165261
138383,7.31510957813331
138384,9.431791509133625
138385,13.396733494154802
138386,12.68138844645332
138387,7.5083729669192945
138388,9.874354951066705
138389,9.811314836756917
138390,9.311686345569118
138391,7.765489997196608
138392,8.844344950187146
138393,14.554150603182418
138394,13.408103090841934
138395,10.020101093328005
138396,13.403502284333907
138397,8.176775102104294
138398,9.395339923286736
138399,6.9086350610840395
138400,14.728306414163336
138401,13.363088067988334
138402,10.133362052834272
138403,10.277710098465146
138404,9.794254720404307
138405,8.603604501126178
138406,8.181736137406375
138407,12.058527266715577
138408,11.240641330520992
138409,15.059059005707738
138410,12.520537395819941
138411,12.053532598935218
138412,9.089845767153188
138413,13.999636676796573
138414,12.942795941481625
138415,8.273485396034497
138416,12.273987577550127
138417,12.23010560019445
138418,6.144628806802425
138419,10.070851525291424
138420,10.412824748769355
138421,13.395020836848635
138422,12.1419235608895
138423,6.9193997573427755
138424,9.735073065787189
138425,9.241874697299966
138426,10.603917545409761
138427,10.396703306128668
138428,7.484861833254169
138429,8.439449506402248
138430,9.470832458253334
138431,7.003111900417776
138432,6.704184572105783
138433,7.574547938202377
138434,6.650470677445997
138435,9.711702000702108
138436,16.333301376759024
138437,9.629120728351051
138438,10.909657555982806
138439,14.520698409720433
138440,11.196864523859496
138441,10.891410536541189
138442,6.980751467377383
138443,5.008051803057227
138444,11.960176939366178
138445,10.261589596082118
138446,8.046903379245236
138447,11.428043087458931
138448,8.217881706691413
138449,9.194413784960274
138450,15.494319032041796
138451,16.663141824151477
138452,7.262237081421395
138453,9.567566864815992
138454,15.093337625521613
138455,10.60179474125661
138456,8.383106336919539
138457,8.803935704015785
138458,8.339467269692108
138459,9.258224581777245
138460,10.125237650338118
138461,9.170998226816831
138462,8.288057422004698
138463,9.586588747957867
138464,11.954614716335088
138465,11.10845340086722
138466,9.139804076385866
138467,8.58650914587434
138468,8.553751700554983
138469,9.924593450865313
138470,8.497526204327341
138471,7.517768411217746
138472,11.993081318134196
138473,10.68845094006932
138474,5.894451276402523
138475,8.32431696177678
138476,8.620557959836267
138477,10.594411144455176
138478,11.020848776805785
138479,7.682513337920165
138480,9.557456512190058
138481,7.3391235744118335
138482,9.764563155099372
138483,8.13870604311021
138484,11.614744032424593
138485,9.062262943267513
138486,9.872293735229523
138487,10.087856072745735
138488,9.181966731771585
138489,11.516780397156664
138490,9.226828213654775
138491,9.73457687544516
138492,5.250467120603146
138493,12.955837388650064
138494,10.52979185404534
138495,10.305413731710178
138496,9.667682641673032
138497,6.311599347276259
138498,6.633199632570744
138499,10.247941354483075
138500,8.012538629892276
138501,9.69210245664446
138502,8.278409536237424
138503,8.60720059487927
138504,9.195820612906704
138505,9.081845763793728
138506,11.121638247804706
138507,9.443315750482409
138508,8.223165822601734
138509,6.515991467579548
138510,5.416595566767367
138511,11.939625452563671
138512,6.507327461137583
138513,10.995780752816156
138514,10.751810024516033
138515,9.691545013233902
138516,9.572865920892507
138517,9.594229094267792
138518,8.74457243868355
138519,8.978110996845052
138520,11.239163760898055
138521,9.370510523164437
138522,11.091922293483213
138523,12.21535884787497
138524,9.149513046978523
138525,10.512167524355359
138526,12.551122631762478
138527,6.539645094259638
138528,11.801385559911413
138529,9.598355176970317
138530,11.035595237131142
138531,5.582953505075347
138532,4.336429544141718
138533,7.482052224205487
138534,9.395911510508904
138535,8.286423383074924
138536,14.754822529119428
138537,7.864795570685651
138538,10.669048456282807
138539,6.545143911937143
138540,9.393776459901124
138541,8.942300275697333
138542,14.708278368506779
138543,9.094602044622969
138544,6.8862115929117635
138545,6.199998113423329
138546,10.39688514625488
138547,13.027815069695958
138548,7.642033698332874
138549,7.406129159252397
138550,7.576597265928568
138551,9.50637483813765
138552,13.694782194143565
138553,10.423994497938441
138554,9.343020603386027
138555,10.263156750364676
138556,7.458643796828783
138557,8.123459136778465
138558,9.690755442118999
138559,11.693001582847119
138560,6.259950610711192
138561,15.313730603336348
138562,7.305081306089745
138563,11.348067635121721
138564,8.980050645131351
138565,11.03314426971382
138566,9.503725964908101
138567,9.169228092190897
138568,8.227747945867291
138569,7.533861805879161
138570,6.469253792299784
138571,9.079892909232898
138572,10.406814131634132
138573,9.608970437241812
138574,9.797900092019788
138575,9.758134355760939
138576,7.244861623286127
138577,8.711323423602398
138578,11.501781097662414
138579,14.208162596935338
138580,6.348884337444897
138581,7.40205691518643
138582,8.242308387839014
138583,9.742856408046901
138584,7.326483423338433
138585,9.712241006385307
138586,8.330991930464112
138587,8.765804901882053
138588,12.440392517069094
138589,8.757772985166406
138590,7.921067179535731
138591,10.697855331320506
138592,11.140309709438458
138593,9.055043504432279
138594,10.898385605450542
138595,8.726018990842627
138596,11.966443444020923
138597,10.253559114507137
138598,10.337886471517118
138599,8.800669872877215
138600,7.945289510805715
138601,11.31522668306423
138602,11.873220308036078
138603,10.737546570521664
138604,10.511732275741567
138605,10.498166543920934
138606,8.285952257889011
138607,9.822962198251751
138608,8.232349404303065
138609,9.22715399753305
138610,13.569390849834273
138611,9.76724735519098
138612,5.128147701945286
138613,13.093490307173727
138614,11.743775439084452
138615,6.220994138057807
138616,8.80121646669463
138617,9.118213644994302
138618,6.072263310661165
138619,9.36543103294176
138620,16.605812139328957
138621,12.285782027946393
138622,7.857248883798445
138623,9.927720373601584
138624,8.123507928044821
138625,11.096319444531803
138626,10.526589457289068
138627,10.428605292308182
138628,7.862810795116769
138629,15.373667518970752
138630,6.810320347907887
138631,9.562163358928164
138632,9.702483945310185
138633,10.062573788566905
138634,8.107278538015901
138635,11.196506368378882
138636,15.519515705016767
138637,8.348695752100792
138638,9.423147017914962
138639,7.896498482738485
138640,10.557227125853812
138641,9.109168902910785
138642,12.396125775733312
138643,7.589723342036008
138644,10.383983550208537
138645,9.743630963269505
138646,10.374783188446054
138647,10.077443305243078
138648,6.415514449216767
138649,11.472642051979335
138650,12.070046153828992
138651,11.388212275470211
138652,8.29962299805209
138653,7.64082246824041
138654,12.78886714749505
138655,8.690016139226188
138656,10.03616422719131
138657,9.346084324774555
138658,10.15655664465614
138659,9.374265113295994
138660,8.98743458469963
138661,9.015294402336949
138662,10.97033412648456
138663,11.521687856908347
138664,9.216795680582589
138665,11.904332586865232
138666,7.679181092866384
138667,11.06410481032008
138668,8.952404379213474
138669,9.622594648214221
138670,6.863165455933275
138671,9.900836870713373
138672,10.249297086980743
138673,8.888958292701693
138674,9.399832154549017
138675,11.340914790527462
138676,11.110618688806234
138677,5.567810695538758
138678,11.362591779482802
138679,6.686497773391132
138680,9.786051127564068
138681,10.67884590600158
138682,9.500268648665926
138683,7.2966299420394565
138684,6.6960961672697765
138685,6.8378523948706045
138686,10.012309603986376
138687,7.202232477271146
138688,14.01670337019802
138689,15.108380281587447
138690,9.732637215918606
138691,9.238374307756734
138692,11.586875719669115
138693,7.078217186063471
138694,12.642970718463815
138695,8.438279224900134
138696,14.689044306838932
138697,9.588943076694783
138698,9.635958899723878
138699,8.75758071026912
138700,8.809293030712794
138701,8.784346036347793
138702,8.85831588357305
138703,10.572673437179859
138704,10.963640819721297
138705,13.964318035497644
138706,9.864478822088136
138707,8.106105139526665
138708,10.792200890336932
138709,8.459610259784023
138710,5.409292774473317
138711,6.049043898357425
138712,7.538889362591732
138713,9.22268393950161
138714,8.884616112739895
138715,13.674335115119822
138716,9.296573788611761
138717,7.071813849894757
138718,7.285202872058631
138719,9.239630108438007
138720,7.934081394851671
138721,9.458925858843376
138722,10.319732115208542
138723,7.182802454283168
138724,14.512900117080449
138725,6.934486638868741
138726,11.041627558441563
138727,8.555024815230393
138728,9.31105991990611
138729,8.202245725572013
138730,10.50095858059726
138731,4.156334539576791
138732,9.728069799503624
138733,9.413879899387926
138734,12.054401347287198
138735,9.993706689003885
138736,10.046576119239317
138737,8.90539401301202
138738,9.083530340540824
138739,9.643332762946496
138740,9.350284259984498
138741,9.096378310369778
138742,6.461425845907234
138743,9.883970663552033
138744,8.381743689656613
138745,11.949424655328754
138746,10.145584218920865
138747,11.149385111568597
138748,8.541606754525187
138749,6.925529492095171
138750,12.546335297820084
138751,11.648317227724073
138752,15.622386652159127
138753,9.537581798486176
138754,5.24167760298881
138755,12.867904213417688
138756,7.2661841057791134
138757,8.942155056678327
138758,7.094354823979048
138759,9.644885365704528
138760,8.86235119517224
138761,11.628198920032471
138762,12.345487065206191
138763,10.959176953346049
138764,9.111293998650169
138765,10.296283663587602
138766,9.484636639600499
138767,15.101221668983461
138768,8.343547499443329
138769,8.045658750514281
138770,4.956151930899005
138771,9.088032790864702
138772,4.67445974984127
138773,11.899676244088074
138774,7.669229094681796
138775,8.930737369291386
138776,6.951514626941062
138777,10.436136049123977
138778,10.124610378673625
138779,9.88849244503297
138780,5.349547564952239
138781,9.489699240024974
138782,14.1826398285129
138783,9.890622114215763
138784,9.45771917443532
138785,10.066406638256662
138786,7.581214939305733
138787,9.534166812728305
138788,8.435394015590784
138789,10.53749550332403
138790,11.092067671725147
138791,9.869891096846413
138792,12.04245157464764
138793,9.103511555619486
138794,7.912907901721636
138795,10.674241472061173
138796,7.981820597299967
138797,7.188896391499666
138798,7.538141204498585
138799,10.107166748194125
138800,7.1585046627012145
138801,10.585776171165652
138802,12.667288815249483
138803,17.621615577152177
138804,9.188031394781415
138805,4.911951027676059
138806,7.004631402106796
138807,12.614049234121346
138808,9.948519827625068
138809,11.86372304910756
138810,10.082982998544233
138811,15.211875231827516
138812,10.763155510871437
138813,10.932651626924615
138814,11.791238434171133
138815,12.36073281068835
138816,9.444748300138189
138817,9.407807514912188
138818,9.608531073187088
138819,12.994794809939417
138820,10.796572066036287
138821,7.141059560590638
138822,13.093980386604022
138823,6.238436397142787
138824,12.532576831675163
138825,7.18102927253498
138826,6.7614818543958135
138827,11.025046646547679
138828,9.869796482879767
138829,12.251171654112133
138830,8.049827353548972
138831,11.234619759295839
138832,10.565419574335744
138833,9.040431428846396
138834,11.26840460833671
138835,13.434624591766767
138836,13.439240809577456
138837,10.95240645224697
138838,13.83158542550692
138839,11.635551837137374
138840,7.509499170126745
138841,11.516275786572717
138842,8.579909679217408
138843,9.351739999245883
138844,9.776265381523533
138845,13.064719336589699
138846,7.341194208812152
138847,9.01063869208645
138848,5.51592071692589
138849,10.516073036415676
138850,13.420261210514369
138851,10.211338908180858
138852,5.411350576368283
138853,7.534188102607381
138854,10.606295155048555
138855,6.094301659705385
138856,9.504219367221214
138857,6.566574379921166
138858,10.380405106380385
138859,12.920474045731392
138860,9.040312245003802
138861,9.48542539028491
138862,11.744016107400043
138863,10.03737807201261
138864,9.71590328869825
138865,11.00957733863184
138866,4.0521860004489145
138867,12.735213614280763
138868,5.6991771216308615
138869,13.219765404065246
138870,12.674989043894072
138871,6.092603312319912
138872,8.500049270273863
138873,10.690398415667518
138874,9.814625830078413
138875,16.481014617880874
138876,11.12709626668588
138877,11.665728841728436
138878,15.231888142314826
138879,8.543450827064245
138880,9.175432073151043
138881,7.942474209783235
138882,4.339478309173992
138883,12.91875902830569
138884,8.217079199490511
138885,9.114282360340066
138886,12.927281155588357
138887,15.21333484722653
138888,7.404370232719826
138889,7.9338237493987975
138890,8.61097353217014
138891,12.153471550230927
138892,10.424842263527346
138893,10.659177305192143
138894,12.926573670599694
138895,11.278168860948306
138896,14.888904823633078
138897,6.851404841578136
138898,11.402700098294765
138899,9.426195186403177
138900,8.541950645807486
138901,9.81522485923007
138902,10.926793411323098
138903,10.409906356618658
138904,9.916904633262268
138905,7.755507411432893
138906,9.805094335766563
138907,15.93840144679815
138908,11.388414208834973
138909,12.926927229984562
138910,10.81909121372006
138911,7.029459361644166
138912,9.602266725524533
138913,11.575547736677397
138914,10.489703025116304
138915,16.452875046097468
138916,10.855399234634977
138917,9.765228166006834
138918,8.244258250380593
138919,11.116013201584405
138920,9.255711275527675
138921,6.9326555141108965
138922,8.83589809591098
138923,11.158511687344879
138924,9.276186325602472
138925,8.122521291224718
138926,7.257963871523522
138927,9.864050511272021
138928,12.546958705830798
138929,8.837498710643638
138930,4.982444731757967
138931,9.054795024590838
138932,9.889338487505032
138933,9.392514512320275
138934,7.435570379875799
138935,9.318277644183626
138936,9.11094457691526
138937,11.39514882703737
138938,9.802015901785964
138939,9.380867198623896
138940,7.6273273564211905
138941,9.777766367701238
138942,8.658975941635083
138943,11.731063883346534
138944,7.606916964925095
138945,9.205075881519225
138946,9.80472424426942
138947,8.285366860596584
138948,5.926655832780013
138949,10.873522953248722
138950,6.895618546892362
138951,7.146411472271721
138952,10.550784683461469
138953,13.240006863628974
138954,12.24375512487937
138955,10.963093368531874
138956,9.543819437920453
138957,9.098658564241656
138958,10.257887292879015
138959,12.344011330456933
138960,6.148966554216291
138961,8.10795198386846
138962,11.069465072633012
138963,9.300838883518475
138964,6.827858286165903
138965,9.709399444724099
138966,11.037307379066286
138967,10.888369837651592
138968,8.170705009209026
138969,11.223473327647232
138970,7.6717247087067335
138971,9.305559723514401
138972,9.380268658302047
138973,9.413292455487387
138974,7.900697729540281
138975,13.534171882079312
138976,5.595064990472769
138977,9.13581154386839
138978,11.005544787302863
138979,8.473121399750257
138980,10.728301964064787
138981,11.246915010417698
138982,7.461942281716878
138983,7.029319810215422
138984,4.109131851429465
138985,9.373287704111792
138986,10.57571161983374
138987,10.538587679468792
138988,7.235343220711807
138989,9.106760765780786
138990,9.515810631731405
138991,10.807012154020212
138992,7.206556269631177
138993,8.772104995453352
138994,9.41862703295421
138995,10.68254013326544
138996,8.022919722835443
138997,4.023490302178493
138998,5.631280862892572
138999,10.325507079949647
139000,9.617309901090485
139001,8.527330698997899
139002,11.110489301473288
139003,6.2036724384785495
139004,8.787024103952294
139005,9.322310546712579
139006,10.09890334023998
139007,4.938409933792401
139008,10.833984178627329
139009,10.725123173877648
139010,11.967570324373378
139011,7.61543639011488
139012,6.555459304162204
139013,7.8243605996885375
139014,16.264520312789234
139015,10.694097933021347
139016,11.392950838290608
139017,8.72977437940075
139018,11.20436936554232
139019,7.532648926971921
139020,9.325023206050872
139021,8.44875021509093
139022,9.711205731608969
139023,8.57792599883106
139024,9.577769955358331
139025,11.447404123035303
139026,7.02885536727927
139027,10.692908757213303
139028,11.480138475804784
139029,9.287350681730995
139030,8.579539669874709
139031,9.967773674177344
139032,8.2578883835017
139033,9.817464057920745
139034,10.998414907503996
139035,4.243677506466669
139036,11.461578721812973
139037,6.538779566582841
139038,12.690790104159138
139039,8.871259587528353
139040,11.148897955315515
139041,10.152061968062943
139042,15.07568779266002
139043,7.200963350478908
139044,8.17729844930098
139045,10.90320739578553
139046,8.43283885303794
139047,16.494881829365756
139048,9.489045708702978
139049,6.833510394102268
139050,7.105960823742128
139051,9.561400059397299
139052,9.64698402023312
139053,6.1143515291923025
139054,13.105061897029165
139055,11.02982417438992
139056,10.24224558303209
139057,4.967589513807201
139058,11.872032873228564
139059,11.182059883165342
139060,14.69778071473684
139061,10.22416844383986
139062,7.438540713978009
139063,12.757543835677819
139064,15.342196678451723
139065,11.085490170881021
139066,13.150629781987865
139067,8.464710391066818
139068,10.723518435695679
139069,8.660498590847151
139070,6.581993417851396
139071,10.469984678903161
139072,10.787024855091563
139073,9.578725107935195
139074,9.509365960323468
139075,9.700473401130292
139076,10.502057560531645
139077,10.190391849999232
139078,7.268646140876969
139079,12.773967539618823
139080,7.52156060349851
139081,8.616449200108105
139082,12.276100507906225
139083,14.957358655246276
139084,10.252761707962533
139085,9.157728457648393
139086,10.799396659318125
139087,10.199182155634507
139088,8.119251628614796
139089,9.77690289363021
139090,11.113403569577226
139091,8.712950372821323
139092,9.170654446549893
139093,10.12572025988823
139094,8.916051888151951
139095,6.199181997158572
139096,5.5321586039288375
139097,8.521887522224844
139098,13.191300256417128
139099,7.056559985555192
139100,15.8476980281133
139101,9.248051599438728
139102,7.630194062579639
139103,6.103257188980651
139104,8.768719281804223
139105,17.27139327599776
139106,6.000401430508429
139107,12.4243804216571
139108,10.465613545112168
139109,9.395186640683395
139110,8.318107510949787
139111,11.71605938055383
139112,10.881867476900226
139113,12.934526942036973
139114,10.650733383614256
139115,10.268663886227412
139116,10.690915944831124
139117,9.625834974568075
139118,12.433811528403123
139119,8.940961867699572
139120,8.869869339257184
139121,17.850778389419016
139122,6.414298369858382
139123,12.11392252629218
139124,4.983898904672751
139125,7.31676624888718
139126,14.156829129955998
139127,4.45703712842451
139128,9.463423488746852
139129,9.61573886016119
139130,7.220752374355911
139131,8.79655631838341
139132,10.125759066166406
139133,8.627866579659297
139134,9.949453960059442
139135,7.846774664968043
139136,11.517902567674408
139137,8.495150481267151
139138,6.900415149599636
139139,8.372325075807662
139140,8.317059802223095
139141,7.52211151940094
139142,9.182663991823926
139143,7.394018279862848
139144,11.290250990788735
139145,10.120051378359204
139146,11.189129965918974
139147,6.327345832348927
139148,8.100032547713564
139149,9.10330581856432
139150,13.281143353360676
139151,5.212627376419363
139152,14.86521511270592
139153,8.883844545508753
139154,11.514016454677083
139155,6.635502927073681
139156,7.500946875472269
139157,9.98470306600008
139158,9.296560709903725
139159,5.334389205833179
139160,8.221761420591339
139161,11.69482874049903
139162,10.166891877539223
139163,10.827528463200078
139164,6.660025202351529
139165,9.838495247809858
139166,5.193008806065554
139167,9.098182290153526
139168,4.400938087283769
139169,7.5745533929833995
139170,13.246230522866147
139171,8.94203789210366
139172,9.725130922696199
139173,8.29976363391321
139174,4.482874877122001
139175,9.30883293701747
139176,6.527243329335626
139177,10.659435017902968
139178,9.659709196070759
139179,10.384225000874617
139180,6.930861998973915
139181,9.740877282000124
139182,12.225121166364266
139183,11.163143949040846
139184,9.798113392760438
139185,8.847086337275766
139186,7.7489767089905826
139187,9.656609714991145
139188,9.811441053573754
139189,7.848942820751665
139190,4.032811492157673
139191,7.144215718636659
139192,7.190604830425022
139193,9.3663126403563
139194,10.382595459082832
139195,11.10866990421997
139196,7.434096573543566
139197,10.831725572015149
139198,14.401310466958586
139199,9.938867263732904
139200,10.51917123502918
139201,11.822613053472798
139202,10.95395053014016
139203,16.84420628769569
139204,7.148211122616841
139205,10.24942565152352
139206,9.572884993029623
139207,11.711459415666393
139208,7.034270127790224
139209,13.161127424487072
139210,8.933804105444521
139211,8.604372161667301
139212,7.320981183936217
139213,12.17364847683612
139214,8.68362471469393
139215,10.519325157530773
139216,10.66662429063085
139217,11.665746227256065
139218,10.839999027854514
139219,10.93779629844168
139220,8.410775493125573
139221,6.789191056542521
139222,12.532759168992891
139223,12.542763677676996
139224,8.320356994203072
139225,8.689728522554864
139226,7.60341972365669
139227,6.827164589070786
139228,13.050183116498307
139229,9.039388535357386
139230,5.645966777392673
139231,5.087320401538643
139232,10.360494865135465
139233,4.112477847464612
139234,9.863839616896051
139235,10.030798981478755
139236,12.35433620731415
139237,13.196647003905799
139238,8.358543307551779
139239,8.498723629627772
139240,8.061218913612384
139241,8.332300335315503
139242,6.880605296016552
139243,10.739589677070011
139244,10.966289036129034
139245,6.319361877458752
139246,12.213309878463232
139247,13.62586492273756
139248,9.098811379195487
139249,9.013084327952992
139250,10.482281605126868
139251,9.374531527460324
139252,10.030404849879265
139253,4.87713555314607
139254,10.691005326273626
139255,18.37376889483164
139256,9.230034745611897
139257,10.338139030320459
139258,12.628271741434608
139259,4.7019948525854245
139260,15.560813905343332
139261,7.186800564045863
139262,11.44090951422045
139263,6.991710015493387
139264,10.979266328458634
139265,6.7670068054641614
139266,11.818778453440688
139267,9.380657324449116
139268,8.813366164729118
139269,11.330495802140586
139270,7.840550040836559
139271,9.645900564753486
139272,11.084656942216258
139273,9.279193471505987
139274,11.061965058895574
139275,13.94708574937346
139276,12.910459037011341
139277,16.440291097962806
139278,10.812333553482915
139279,11.006198774957827
139280,7.30494113007781
139281,10.916870742037549
139282,6.8097182995005765
139283,7.296245003922617
139284,8.538358925163624
139285,7.333663708448124
139286,7.462796607334296
139287,9.032430787753807
139288,11.583837287179936
139289,7.589421923905593
139290,8.472991357599458
139291,10.873516329884447
139292,6.011279897917782
139293,9.947889113192101
139294,6.5892653869412925
139295,8.169499589790345
139296,9.177465741598928
139297,6.378853737930787
139298,6.552379504344424
139299,7.317966809763069
139300,9.124062446734232
139301,9.635667549067449
139302,7.979640163881922
139303,11.23666150973352
139304,8.890077184408103
139305,8.552544184236964
139306,11.501348073594752
139307,9.621872975098439
139308,12.516197025982262
139309,7.867000802770204
139310,9.887678205706708
139311,7.191841886089759
139312,11.496810030400832
139313,8.954193452322363
139314,6.650204571473945
139315,9.745085992260975
139316,11.557600019010492
139317,10.093327662563292
139318,7.020495282496716
139319,7.066149133794696
139320,9.070538848358188
139321,9.649701128993975
139322,5.4115851401040285
139323,9.246902939514978
139324,9.020371643482145
139325,9.671881726033295
139326,11.462270292270599
139327,12.390163068939836
139328,9.290770813080421
139329,8.97193535188941
139330,10.862076122316674
139331,9.66969002000253
139332,7.8189766325430075
139333,10.71138100701133
139334,9.71992886102445
139335,8.381297369771271
139336,9.039980633910403
139337,9.764479476101574
139338,9.989668643530488
139339,10.543148281749854
139340,12.777173463653995
139341,9.854553892931115
139342,10.747649189453702
139343,11.83895174279542
139344,9.453414810996723
139345,8.735808144905047
139346,7.941092512624773
139347,10.394081223568065
139348,8.856568659997171
139349,8.008230795636225
139350,10.33657283020818
139351,5.038986182070556
139352,14.496859584104778
139353,5.923013329139571
139354,8.964065966573134
139355,12.46577761478487
139356,10.86599466685206
139357,11.906125127933299
139358,9.10585248668571
139359,12.865790623038269
139360,8.464821446793934
139361,7.852152958693476
139362,10.32440225554127
139363,6.450828011309324
139364,11.303397585099376
139365,15.516699244246567
139366,6.898129234580884
139367,12.97656327913845
139368,6.991290175757295
139369,10.30089116080959
139370,11.145883881560986
139371,10.343916185390764
139372,10.763324561977281
139373,7.588077250479282
139374,11.36946431261621
139375,9.9384625227902
139376,10.372228780166806
139377,8.897296549782428
139378,9.088969241911297
139379,13.635870489581531
139380,10.45358116246734
139381,11.71200049658681
139382,8.324187661146544
139383,15.34159918577151
139384,8.284302241078066
139385,4.325125150719044
139386,10.796270792333177
139387,9.63044311667161
139388,12.400246557298544
139389,8.92029107345121
139390,10.675202373789519
139391,16.349911321743612
139392,6.023485452456885
139393,4.9474740838628515
139394,13.022731590454049
139395,8.697384791916557
139396,13.803157290950853
139397,9.21768746263146
139398,4.459664524284455
139399,11.37472929382289
139400,7.315701217271313
139401,10.83786560919884
139402,8.591220069535128
139403,9.455758120649197
139404,4.168786681072846
139405,10.822896939578074
139406,12.444903253259891
139407,9.552248868904206
139408,7.394871207902371
139409,7.493642011889051
139410,8.232928607460577
139411,8.850845284407221
139412,11.857128748154278
139413,12.21145180096498
139414,6.8778963338837755
139415,7.789922610687467
139416,7.598019365134786
139417,12.235943287155036
139418,5.185509222100593
139419,9.956561483765665
139420,6.6677737101163945
139421,7.4541177306304105
139422,10.567223109966383
139423,9.759479352906087
139424,9.391837149160516
139425,8.147287273225501
139426,10.567000242156075
139427,9.769024557804745
139428,7.08165686135209
139429,9.390730340765463
139430,10.251519382518676
139431,9.689509038879859
139432,8.527916743794428
139433,10.183828709943201
139434,9.198108749190828
139435,12.577642591844569
139436,4.481461733606789
139437,9.635795378613581
139438,10.447149106144236
139439,4.8761269921040284
139440,8.90194922414245
139441,13.301330892849998
139442,7.938632303568042
139443,8.54655633431038
139444,6.951859774738159
139445,8.881022613926168
139446,10.566282756986283
139447,10.916902334236848
139448,15.611878837293446
139449,11.15151243569269
139450,6.814612444109739
139451,10.550792711274788
139452,7.182972246677447
139453,11.274377127549155
139454,5.7687964458960455
139455,7.099477863955774
139456,10.985000976449031
139457,11.49278714318219
139458,7.277915858163693
139459,11.915498417283107
139460,8.421110663719869
139461,8.073089789208213
139462,9.677493587167328
139463,6.279810755413689
139464,11.692198122085786
139465,9.639963075636285
139466,8.041787606991978
139467,8.90927069213187
139468,9.876715891376637
139469,8.104798754283205
139470,9.929037048142735
139471,17.34084929769802
139472,16.86529184075322
139473,16.193963246544303
139474,6.0734223563525696
139475,8.672592751968262
139476,10.307850436855226
139477,7.764414100558653
139478,9.836432150542475
139479,7.455935570800415
139480,13.276784380459222
139481,6.954878100260844
139482,6.033048847901649
139483,9.913121378422453
139484,12.108242129367294
139485,10.647512388390739
139486,14.22371821156347
139487,11.178351971129334
139488,10.855797033854156
139489,12.821131164557098
139490,11.442400600925753
139491,12.861978799206659
139492,10.069995848271995
139493,6.7223908021124
139494,6.117740520098233
139495,13.562359373065089
139496,11.935544805692393
139497,9.14332738021275
139498,7.3478648066962835
139499,13.054133511685063
139500,10.080217059194684
139501,12.531324623369226
139502,7.240145654628618
139503,7.529173934279205
139504,10.3834408577016
139505,5.955506636458896
139506,13.282904597055557
139507,10.95746859226492
139508,10.920501209635038
139509,7.010807046841414
139510,8.526171798513937
139511,10.32195819322624
139512,14.036299307055756
139513,6.43117299613313
139514,7.2595019945422505
139515,6.608133918134618
139516,16.04927012344948
139517,10.709391347031609
139518,13.142756491245041
139519,9.396485607964479
139520,8.500939484510246
139521,6.94258146389579
139522,9.849557664138828
139523,12.646671223341766
139524,9.65191733176973
139525,7.009662392786915
139526,5.80127114900933
139527,14.040614845813746
139528,11.41163473545546
139529,7.206591673804124
139530,10.632227695718012
139531,9.24699022305985
139532,10.642751728522498
139533,10.591278587385458
139534,9.379294212202613
139535,9.441808820225592
139536,7.1061215468170165
139537,11.095472841474644
139538,10.567222230501324
139539,4.7802483201354935
139540,7.363812454049419
139541,16.258266684867987
139542,11.208580443994109
139543,9.083159015683615
139544,10.129494153211587
139545,11.04242689715783
139546,9.695769983545356
139547,17.369662999740118
139548,15.81298811495044
139549,9.494613862886215
139550,8.010328870166
139551,13.492612979913872
139552,9.010901996217637
139553,9.944487268066108
139554,9.57022251282471
139555,9.10214058313793
139556,5.044231260512753
139557,10.84184650772166
139558,10.125109726139772
139559,10.363179621428237
139560,7.525109664171654
139561,7.749267170903776
139562,8.587281594403047
139563,16.19032249900054
139564,5.799114088301809
139565,8.993658164510714
139566,7.183699951403339
139567,12.05987317912366
139568,5.3876930759660535
139569,8.070780265006501
139570,9.876592675480628
139571,14.414975633143243
139572,10.79155273315771
139573,11.118765693146372
139574,10.548005007977036
139575,9.243706856932182
139576,9.864765629863475
139577,9.86289465114488
139578,9.226052027971514
139579,7.013795365430691
139580,9.26866489242314
139581,12.179832633933195
139582,10.613371864366558
139583,7.978293023156215
139584,10.99618156714992
139585,9.416433851991744
139586,12.870670496678722
139587,15.190789526433012
139588,12.911964909315927
139589,16.49855886862158
139590,5.921078542596899
139591,9.928560297102925
139592,9.180393034759005
139593,12.516249079289633
139594,14.150788175223752
139595,11.274533175179835
139596,9.919443333045976
139597,12.437498400234443
139598,10.211329467654942
139599,16.013747685420338
139600,12.32483940248604
139601,9.890519399909692
139602,9.538762153956778
139603,10.646346437472626
139604,7.124448106543099
139605,6.261168970366391
139606,10.237117999402148
139607,9.488000076015076
139608,8.599112547571332
139609,7.893123396098225
139610,10.35551672455603
139611,8.711346302876038
139612,11.0789522686126
139613,8.578445509348594
139614,7.435986927756941
139615,8.931791336826993
139616,9.896702951908491
139617,10.17339735350637
139618,11.386235286998039
139619,5.44298869894508
139620,6.952264314391921
139621,7.375878882006743
139622,8.635162748629929
139623,7.300013488899703
139624,15.554670628908394
139625,9.962609332173251
139626,7.763000452346783
139627,4.289521806979911
139628,8.093289846757482
139629,8.705942936590967
139630,10.773803055927107
139631,14.183328478944897
139632,6.996013150911734
139633,6.312626879126412
139634,10.282825260520443
139635,7.893252089522761
139636,14.369761397461914
139637,9.239226964733485
139638,9.922527564427675
139639,8.300409323218869
139640,10.891427605632854
139641,8.441128241335587
139642,4.449700996867306
139643,8.73282954567874
139644,7.070820202420397
139645,12.45791413397577
139646,6.862668483343559
139647,8.174437111534505
139648,10.480527364862798
139649,6.5460690710110425
139650,9.26350262955079
139651,12.792144204463108
139652,8.742851811198634
139653,4.129122763310031
139654,5.492248137328999
139655,9.644826482274635
139656,9.372104568518875
139657,8.655130444652752
139658,14.449438404901098
139659,14.572804984712965
139660,8.542859510758094
139661,5.771522446747645
139662,7.731925410433888
139663,11.247119302816472
139664,9.168664188638036
139665,15.58862664146871
139666,6.203078681936395
139667,4.907808930254914
139668,11.796982634022877
139669,11.92761844824199
139670,8.645138752350025
139671,12.208186973503828
139672,14.258589102897016
139673,9.233395773153712
139674,10.355642202550262
139675,10.453663473925653
139676,11.951860948196147
139677,7.684023398362146
139678,11.180093931419188
139679,9.282759470745138
139680,10.062686876543776
139681,5.089890663187807
139682,13.397030741174499
139683,5.048203670322362
139684,8.081031146291801
139685,9.87370319104674
139686,8.935539051671265
139687,11.15653560161179
139688,15.033578960391969
139689,16.045189949377395
139690,13.314652470617805
139691,12.379606547413253
139692,9.817893192953692
139693,8.614016671856863
139694,6.042795469155089
139695,15.013984786960998
139696,14.566421108437087
139697,8.933395113409997
139698,9.129488886824696
139699,9.713092935125545
139700,11.26338591422579
139701,11.814915270347985
139702,7.315942310267978
139703,10.331112617394718
139704,11.596120778064478
139705,11.343218219029293
139706,12.743578375934794
139707,10.073050251897891
139708,14.363605403839477
139709,10.670094091865183
139710,9.851441081221111
139711,10.325997711095805
139712,14.157302670932845
139713,13.196083839387166
139714,9.721218913682634
139715,3.9772474618682176
139716,12.642425082720118
139717,12.327983035712823
139718,9.932114907865369
139719,8.06425279484537
139720,6.321468762831543
139721,14.400136893751087
139722,13.80651698029327
139723,8.558875105665305
139724,10.79965982520687
139725,10.367613801666954
139726,10.398736559051653
139727,9.201240958388235
139728,9.102891732060728
139729,7.763384540953551
139730,5.474272682560189
139731,6.891574697813138
139732,14.28774600289896
139733,6.220392454653119
139734,7.342794537853708
139735,8.70853160697707
139736,7.851512901444565
139737,8.38206238679862
139738,13.788370940247486
139739,9.924514541073062
139740,9.506039445737308
139741,7.473235509791195
139742,9.413029109438849
139743,5.495704225978026
139744,9.342500745564767
139745,9.157919619268002
139746,6.495383595173914
139747,12.050912705928663
139748,7.1121687317582385
139749,10.028391043880756
139750,10.76451848493072
139751,8.707504892679864
139752,7.410765524479821
139753,5.736045053952291
139754,8.523922494755757
139755,13.130950840168122
139756,4.972630103050472
139757,16.649777214462507
139758,9.53657967802533
139759,14.237921032730018
139760,10.04594687202864
139761,11.586461790810088
139762,13.308492715260082
139763,10.101192906573717
139764,10.866163712666335
139765,9.064767380724183
139766,10.138318522357848
139767,11.58002264815216
139768,13.48673256599182
139769,11.48061403108172
139770,9.438624931615855
139771,5.001027321277244
139772,14.355284973619025
139773,11.163487250824383
139774,8.285993402031375
139775,5.6725812280171555
139776,10.030413838122971
139777,9.412334613973773
139778,6.446568114133115
139779,11.024743893684368
139780,16.311870536835016
139781,14.497122004853964
139782,9.805581956874388
139783,14.671690023854714
139784,6.090057778847209
139785,11.225751416557156
139786,8.079897653945265
139787,7.975154617948283
139788,9.976036642033707
139789,8.778514163533446
139790,11.625681295837403
139791,13.552406972551537
139792,8.879235906215456
139793,14.310886091998634
139794,10.655074481261796
139795,8.818459099475898
139796,8.393891956387185
139797,10.593983467815775
139798,9.870946812489866
139799,8.351558293148091
139800,8.945486323001603
139801,6.563040610323711
139802,9.09600150955516
139803,7.008164236496133
139804,8.627241365512328
139805,13.232261988441905
139806,18.17850119007757
139807,7.46317719385778
139808,12.19240462426134
139809,11.10601206838634
139810,4.247967970704927
139811,9.606266590346186
139812,9.306602442036322
139813,7.043561258927687
139814,8.761269249563945
139815,10.331228796725123
139816,9.024518370497718
139817,6.798567858372257
139818,11.222105014192925
139819,7.03320318474541
139820,6.980478590762378
139821,9.493405984004117
139822,11.79597247570812
139823,10.038968230584048
139824,12.472539795711786
139825,9.728749834477892
139826,7.689352577283671
139827,12.580579751323175
139828,8.844582792341965
139829,8.403292108845081
139830,8.326095478461434
139831,10.417695471909083
139832,7.364198595915907
139833,10.826660897068935
139834,8.397335346887356
139835,12.427517035444389
139836,15.169532882786047
139837,9.129882268964185
139838,9.156104448336134
139839,11.626788885214234
139840,10.416205699517926
139841,4.395229439604671
139842,12.802775227169983
139843,11.998828989572303
139844,5.467913004379556
139845,11.105552652114095
139846,7.318884422092948
139847,7.287539374218589
139848,8.279507488911502
139849,9.867198989005974
139850,5.330298154234081
139851,10.651664857082176
139852,9.932418560683036
139853,9.829215257810759
139854,15.258834233213696
139855,8.48540050901258
139856,9.098142904074317
139857,10.299947990930113
139858,9.234459367785297
139859,14.5432549754705
139860,16.521463772628337
139861,11.820275956968397
139862,8.558096816718635
139863,10.641909371705747
139864,6.7392732307958765
139865,9.935351909038214
139866,9.309221211483523
139867,9.795700690310118
139868,8.601976881224513
139869,8.3650457599004
139870,13.802809974600283
139871,9.19492648253715
139872,12.657089506633543
139873,8.13789731103098
139874,6.574343627193992
139875,9.421366408380177
139876,10.122721632456916
139877,9.481148882862652
139878,9.55892384569393
139879,5.8588920548148575
139880,8.87022107702881
139881,14.00700654199955
139882,15.27177490198925
139883,7.470853972885017
139884,10.644566459655506
139885,10.758623391724946
139886,4.63161836398325
139887,7.533107272420333
139888,8.60858951669103
139889,7.6330757660549295
139890,9.545523888238117
139891,4.016433732264918
139892,12.060718317074079
139893,8.314184975541872
139894,10.71469336916503
139895,9.499774108292753
139896,10.7729499988641
139897,10.148450194147333
139898,7.4066227993779545
139899,12.154219027981094
139900,11.117683512397198
139901,9.344917536300041
139902,11.074336281803312
139903,6.984486381049426
139904,13.067250107546533
139905,9.355398629857936
139906,6.180022579939408
139907,10.120343589725406
139908,10.050108978157983
139909,9.581475977345102
139910,9.093691911112952
139911,11.083493794861033
139912,8.733877838776191
139913,8.860359534696608
139914,7.617651435661292
139915,4.867008045680935
139916,7.100308222646862
139917,9.799256306556412
139918,9.502665404044752
139919,10.187859972932278
139920,6.7321659551561766
139921,8.133580101232354
139922,9.489656761322516
139923,5.911433219333203
139924,11.067725196349985
139925,6.910241796159239
139926,10.410345479816197
139927,10.13959843917218
139928,8.886341390445844
139929,7.159520817756953
139930,12.027368322498912
139931,12.68631323469538
139932,7.158927648225491
139933,7.085142930042474
139934,4.660182377336649
139935,10.075890400981756
139936,8.346714605146667
139937,15.65584395009725
139938,9.902077552052392
139939,8.151400324840143
139940,13.372986589320107
139941,8.918346221234007
139942,7.639243372654772
139943,11.204902547038547
139944,8.381411147036648
139945,8.665496039317746
139946,9.755078853580173
139947,11.867708923684168
139948,8.854744972039478
139949,13.806169271417843
139950,12.405513364904872
139951,7.259297882220556
139952,6.522879618436521
139953,9.662363567732331
139954,7.629746542285642
139955,8.577320947968579
139956,18.363535035478385
139957,7.645041745485206
139958,7.654360490818095
139959,5.534075801155299
139960,9.14080405447862
139961,11.221139665590018
139962,9.601349627308664
139963,10.879246755650234
139964,6.870300755758396
139965,10.283612603355776
139966,11.234434505783591
139967,10.294017653002923
139968,7.245383869391236
139969,11.034190297661539
139970,10.25839151935212
139971,11.321173902044844
139972,7.543446764320075
139973,8.902427850096155
139974,9.072957642888705
139975,14.682947760076337
139976,8.584940878194462
139977,9.643676195326538
139978,9.4291139263177
139979,8.698815701324055
139980,10.401857807095872
139981,10.846009997677447
139982,9.651121179181382
139983,8.534698392126431
139984,11.400282131125444
139985,9.105173931445023
139986,12.406115833054717
139987,10.28322705186728
139988,10.28694132802671
139989,6.519795004280624
139990,8.02949082879211
139991,9.77253130885268
139992,10.927977952745838
139993,8.411740120439154
139994,8.210579792601203
139995,6.113200884757225
139996,6.5915534973210015
139997,6.934894817855534
139998,9.104615755827847
139999,9.605439541055656
140000,10.06628044174127
140001,10.492645644717648
140002,12.31729303917806
140003,9.327867591769307
140004,5.362692638910806
140005,9.58146785474377
140006,10.274134638344739
140007,9.93077324772772
140008,8.817725892809865
140009,15.7879718101692
140010,11.06434533875301
140011,4.950861121678235
140012,14.270402459630159
140013,8.457779566276695
140014,10.71691214648879
140015,8.854530100785905
140016,8.760546205993538
140017,14.68597266546341
140018,6.154306084757226
140019,8.386227879523435
140020,9.793323427563267
140021,10.205133330024395
140022,13.670178210369173
140023,8.621030578827995
140024,13.513593636471674
140025,6.973285271810008
140026,7.825742661131473
140027,6.477368844504689
140028,9.062004837324679
140029,8.30296722885942
140030,9.768207805606243
140031,8.49763850133795
140032,9.31810603870437
140033,9.595160399958324
140034,12.69492591688451
140035,6.474251446169804
140036,16.69845726326928
140037,8.145453488442508
140038,12.059958455488495
140039,10.829419700101324
140040,10.121797104716583
140041,7.599414069519796
140042,7.582116922105186
140043,13.42449188499863
140044,5.795347461424455
140045,16.44262735999701
140046,6.197864948897654
140047,11.15540150147634
140048,13.989282118548257
140049,12.862748780170202
140050,11.675977725403436
140051,9.015679905350755
140052,11.62700206664638
140053,8.578201193523645
140054,14.430125397135225
140055,10.844303510520117
140056,12.690602401502646
140057,8.855945114889476
140058,9.460406486948331
140059,10.936054992251934
140060,9.474692838952086
140061,9.134971098731157
140062,5.433164444727227
140063,9.790733540500465
140064,10.344581613384197
140065,9.380441606273791
140066,7.615106383311904
140067,9.153859336970376
140068,7.666708610399449
140069,9.929789349631793
140070,16.629959318277756
140071,10.231477985350136
140072,6.413066494283269
140073,10.02471328413921
140074,9.70087186393999
140075,8.858510372028057
140076,8.647283102462985
140077,10.177976081524388
140078,13.449947571337603
140079,9.08980986464129
140080,10.682008032935126
140081,11.423968590325334
140082,9.845993450621723
140083,8.995648052362071
140084,9.478654190194279
140085,15.232382035708971
140086,12.416999654940906
140087,6.6177916110204675
140088,7.976193519472642
140089,9.809433618030855
140090,4.006750047979646
140091,8.232662493743456
140092,11.000778289238895
140093,8.368057277758451
140094,8.316095720960988
140095,13.243746553883692
140096,4.98511594436035
140097,8.68048264551707
140098,11.308194955904977
140099,10.636634182738565
140100,8.909703688868458
140101,8.502307456812119
140102,8.292622872636562
140103,16.390599903744558
140104,7.703162648258153
140105,8.812672379996561
140106,9.369328718546477
140107,14.335669905073555
140108,9.654397263403721
140109,7.491568427677014
140110,8.371214827678008
140111,9.640255421276832
140112,12.14205469991453
140113,12.963555949126663
140114,7.0605020416789035
140115,8.110236313617088
140116,12.268143560923654
140117,14.268264218230225
140118,10.80285538155014
140119,9.92327483860079
140120,13.580238773674433
140121,9.580112606233966
140122,7.700994036007657
140123,11.82938664049685
140124,12.555071678552858
140125,7.065086501533669
140126,8.768565655284679
140127,8.624226147648917
140128,9.238966815558777
140129,10.478070440653868
140130,10.793540794580554
140131,7.9857300125828035
140132,8.086696222336595
140133,10.394630877849306
140134,8.436573410048561
140135,9.651439323747882
140136,8.696573441312093
140137,9.77283476868401
140138,5.574218545424246
140139,8.397121190850347
140140,9.219126598206362
140141,6.591609467640206
140142,9.534557033707515
140143,10.583678045832118
140144,10.995085544829244
140145,9.873366158955395
140146,10.00286335973879
140147,9.417066981701335
140148,10.472358026389399
140149,10.126957279854503
140150,6.501294345571855
140151,11.823329156864707
140152,7.39233572283071
140153,7.308951985656179
140154,10.130186201229263
140155,12.532674569341077
140156,9.589409654455238
140157,13.649921858001463
140158,7.085408265789577
140159,9.980697202638556
140160,8.835533434829934
140161,6.696079712336416
140162,10.448608485802401
140163,11.047846923906793
140164,10.892853702904057
140165,11.169452608386395
140166,6.197740926722581
140167,10.72862139181899
140168,9.953614154608427
140169,15.400688000693256
140170,11.323257000540538
140171,8.972541776412935
140172,9.214540037183776
140173,7.414439220143967
140174,9.19532443463645
140175,9.705882845798538
140176,7.536203448362943
140177,7.2108822968012145
140178,7.120099440382037
140179,9.590702086865994
140180,5.205070264783148
140181,7.670003815656564
140182,15.422094201504553
140183,11.521310439860056
140184,5.7256727976629485
140185,10.060898152749129
140186,7.3779755247855
140187,5.607708277580998
140188,6.27023915381157
140189,8.695011347507018
140190,5.075916967049822
140191,9.506645775412416
140192,7.963734654347303
140193,5.629630993914745
140194,7.550187883367701
140195,10.850791759966345
140196,12.040113566290575
140197,15.270814647465055
140198,11.279941591969157
140199,11.052601350846718
140200,9.040268366414079
140201,11.630830030231488
140202,11.988682932065569
140203,7.827113471516631
140204,6.740397558628915
140205,11.37847784832922
140206,6.9656452520224805
140207,10.911458283479504
140208,6.140628822621684
140209,7.7866877116076605
140210,4.678957618627586
140211,7.876641637173182
140212,10.053540096236949
140213,11.571529635932489
140214,9.28112234901605
140215,10.309794535274115
140216,5.173732871305232
140217,10.245855283920289
140218,14.03823398840181
140219,8.96350237448198
140220,8.803248078210817
140221,10.127176767876104
140222,12.738073328961367
140223,9.985338258842477
140224,8.144103945803625
140225,11.209730187442013
140226,7.55642903327212
140227,10.00896161867762
140228,12.583577671452312
140229,9.68423141676367
140230,7.141515170649411
140231,9.94256853078387
140232,13.792014834326457
140233,9.197214740945395
140234,10.824098808174867
140235,12.334400037086706
140236,12.041387653840872
140237,10.458345992758183
140238,10.040832099356331
140239,6.607367298687167
140240,8.74863050983382
140241,8.106501333952469
140242,9.64621455884614
140243,10.926255400717348
140244,8.380207191725288
140245,7.379406673189564
140246,9.460396007090239
140247,10.882534509670444
140248,10.838713369941877
140249,10.250084640046882
140250,7.5024273181102545
140251,8.792756777053192
140252,13.764801654704238
140253,6.084672621068256
140254,8.293909428378427
140255,6.232688862647551
140256,4.110468866685548
140257,7.024383881079788
140258,10.474786207850958
140259,12.68448045687011
140260,8.92327373718864
140261,15.405915026819452
140262,9.326843476223276
140263,6.365711185958215
140264,14.669474195796791
140265,4.476792522858057
140266,9.434580311646133
140267,8.203883471400118
140268,9.081489437525686
140269,10.913381425152796
140270,14.598108476053355
140271,8.855069117514578
140272,8.954070119919262
140273,13.284956259108068
140274,4.412416247665737
140275,9.861391648566434
140276,11.92943359305826
140277,9.629626633509101
140278,10.498209559381
140279,9.052661324464461
140280,9.083176173343574
140281,9.191295405695282
140282,15.686483879649476
140283,8.250241175625382
140284,9.347373896274837
140285,10.510413535908713
140286,10.880860338061911
140287,12.922802485804334
140288,5.6783015080745285
140289,6.944995862090155
140290,9.009796201104015
140291,6.700870188522896
140292,9.86146744588151
140293,10.319984180579834
140294,10.70795794265373
140295,10.70108008484728
140296,10.817513498624574
140297,9.235601637368328
140298,9.93089860904424
140299,9.668201841067997
140300,7.4020423210402555
140301,13.022311503543364
140302,12.379963568692277
140303,13.880943602676961
140304,10.68902424357148
140305,5.1224213593413905
140306,9.500318565471046
140307,9.466887881762032
140308,9.192258040382189
140309,9.243696938949663
140310,10.195555935542071
140311,11.731061253811642
140312,8.270984741917738
140313,10.325397695143137
140314,5.995596142094951
140315,10.503579934999447
140316,11.93308230518602
140317,8.194935362778565
140318,9.396743044149394
140319,9.44779015355591
140320,18.824350208488006
140321,8.935849862640652
140322,7.803218205813115
140323,6.193232630708884
140324,7.967650552631206
140325,11.480183586864854
140326,12.601903973245529
140327,9.889553639660672
140328,8.685385375065977
140329,9.328617590806887
140330,7.911164787956636
140331,7.24288019396699
140332,11.062558410684975
140333,12.834956487342378
140334,8.406395810617104
140335,10.055356983222413
140336,8.312871094717773
140337,9.999046321978735
140338,12.209624835704073
140339,6.759398809473185
140340,8.90348096191164
140341,10.362508624977131
140342,8.141867995528292
140343,10.1832435873466
140344,6.720822644671725
140345,6.479787140042329
140346,5.71759346838017
140347,6.3008069559013995
140348,12.09938191746738
140349,12.655197219197547
140350,5.733512258300371
140351,9.304083337421943
140352,10.090468719451442
140353,11.115828237224187
140354,10.932051915957302
140355,13.738695243616977
140356,7.233501254400494
140357,15.314507859417954
140358,9.589641667643383
140359,11.968008614052524
140360,12.283021277385656
140361,10.70738560941793
140362,10.921179332602895
140363,10.587600394721996
140364,7.697526622797142
140365,8.314067118523004
140366,13.642765303354157
140367,14.148684736966644
140368,8.78509118014819
140369,11.009550147441653
140370,14.575017057441874
140371,8.436393162988969
140372,4.728172849955017
140373,11.29354115244191
140374,9.248370187301479
140375,12.387227829799746
140376,10.430833552002884
140377,9.134606634997478
140378,9.160641105384574
140379,6.13774946898786
140380,7.585986089906818
140381,8.274795743105258
140382,8.648520060191569
140383,12.317605348661187
140384,9.297755443394985
140385,10.799885697162562
140386,6.816575470408777
140387,10.307122209381564
140388,17.902380782355767
140389,9.84891047847616
140390,13.54973974540946
140391,7.336507863434032
140392,6.816560475260529
140393,9.503708431837762
140394,5.10272618874459
140395,10.412189486175794
140396,11.748770592688265
140397,12.400755181703682
140398,12.30165758588035
140399,6.930535861096668
140400,10.952128121673633
140401,7.327259113569141
140402,8.808160077188143
140403,11.441965414484535
140404,4.547772199139525
140405,13.083449921459259
140406,5.773268038641459
140407,14.772427351514247
140408,7.874949167778565
140409,10.320904162502833
140410,9.38063854641263
140411,9.182767055281866
140412,8.94494689107119
140413,10.594106876287242
140414,12.253812056332228
140415,10.165858089759894
140416,8.806378316021867
140417,8.35392301512675
140418,11.257889755629716
140419,8.01392483365845
140420,9.801305293159604
140421,11.336905425526258
140422,7.717615278606471
140423,14.780438963820965
140424,11.465795656023483
140425,11.353710366224425
140426,10.299234451746646
140427,7.642576420529013
140428,10.164662138736293
140429,10.439285248176178
140430,11.140084079652915
140431,11.946913604923477
140432,9.438191903917296
140433,8.00303723671855
140434,11.375003399709641
140435,6.541934735271562
140436,10.138067245821677
140437,7.123962047117859
140438,10.203891519929769
140439,9.706278340033398
140440,11.171190609105267
140441,11.453321777307137
140442,11.946310122418453
140443,16.513123528269354
140444,6.625843444958106
140445,13.128326176815118
140446,7.543571952878949
140447,11.533804897226972
140448,9.168703994625506
140449,7.730589831291456
140450,11.934908666224215
140451,10.389321003387145
140452,9.447217788251319
140453,5.616325768759653
140454,12.272440610886893
140455,9.998227028524749
140456,9.259899111938122
140457,7.513284292235238
140458,15.811218839029436
140459,11.534786635021108
140460,6.157765217674329
140461,9.569628783473807
140462,7.471236409454326
140463,13.091674246429474
140464,7.536911036038939
140465,6.707542959524856
140466,7.397640494628336
140467,7.0575283824315616
140468,6.161294024860927
140469,8.497696671304322
140470,10.874276048173598
140471,8.216433417631182
140472,10.273697647247879
140473,7.481864399560806
140474,11.630901224554282
140475,11.930916530216358
140476,12.335764933480089
140477,8.161836277789924
140478,9.94983601514422
140479,5.884176138466801
140480,9.403548810479018
140481,8.210994890191904
140482,8.445653256080316
140483,13.556821576132396
140484,8.837658532145221
140485,10.473190452469296
140486,8.810279449607817
140487,8.267990490813315
140488,11.095837098635247
140489,16.43682468912072
140490,9.947572858599601
140491,7.571328847303458
140492,14.002203694620022
140493,6.883361776987383
140494,15.066157109918645
140495,5.07045205064789
140496,7.179025157007606
140497,8.164160573376417
140498,13.753967790496116
140499,11.51593103250428
140500,11.364268785138929
140501,12.330129687505249
140502,8.523743867532215
140503,11.485934025618167
140504,9.153340802628538
140505,8.953211006104219
140506,8.142796475878082
140507,9.29043237437607
140508,4.796976584445699
140509,12.498390091719795
140510,9.426300833523758
140511,4.629265642555864
140512,7.667225123950627
140513,16.55848343168033
140514,7.59441099713384
140515,10.128948913674982
140516,8.06500381443677
140517,12.425357287889971
140518,11.087874503379506
140519,7.726184928928949
140520,9.382086074914794
140521,7.907345710643642
140522,11.152515234783824
140523,6.858088381131711
140524,12.101633529343465
140525,6.90339713236649
140526,10.994454818702279
140527,12.336164707547841
140528,13.57026670971409
140529,7.097949714706561
140530,10.083488240467387
140531,8.018557649712037
140532,11.206598941915718
140533,11.852058515608096
140534,7.9008204586374315
140535,10.3434067718482
140536,11.092780000672482
140537,5.602037310123428
140538,7.618607530427357
140539,13.447971408027897
140540,10.758457321213546
140541,9.957347251124144
140542,9.850553787679466
140543,9.357300155118347
140544,6.911059989565851
140545,8.440569955665023
140546,11.60958836584654
140547,9.916341333668658
140548,5.742399049130924
140549,9.519276352534163
140550,9.681555695951868
140551,9.577113214432156
140552,7.676873508516975
140553,5.109928759734355
140554,11.027319234664201
140555,8.891405915320657
140556,9.324334946104106
140557,14.639455805112267
140558,12.514832014404806
140559,12.143066561073422
140560,10.36200650566701
140561,6.939763413370258
140562,9.283461086594558
140563,9.062561409464518
140564,13.110241405302437
140565,9.496123835911694
140566,8.912997057399048
140567,13.294040983001816
140568,14.947092386500085
140569,11.295608556701172
140570,9.328032885769128
140571,9.013205884287848
140572,11.281321537358789
140573,6.113477011380242
140574,10.146333375081863
140575,9.596000737910357
140576,9.226889992516394
140577,9.317195135177153
140578,9.511266301492808
140579,9.966449226382942
140580,9.280696049770665
140581,4.819869328178454
140582,8.15406728976841
140583,9.546806487722316
140584,9.764289564143205
140585,10.278443849747902
140586,9.09684338623181
140587,8.600098718826493
140588,11.620902552134813
140589,9.2901961757224
140590,7.616939091795049
140591,7.003134085413381
140592,12.488279693206895
140593,9.214048326034069
140594,8.94912606017533
140595,5.232227822833272
140596,8.84679206813076
140597,9.881341134101163
140598,9.274949356559988
140599,10.56684460326284
140600,8.028203662092384
140601,13.159382284948254
140602,12.636999931913316
140603,14.709322751731616
140604,4.276466194882016
140605,8.385040268044724
140606,8.136396555285463
140607,5.63158263908659
140608,8.322573697644327
140609,9.226814608288588
140610,12.718635070330294
140611,7.388771271488548
140612,8.578518292144878
140613,8.832368136312905
140614,9.11792373700958
140615,5.928386721194307
140616,9.15550877694153
140617,17.473441298277105
140618,6.609695109753622
140619,11.898022065728204
140620,8.884858730424451
140621,7.200188823314605
140622,9.59440680654688
140623,8.199612748184814
140624,6.418499156272489
140625,12.382686974655051
140626,9.205524359792356
140627,13.170960037094392
140628,9.406641469807802
140629,9.559988009714445
140630,11.998354716455804
140631,7.038793754467666
140632,9.981907745478214
140633,9.516659751297924
140634,4.266650477308282
140635,4.8980960513025416
140636,8.22317025287634
140637,10.035576473810647
140638,14.286894719884007
140639,9.69386009918203
140640,8.952958115408915
140641,9.32633407645472
140642,8.845399563512327
140643,7.092286341109521
140644,7.491221626381384
140645,10.117340712603582
140646,7.905095830671854
140647,11.148993835949067
140648,7.426133759292348
140649,14.463596086210819
140650,11.21737463695369
140651,9.023470251950243
140652,8.249169362323133
140653,8.54731583970594
140654,13.94353805351508
140655,9.31087224418
140656,9.108885949254072
140657,9.690249422338578
140658,7.185291277370604
140659,8.617264524865863
140660,9.496162640900982
140661,7.430922668212621
140662,4.665028902340119
140663,10.151813069334093
140664,7.921011569866512
140665,10.922796592981438
140666,11.809050863272216
140667,12.101075178838581
140668,8.500781963524227
140669,8.174563030805174
140670,6.846683453851709
140671,9.664235332359308
140672,14.248477927093736
140673,7.889919261171968
140674,8.759350873662816
140675,4.855178504066496
140676,14.888764103707256
140677,9.28994048388003
140678,9.142165992314908
140679,7.3220554721767925
140680,9.704030425320209
140681,7.51117583693392
140682,8.742172898398168
140683,8.579418762611038
140684,9.943446484128122
140685,11.181198246958445
140686,5.447304941748482
140687,12.962927040931614
140688,12.146042575270359
140689,7.7254433660761395
140690,5.076066634818137
140691,11.333093566941857
140692,9.270085759937631
140693,9.591389505845788
140694,7.9321893229066545
140695,9.040025857712644
140696,13.893988652800639
140697,11.834065910031637
140698,7.684156044805671
140699,16.88189326478521
140700,7.722654745952608
140701,11.616847170677044
140702,10.663039282673358
140703,8.694210676863893
140704,8.887039855974034
140705,12.516117953900906
140706,10.306649079904593
140707,8.623473111375116
140708,9.907296181645133
140709,12.158708781197296
140710,12.039915097495445
140711,9.140986205807163
140712,10.037092357198496
140713,9.915958368519805
140714,7.386634557150939
140715,8.432508769671824
140716,11.20337167908093
140717,11.519232382405455
140718,14.297706415378915
140719,10.057316681240746
140720,6.656744566121082
140721,7.46909092398554
140722,13.314626325958212
140723,13.577181564673115
140724,8.146402791826873
140725,9.008455265187324
140726,8.03929478018567
140727,9.999729482125659
140728,9.739709620773382
140729,14.236253444330325
140730,14.645150546401533
140731,12.033202132048384
140732,10.194157526657982
140733,16.664752505254775
140734,9.004259506825436
140735,10.010422411348944
140736,4.370485470444224
140737,7.191095261188965
140738,4.255479922899228
140739,13.1968054325635
140740,14.646890730618585
140741,10.492169369612649
140742,7.208881856533765
140743,7.430890412386664
140744,7.478161134948174
140745,6.983077310507795
140746,8.710485320067102
140747,10.317726904418373
140748,10.817440725492608
140749,6.064075552306269
140750,9.640594600259597
140751,10.891697010712644
140752,9.805967650548258
140753,4.825189432392984
140754,10.185202444707079
140755,9.037433717512325
140756,15.201188273625363
140757,12.474620286253849
140758,7.374735986283788
140759,11.334096051200635
140760,7.796745139651144
140761,11.334350109159711
140762,12.2497453415406
140763,9.083550354686873
140764,8.027953107104489
140765,6.713920597486603
140766,8.141094754470105
140767,11.817295911397975
140768,10.43403019870229
140769,11.60753687345721
140770,14.229867200136292
140771,7.001018482840221
140772,12.640147753719404
140773,5.850936410890485
140774,9.627571326965143
140775,13.057757019087267
140776,9.742955686271548
140777,9.735995235716924
140778,9.916467324933828
140779,8.542490692564888
140780,9.56443976640422
140781,8.721572401015047
140782,8.95164143780391
140783,10.26130794253994
140784,9.157086743485445
140785,10.577585011169479
140786,9.010348833407999
140787,13.039796421303985
140788,15.198773890090482
140789,8.923214040709292
140790,5.532454628304802
140791,9.093714513892978
140792,9.60805708906825
140793,8.373460454327923
140794,9.715439420565279
140795,13.481207515378292
140796,7.0069119751963935
140797,12.288397215311786
140798,8.928686771978438
140799,6.118589176502329
140800,14.03499937372924
140801,7.193320832235669
140802,7.148972213811329
140803,12.313866340722681
140804,17.77389371532974
140805,9.988253445219812
140806,9.141827751161967
140807,10.513354645300087
140808,7.149434599525174
140809,10.212891629475276
140810,13.526445033832115
140811,5.707202137017428
140812,12.49298701815039
140813,6.836908999663376
140814,12.081094486693289
140815,8.081364355172376
140816,8.001536399075922
140817,6.626922744106909
140818,10.625981637118299
140819,14.755939965308901
140820,11.018352667543521
140821,10.208593090188185
140822,4.7170092624793885
140823,6.748250739940988
140824,9.638147835556689
140825,5.361179119058708
140826,9.031092305077841
140827,11.513395099175046
140828,9.258081316905807
140829,10.025372779477312
140830,7.050706446627723
140831,8.35072101604094
140832,7.444515343686197
140833,9.579625409614358
140834,8.472732296492186
140835,13.156588305789166
140836,7.3650553641046175
140837,9.037684101133516
140838,4.528237901944246
140839,6.887844899761329
140840,8.971872253224467
140841,10.121140267051619
140842,17.62941947010113
140843,8.54068607346925
140844,4.222090197465379
140845,15.140318131930254
140846,9.86122201644158
140847,10.83567017940207
140848,8.464246879081339
140849,11.974324340989364
140850,10.696809767246256
140851,7.199327449215126
140852,8.122914337428947
140853,8.026835818463288
140854,8.006124099708677
140855,11.718195408401849
140856,10.722464129632627
140857,16.056146780484127
140858,11.584933342088501
140859,16.61979588718303
140860,14.402836118036195
140861,12.95754949907969
140862,9.475117950152466
140863,9.45926595729319
140864,12.585789241350005
140865,10.37711774729549
140866,12.710346908916069
140867,6.188784398835706
140868,15.588882814838431
140869,7.87299088448807
140870,10.372755478600276
140871,9.300437218040155
140872,14.767107596876722
140873,5.117507467894588
140874,8.923998026831692
140875,10.795848924231993
140876,12.76093963152667
140877,13.513163579187756
140878,9.55242570057985
140879,5.821538271853783
140880,8.501565246797806
140881,10.44766724197159
140882,9.530569482177631
140883,13.127448647739152
140884,7.514808101805445
140885,16.96937543342937
140886,10.229697597622803
140887,10.199873477574396
140888,12.666512762732697
140889,9.204307913278424
140890,7.144614906986396
140891,8.325167960744631
140892,8.255827124515495
140893,11.76255171253056
140894,7.030242015985451
140895,13.362235489976001
140896,15.478577312888723
140897,6.303967683062857
140898,9.405165725474115
140899,8.791072415251737
140900,9.479370886696362
140901,8.511107955485917
140902,16.054291385809517
140903,9.769442594160605
140904,6.93222419744888
140905,10.515954025203802
140906,6.8795487406346965
140907,11.23184948781547
140908,12.48273891544028
140909,13.524379861971926
140910,9.657028550720806
140911,7.30194812476073
140912,11.569235178199104
140913,9.550111409173033
140914,9.915780707963112
140915,9.473730524837922
140916,7.214587603470927
140917,7.1399248014084025
140918,11.32617944071086
140919,8.128768401047575
140920,7.237768069847502
140921,13.591815885568801
140922,9.462746268986878
140923,7.660956835733666
140924,9.661731322171367
140925,8.88534762184305
140926,9.272219979110757
140927,6.255929868703802
140928,10.624667528653704
140929,12.59244315559305
140930,11.701699346457753
140931,6.728425449660207
140932,8.442246263547052
140933,9.391805058484593
140934,5.652133734809882
140935,9.47931523994997
140936,13.53152341026086
140937,11.176496860445724
140938,9.14204602920917
140939,9.031744551862658
140940,7.624018881395609
140941,7.158663984875879
140942,10.846696156025988
140943,7.575144758175377
140944,9.692321876280603
140945,4.143038575939707
140946,9.684459280206315
140947,9.22473164915841
140948,10.182012759300882
140949,10.518642889381749
140950,9.504835686308963
140951,10.180949926224821
140952,8.58359203094793
140953,7.810415782709205
140954,8.244074074625438
140955,10.13387205010386
140956,11.003257881414985
140957,9.998898233103954
140958,9.397253202039295
140959,9.063366598096136
140960,11.560303630634472
140961,11.816013066909283
140962,4.367826872155487
140963,8.22065482546877
140964,9.004689404783973
140965,8.979902822567897
140966,9.335885912005576
140967,9.811745068953432
140968,12.900361596439174
140969,7.853416679554928
140970,7.014123171419006
140971,8.009655348959203
140972,15.786293168081347
140973,10.202357308012768
140974,9.018120917989034
140975,10.44195106011494
140976,9.967821158684334
140977,11.88236416281601
140978,8.686455842577795
140979,12.547752661808284
140980,7.964166398454
140981,9.831081197575612
140982,9.817967786330234
140983,9.826917246851053
140984,9.765311231280537
140985,14.68300374025849
140986,9.457659463290138
140987,9.132262027116896
140988,10.444798414333954
140989,7.503004135151484
140990,6.557012137279007
140991,13.127222836940486
140992,13.149585181007945
140993,7.150956519886802
140994,13.507270942153975
140995,10.672837865641947
140996,6.798762336658674
140997,9.457161436275962
140998,9.301771767027189
140999,4.570303475088351
141000,13.365341379038892
141001,13.474903170034148
141002,7.145687669484604
141003,5.5237260831190245
141004,12.464738270128748
141005,13.08908092811331
141006,8.390678366461866
141007,11.82096673205788
141008,9.535233193220876
141009,5.783963601663691
141010,10.82690281028557
141011,13.326573666661844
141012,7.827988010930497
141013,15.212369919091188
141014,8.933193503583718
141015,6.93246186076927
141016,10.632662784164129
141017,12.543439079689339
141018,8.834240656492668
141019,14.511813675267543
141020,12.017142653971739
141021,6.960360238720275
141022,9.33908479115084
141023,9.626835727645922
141024,8.616944702405846
141025,9.929592698388968
141026,10.73413635110771
141027,6.6404870492874135
141028,8.094806742859813
141029,11.614868667729482
141030,6.421842585484906
141031,10.401250215921468
141032,11.712291180049464
141033,12.03366602439927
141034,7.25357028862193
141035,12.056253396309137
141036,8.425530976799077
141037,6.897359522977302
141038,13.54643084742327
141039,4.939816783014232
141040,15.06573233081198
141041,8.256983956581044
141042,7.011559167723876
141043,9.248299138228829
141044,9.102878417060468
141045,9.05962112651498
141046,6.947717761016524
141047,8.736940435009766
141048,9.34799541011916
141049,7.681344530427808
141050,4.362351126086429
141051,8.479968066890423
141052,9.369250702147237
141053,8.134267627688324
141054,11.164068844681603
141055,12.6350517340911
141056,10.631976816436525
141057,9.267248126094799
141058,6.989924584582303
141059,10.135428778043757
141060,7.442492191091827
141061,12.980728077080736
141062,10.945726553995673
141063,11.198903601374038
141064,9.766170883077077
141065,10.490708804858984
141066,9.120575005205083
141067,12.807643599838457
141068,11.884094063652094
141069,7.182148678138375
141070,14.182370933145938
141071,7.910035470220436
141072,10.199201411693446
141073,8.722650995836506
141074,5.0693288437184405
141075,7.08867293002835
141076,11.89120477009342
141077,10.425953143237843
141078,8.639809249673576
141079,9.40581679891098
141080,4.247908162173979
141081,5.898024932981924
141082,14.793260538622793
141083,8.811762122956456
141084,9.74156165161049
141085,9.105986806392734
141086,11.822701866738987
141087,4.910389077438703
141088,10.75246263296971
141089,8.411503108293365
141090,10.394828235405237
141091,12.6349293066991
141092,9.130477993225448
141093,10.344112814171694
141094,7.420732689988424
141095,7.071383345034445
141096,10.329762494883347
141097,9.847937880322869
141098,9.257826803557382
141099,11.110507098487915
141100,7.405515551745891
141101,8.027164950255822
141102,9.546946292804098
141103,11.844580946097226
141104,11.198974695550557
141105,7.437192386574976
141106,12.31305655881776
141107,9.268040908494275
141108,4.438581242682162
141109,9.893942654041428
141110,8.093774601632923
141111,11.594731634672039
141112,9.641722687831738
141113,7.031967790127089
141114,8.205213610625478
141115,12.906916737043128
141116,7.282267228171006
141117,9.714491164818938
141118,10.100747258498469
141119,13.574405578550767
141120,12.634869272807311
141121,4.040361775641961
141122,5.873875325766038
141123,14.937058859492032
141124,10.98895189978489
141125,7.272687356092966
141126,10.605274325052108
141127,8.755064070005911
141128,7.201687253913623
141129,10.609597563051574
141130,6.922127081395862
141131,6.528597112316534
141132,4.128499663576199
141133,8.95385903565066
141134,7.726968680922468
141135,9.472751856017855
141136,14.888190255379602
141137,11.336118307007316
141138,9.996461753971632
141139,8.654314893519906
141140,9.967587210873182
141141,9.381025217435205
141142,10.406188154972295
141143,10.851737161760944
141144,8.022106033194802
141145,12.378445427896688
141146,12.963488691682496
141147,11.697404104018691
141148,9.425841716000154
141149,10.007638573666974
141150,12.533741603055082
141151,5.158896476105998
141152,8.915975534828368
141153,9.556662152715655
141154,5.8300155297113365
141155,7.625207242974454
141156,13.875843930744512
141157,8.28036013584737
141158,8.332750797537035
141159,9.56806909415938
141160,7.909535191385876
141161,10.052219865592118
141162,8.058468349545297
141163,10.02541608081556
141164,7.841361455856419
141165,7.314572997223648
141166,14.695863692196017
141167,12.901757142849116
141168,6.992055834149417
141169,10.570967571480963
141170,10.285330985671527
141171,12.563379823219122
141172,9.77645218843254
141173,11.08553892527747
141174,7.07656269464525
141175,9.885697873555
141176,10.706383176399333
141177,9.334308561342635
141178,10.634113482185748
141179,15.535549726154187
141180,8.711375177621186
141181,9.571048522266324
141182,14.398208364093094
141183,14.11236160664824
141184,4.464450084122967
141185,10.772947067266651
141186,10.179312090199113
141187,7.192609405734368
141188,14.617376824651908
141189,7.673499960368152
141190,6.917103675138252
141191,10.763163228156236
141192,7.95591019144552
141193,5.6359485687419095
141194,9.740359649786576
141195,7.1562104674515155
141196,8.74848750518732
141197,9.068408182804985
141198,11.015365510516393
141199,12.210521066950218
141200,4.50838465175806
141201,11.620393786752238
141202,6.729548685035274
141203,9.431905685820078
141204,10.898279654882847
141205,10.761892129763634
141206,6.599388036158817
141207,11.80516584656068
141208,9.110789249605292
141209,9.007885318242732
141210,11.457656318885775
141211,7.780607651050609
141212,8.581302117186812
141213,16.74114235223849
141214,10.498669706880577
141215,11.039830259009932
141216,9.882628727979382
141217,13.267217246605895
141218,8.283315128346578
141219,9.403476745011579
141220,7.638508372281483
141221,9.449930275319328
141222,6.0769600500833185
141223,9.048175773755272
141224,12.988968838730298
141225,7.091686988996637
141226,5.631112051377644
141227,9.803752173056171
141228,10.680179561055107
141229,10.806665913881057
141230,8.480988568973862
141231,8.291785309390496
141232,10.010616781473008
141233,10.715868849125055
141234,9.434124725861038
141235,7.613304535624091
141236,8.789884597022354
141237,10.083230046098688
141238,9.613874975813925
141239,11.067439936738285
141240,9.947375239875509
141241,10.920161041449756
141242,11.44155561834984
141243,12.33183716738423
141244,10.301829069342741
141245,9.459782373107117
141246,10.202664603518551
141247,10.151919010192675
141248,16.34979107607584
141249,9.937523940978895
141250,4.389812796908144
141251,6.709147804693427
141252,5.0273106030629595
141253,8.903553271095884
141254,13.139662764536236
141255,10.85444924911071
141256,11.905330724497016
141257,8.3028578557505
141258,14.980783048263621
141259,6.9621901690399355
141260,10.843865374258062
141261,11.317873164773218
141262,6.618585934151564
141263,9.850792965583727
141264,9.688640693840044
141265,9.353515808080186
141266,10.593369606671661
141267,4.444594254762634
141268,9.590173856879598
141269,10.006945198483885
141270,6.589411047974201
141271,12.483737758135081
141272,15.742134017452864
141273,10.357400835321943
141274,12.828767527694467
141275,9.413005599626736
141276,7.213753971522516
141277,9.920936752383394
141278,8.684843702434456
141279,13.62764603432245
141280,7.2021012990292474
141281,9.58018935181029
141282,10.931207280664186
141283,10.555474303370303
141284,6.187849732076627
141285,9.287361545671356
141286,8.158607142751324
141287,10.999753257675913
141288,5.552265499052078
141289,15.208404757666756
141290,7.8104846181609515
141291,14.106051228467715
141292,8.56775199689127
141293,11.846832305896928
141294,8.400528776511422
141295,7.0864691042480645
141296,10.36344785765819
141297,9.935623972380297
141298,9.80231112369595
141299,8.492442679691242
141300,9.088286925804969
141301,8.522115108359369
141302,11.620174570055376
141303,8.974174809256292
141304,7.3979088440943315
141305,5.599337923820495
141306,9.253730399918194
141307,6.959468086852615
141308,6.817427775594561
141309,13.525341091774209
141310,13.1781073102671
141311,6.225260173996006
141312,11.060709288366134
141313,6.555133002521439
141314,12.674175665697014
141315,11.03227257800272
141316,9.996586159942368
141317,11.881433350810092
141318,9.199801926591935
141319,9.914706730130138
141320,7.10371496953786
141321,8.475794460572212
141322,9.863380704365786
141323,13.88140921578277
141324,6.436589827814444
141325,8.49455587630124
141326,8.42921689440264
141327,8.336490185748676
141328,8.429268837392094
141329,8.239895676214354
141330,13.404625983909364
141331,9.640752022310721
141332,14.252959246569782
141333,12.407249525429648
141334,10.486207695121145
141335,10.643233799417139
141336,9.021615748408331
141337,11.357726032650495
141338,6.461352743013587
141339,5.506081819233218
141340,9.513631493486239
141341,5.689943495004137
141342,8.575567876064055
141343,8.077026008338924
141344,7.371631883868545
141345,12.17474390846333
141346,10.107755080919958
141347,11.092731118280517
141348,15.941703237395453
141349,11.008173120455515
141350,9.531268201728809
141351,10.671783091629628
141352,4.948903496874631
141353,12.332408860645385
141354,7.520147077877911
141355,9.42553088891481
141356,7.289628969824515
141357,13.89024814090969
141358,13.11861429419774
141359,8.911026639166177
141360,12.163718348389288
141361,7.050354438162931
141362,8.582937737767063
141363,11.037539516853093
141364,9.243127508267007
141365,8.970816435932507
141366,8.429385928630461
141367,7.5507423484107035
141368,15.432018136334852
141369,8.758083273190758
141370,11.09493316321936
141371,11.052120577480697
141372,5.571550930990507
141373,10.085565035226285
141374,9.587102548550677
141375,14.907567250284785
141376,7.698820021954707
141377,10.059095850480656
141378,5.752074029331565
141379,13.912439523301668
141380,11.818734331791973
141381,11.375149020699897
141382,7.893633231997811
141383,11.050947662289719
141384,9.191020207064302
141385,10.046811736278277
141386,13.340840746845577
141387,11.776676292005453
141388,9.492630835645127
141389,7.185805031731351
141390,10.275444896772818
141391,9.282318289095977
141392,5.813562173267096
141393,8.30882252736971
141394,7.863049283912767
141395,6.811932397758635
141396,11.227967462166426
141397,6.6612062747553455
141398,11.379252961146499
141399,9.141364007978838
141400,6.80807772237511
141401,9.271591113428624
141402,11.760185565511991
141403,9.836003384174496
141404,7.174974342524701
141405,8.961067422291306
141406,11.841482785472158
141407,10.549832775929996
141408,10.205743321239963
141409,7.525746764510847
141410,5.40381013852546
141411,9.2379826166549
141412,9.334801181646933
141413,7.443491891023474
141414,7.3433114849398935
141415,9.515263835473938
141416,8.620239473331461
141417,8.10334666900998
141418,6.3465350635367885
141419,12.474357139887738
141420,7.381434779806201
141421,9.59531089716614
141422,9.271522965264726
141423,9.894067716101716
141424,11.348885884804112
141425,9.667083928886617
141426,9.415548310704676
141427,14.181313736391843
141428,7.172066397016527
141429,12.579828296165001
141430,9.294790485925862
141431,5.695103205223963
141432,8.573255673059268
141433,8.05104279304343
141434,9.096153105041715
141435,6.564543839094634
141436,7.427303866464354
141437,12.088340797911927
141438,11.215281780767793
141439,14.36473708074453
141440,9.473863905904103
141441,11.99417559445941
141442,4.3618958895568
141443,8.76210762941377
141444,7.603105456940911
141445,10.117658931481161
141446,8.45820029296986
141447,4.596310857851238
141448,15.507015004347846
141449,11.149574320996791
141450,11.99790001154656
141451,11.910914084509903
141452,8.09663618077554
141453,7.390309228573929
141454,12.66518134207516
141455,10.0461938022904
141456,16.999655923047893
141457,6.726803204949316
141458,10.25711304402516
141459,10.618210919225723
141460,9.588981410481827
141461,5.993773851208463
141462,9.175062056890706
141463,11.235656579052772
141464,9.915171178257916
141465,10.144725922714372
141466,6.235624117150965
141467,14.843295703779585
141468,5.219879104778644
141469,7.3344833693124585
141470,9.049936424377325
141471,8.954505436415381
141472,10.937745154928303
141473,12.462728469955133
141474,11.106905836677928
141475,7.406124911336495
141476,7.770164111105847
141477,9.76281370716387
141478,6.440606601414736
141479,9.149916139601526
141480,11.30064774257601
141481,10.457712788387452
141482,13.194149313665273
141483,12.47555228548622
141484,9.231201634711326
141485,8.822441485241772
141486,14.118859711869897
141487,9.881940796054606
141488,11.346463395861981
141489,8.369286476389675
141490,10.303954956017357
141491,15.597783045773136
141492,8.888786137566493
141493,9.471804814709886
141494,14.984051518564844
141495,13.646575799120527
141496,8.412430599680627
141497,10.050769526626956
141498,10.19152708746292
141499,10.709158160585181
141500,9.828820569244995
141501,9.824624355803923
141502,12.824441854536175
141503,11.689313056684362
141504,10.296453745017846
141505,5.625058025055745
141506,9.7713936683584
141507,12.836652622758223
141508,9.30806423755061
141509,12.025445593742512
141510,7.916083836781709
141511,9.865770957104488
141512,8.134137808950118
141513,7.79865108092657
141514,7.971437625017271
141515,5.783510155214664
141516,15.024523246235443
141517,12.13839098002849
141518,10.71649579218921
141519,9.404317895471195
141520,3.9721744154508407
141521,12.42118256982258
141522,10.300909349198042
141523,9.19451343363016
141524,7.230061903449562
141525,9.665318921026934
141526,10.464633965267087
141527,5.889207487071782
141528,14.877432195702085
141529,15.737408612104932
141530,11.11982470633606
141531,4.162535471293692
141532,7.159740712772523
141533,7.252909441261357
141534,10.123043500458532
141535,7.695009873261776
141536,9.334749525537479
141537,9.850132131106543
141538,11.595675011574347
141539,6.9297682102923845
141540,9.126628890550961
141541,9.573258073417104
141542,7.156472636333655
141543,6.481658819558978
141544,12.493992511059746
141545,7.7944982361105435
141546,7.045297342471716
141547,11.181003657155282
141548,12.546408490879626
141549,13.37511314537943
141550,7.835133088379341
141551,14.493851851560134
141552,9.936156637731179
141553,9.638274407520438
141554,10.2072038708722
141555,11.672296895240475
141556,6.6020444541254815
141557,9.379201037813738
141558,9.589552442826056
141559,9.36383966728456
141560,9.315204401930629
141561,8.232729538400001
141562,10.088960527432011
141563,13.546593160292016
141564,11.988925795496947
141565,8.509321072456066
141566,6.9551739903262675
141567,10.220932548417995
141568,11.287653495494633
141569,7.252083199978197
141570,7.195483210102327
141571,7.818049187070175
141572,10.004831205775037
141573,9.797963692627166
141574,8.979552875814198
141575,6.969378329011074
141576,7.504007337709913
141577,13.129722767262882
141578,11.422314555559158
141579,8.671532139702698
141580,9.306796670318386
141581,8.938484148044882
141582,13.560229668812019
141583,8.845526844419478
141584,6.329463609555656
141585,6.516302404702738
141586,9.48400089152557
141587,13.873517237550502
141588,11.74794770096167
141589,13.13679951015449
141590,16.918392240834578
141591,4.910051223214924
141592,9.168283718471352
141593,11.265608134046769
141594,11.991000018711574
141595,8.230809771194137
141596,7.118610678232019
141597,10.853907037080488
141598,10.281036472914169
141599,8.413702988046385
141600,6.042603731829549
141601,9.526550913367037
141602,5.851083779794463
141603,9.881850176744333
141604,10.90862000376567
141605,7.505157696298783
141606,18.189091961185888
141607,9.44755713632728
141608,9.463833794058699
141609,13.003373934986664
141610,6.838766276914592
141611,9.240438622377313
141612,9.698270033056028
141613,8.317803607348477
141614,13.828027663854538
141615,17.255261879224616
141616,10.930739308012695
141617,13.940714016041715
141618,10.434915562736057
141619,7.625310172871574
141620,13.23462373087742
141621,12.208483619133936
141622,8.472692119668537
141623,10.861973064207623
141624,6.97602264903351
141625,10.325778086213745
141626,9.510237348383175
141627,8.721157456493787
141628,12.316222365043712
141629,7.135315566616256
141630,9.262845801789485
141631,6.1618757326348055
141632,6.726505386693846
141633,12.398658280253109
141634,10.119289986986837
141635,11.245281268523707
141636,9.560848752883809
141637,15.816734898478874
141638,9.109963404970511
141639,4.26289591035311
141640,11.055465638752839
141641,9.168617056531723
141642,7.442011430645088
141643,9.462428592227642
141644,13.031343376377714
141645,8.203140682340043
141646,9.243062061292855
141647,12.290191147884865
141648,8.428634920214012
141649,7.198630197232542
141650,10.641777597862458
141651,4.035384811479483
141652,6.5543868344202325
141653,10.781569925662314
141654,6.9154157401380205
141655,9.1786302619608
141656,9.218715564632431
141657,12.218845233724426
141658,9.6273537230559
141659,4.699393004364881
141660,11.85299500058038
141661,6.952156637893678
141662,7.61639423906113
141663,4.186257448233731
141664,5.623285461706914
141665,14.23919998837842
141666,7.358379391260172
141667,8.838170024003144
141668,6.378132246931401
141669,9.757809556915952
141670,12.025963626844582
141671,10.039767411706295
141672,6.924574757427536
141673,12.862068383542
141674,8.825887380298274
141675,10.022187967866198
141676,7.012526644928585
141677,9.375989283832578
141678,8.44890853494071
141679,9.789637645316867
141680,8.15046243136381
141681,15.562123793425283
141682,7.4193558996826825
141683,15.45566969746047
141684,7.888627471434887
141685,9.326810723873773
141686,9.102481480682574
141687,10.320566144231988
141688,11.3658792531957
141689,18.245914990971823
141690,6.872246964340206
141691,8.86702762031275
141692,6.473067324095467
141693,10.560200837453912
141694,10.744577526425736
141695,8.6141032031473
141696,12.538726980843627
141697,7.867836271843987
141698,5.81868161119748
141699,10.255441450531823
141700,7.642951213636496
141701,9.546003297502882
141702,9.201150337779666
141703,13.74933702216199
141704,7.897596511411278
141705,9.556370268191575
141706,4.533769493115976
141707,10.683762703373485
141708,9.581178385222334
141709,4.676811856991639
141710,16.0348793340435
141711,4.0147032114634795
141712,11.979520264103536
141713,11.037952266727942
141714,9.811845760545463
141715,8.927305639618549
141716,8.280974866077562
141717,9.093111252540904
141718,15.83181449439957
141719,8.346846086595624
141720,11.284812864878194
141721,10.08028258170032
141722,14.816667068670407
141723,13.151722638250646
141724,12.172554424577669
141725,11.530779418883837
141726,5.600672955280908
141727,4.5947513311516675
141728,9.38518564800933
141729,9.899862137422819
141730,9.481302929479204
141731,9.23175578065002
141732,10.138333328509944
141733,11.629275491382629
141734,9.536429776144265
141735,11.504093339425538
141736,9.19947866863652
141737,11.792861839427745
141738,9.81143270608823
141739,5.21276483926952
141740,10.516312904630382
141741,6.451185565172222
141742,15.593768689238036
141743,8.714065166976225
141744,9.41440163646594
141745,13.503820055532065
141746,13.239735862199186
141747,6.950538730987114
141748,7.424098221863877
141749,8.063447824886193
141750,10.448917935874425
141751,5.685688236395056
141752,17.127532133647406
141753,10.681539552678727
141754,13.233945761175667
141755,12.160783189469797
141756,7.799940507849721
141757,7.098167587137063
141758,9.868835972708492
141759,8.449363701844916
141760,10.779651613031133
141761,9.136394419191557
141762,9.572401593259428
141763,9.350624809680344
141764,10.387812833518504
141765,12.173625648381375
141766,6.325807775992709
141767,10.18962631840392
141768,7.453818949448994
141769,8.384323357586073
141770,9.90957259608491
141771,14.091195144020949
141772,6.556028829564861
141773,8.183117841364245
141774,13.696676530014546
141775,11.717402573572263
141776,9.503387908143694
141777,9.978780990609565
141778,12.29276508403554
141779,9.803812144705056
141780,10.204357982845844
141781,8.17772033786106
141782,4.792724035374842
141783,6.243555539214777
141784,8.719089835196378
141785,13.36306633970752
141786,8.22003343891881
141787,8.790941691564502
141788,10.611471957400283
141789,16.204540671848275
141790,8.059815033366945
141791,8.9642671620722
141792,10.486268916296902
141793,10.515588593023235
141794,9.575957772578278
141795,9.410964824309596
141796,7.46202107066099
141797,8.439489126915877
141798,9.957222640322499
141799,10.477015879844515
141800,10.862227763805924
141801,9.395533450781784
141802,9.171729140108223
141803,9.156791709622109
141804,11.724178637597486
141805,9.357168623554895
141806,10.636535889991208
141807,4.160878539604276
141808,10.407257742936295
141809,13.876724401483932
141810,10.465590010720561
141811,8.2185969658429
141812,8.647167085366373
141813,11.222222905309513
141814,6.515095617890234
141815,13.705787319377801
141816,11.049657875118593
141817,9.671931496403309
141818,10.654319137731765
141819,9.73409004517257
141820,11.088148881144983
141821,13.915270802800169
141822,8.98054584190471
141823,6.586996180088775
141824,9.536158783907926
141825,13.766042075980753
141826,9.925326384376115
141827,13.411497505234749
141828,7.6747265714936646
141829,12.303112322281523
141830,9.358286657547898
141831,11.55696438845759
141832,10.196622263940409
141833,9.347957186936535
141834,8.67142412140388
141835,14.559722426586927
141836,12.332617559258674
141837,10.944517719745539
141838,9.62473459518338
141839,11.591485766944741
141840,10.264417375454252
141841,7.092280253246855
141842,10.050209263908176
141843,9.330212964017262
141844,4.4648682367911245
141845,7.4746720202377235
141846,10.666358162638458
141847,9.737507849755415
141848,13.991926424957395
141849,9.471346612926197
141850,7.954408307758534
141851,7.988390322540755
141852,6.255140333003112
141853,13.774096160363825
141854,6.6102308527821565
141855,7.217529663844715
141856,8.187348091081839
141857,10.143409739228138
141858,8.529362251329394
141859,9.744227048627247
141860,9.10092697853958
141861,9.606480644116134
141862,11.785249020030776
141863,6.46567263040005
141864,12.265487789909841
141865,7.641508492280056
141866,11.645475670825832
141867,10.018221141352825
141868,14.123135935479445
141869,5.093342140631931
141870,11.407341201882401
141871,6.965840028594757
141872,8.764723556756211
141873,9.20218401941563
141874,9.633708587643895
141875,8.87127116497386
141876,11.05939123384859
141877,5.8921067952421415
141878,8.367242634448617
141879,14.847066229386062
141880,9.299945548296826
141881,13.62853093849877
141882,8.197964843179435
141883,5.876047414789746
141884,8.0401443111795
141885,9.204433451498153
141886,7.899558999422115
141887,8.69802871211736
141888,7.873538695701356
141889,9.246280910275342
141890,9.931044797740189
141891,10.402944293039004
141892,9.978665325318408
141893,10.943097026038766
141894,16.622472226843662
141895,13.390363127762575
141896,9.765945834116051
141897,7.887608444721951
141898,8.993290640517497
141899,16.95538617724399
141900,7.52250672487025
141901,8.332115173757643
141902,11.291998240166688
141903,14.590677407666423
141904,9.317618203748882
141905,9.99914819248308
141906,10.27978566668327
141907,12.567156525292235
141908,10.22232548161011
141909,14.442628462011697
141910,12.730434921344074
141911,7.055385841881791
141912,14.189328417606427
141913,6.572815235878704
141914,14.831946971182521
141915,10.928627470086484
141916,12.02309023604917
141917,8.381045211092816
141918,10.369831049640538
141919,11.960246975373348
141920,8.930750115742114
141921,6.485186590723288
141922,8.657637245647319
141923,11.059080006274716
141924,11.26089227148147
141925,8.81092627741798
141926,8.81893691655174
141927,10.192754994834022
141928,11.045914052385172
141929,10.278890738731146
141930,6.896164350991301
141931,7.489877848329817
141932,6.981937904757062
141933,9.441241077225799
141934,10.573518594583982
141935,6.637206910773219
141936,6.301367990741253
141937,13.36173157510493
141938,7.051335724796338
141939,9.22596643237698
141940,11.803073142138041
141941,7.542502653942066
141942,5.06241230228513
141943,10.650171124464212
141944,9.808941317349559
141945,11.808880889245819
141946,10.334298883892675
141947,11.272130937102432
141948,14.590555352906055
141949,12.620016068019819
141950,9.166193068911285
141951,9.39825671537341
141952,11.63592108240197
141953,8.841805727172577
141954,8.583290799104281
141955,7.96018535337795
141956,9.112793302062993
141957,11.002757404941319
141958,7.606683327887886
141959,4.5463932907279565
141960,11.314932879330168
141961,9.679547979208035
141962,11.601148343230816
141963,9.661037074006476
141964,7.984035293909147
141965,8.40870966314655
141966,12.528193802625928
141967,7.242443425640575
141968,13.113791332698417
141969,8.152083845805763
141970,8.734798322540161
141971,7.483342564866307
141972,9.381299046098462
141973,9.171793030966082
141974,8.245917222857859
141975,12.04693215613363
141976,7.939113907886393
141977,9.157996889660984
141978,9.62243019782875
141979,6.658851290406403
141980,12.853046586800914
141981,7.957517320097693
141982,10.496982176062712
141983,9.006272682303967
141984,11.191378341245798
141985,12.41372032817173
141986,10.348448153673186
141987,10.518127643647336
141988,9.133667482372712
141989,9.68303255922584
141990,11.420061200613457
141991,8.978705308213105
141992,7.619771554501749
141993,8.876471386726365
141994,14.677176468713895
141995,8.443366876132805
141996,10.164143471984563
141997,10.61285331146209
141998,8.367670155190188
141999,4.30443799063303
142000,12.57536171992784
142001,8.412030189177003
142002,9.489969120207
142003,7.968647261703905
142004,10.733105901615247
142005,10.364149265129345
142006,13.590176420919954
142007,9.249243037183087
142008,11.472005058178516
142009,9.789472158716743
142010,6.6149880102667735
142011,10.842422153201362
142012,10.305711264414581
142013,8.83994715810141
142014,13.97672971240144
142015,8.170103702883793
142016,15.622735968700022
142017,7.248083353400522
142018,9.88759969987531
142019,10.977244876713106
142020,9.336098930829952
142021,13.309568859245124
142022,8.176138667606214
142023,10.690048930633807
142024,14.058418511887282
142025,7.341087803043689
142026,11.352662136421696
142027,4.411343366548278
142028,6.339779981378271
142029,7.229345616675346
142030,16.46072118295303
142031,9.732996475563803
142032,10.890220113854932
142033,8.779129780117932
142034,7.612837731114387
142035,15.231395936855346
142036,10.590600635703506
142037,8.884037127626131
142038,12.611290944199993
142039,14.759339216251073
142040,10.480858456136687
142041,9.624361243880037
142042,10.530661375318678
142043,10.154668683015704
142044,10.728131121998876
142045,11.531501617196785
142046,9.747663020182847
142047,5.548172935049701
142048,8.89523207673964
142049,7.45891623421979
142050,9.030102151325362
142051,6.095937314091564
142052,10.513118266209124
142053,10.323064894932884
142054,10.802816308046037
142055,7.662120222610025
142056,8.655017047257207
142057,8.693669075557434
142058,10.596599301901893
142059,15.654364666028519
142060,9.904493203755349
142061,6.265677370422257
142062,8.14900441214146
142063,9.860237815172036
142064,12.332476482176885
142065,10.954277977831202
142066,9.67961912098828
142067,7.692665003761348
142068,8.941156171968611
142069,10.725714992066994
142070,16.021525547842653
142071,10.092277581214566
142072,10.366017254980818
142073,12.440800333752502
142074,8.702398733797406
142075,9.384978836210383
142076,9.819503614749825
142077,7.307535302890891
142078,9.578916323694363
142079,10.35028901969796
142080,12.060529765586178
142081,9.28285399449175
142082,10.950411028438932
142083,10.62822080012325
142084,10.334354777775468
142085,13.535538172756343
142086,6.637032523610948
142087,8.339523656226541
142088,9.454980359413726
142089,6.609257396688088
142090,14.428272470253091
142091,14.479114918472836
142092,8.653155974621473
142093,7.731155331690298
142094,6.538433130604348
142095,7.459446047457237
142096,4.037395546905815
142097,10.514781892484702
142098,12.755713494806812
142099,7.253680924534512
142100,9.145381435113196
142101,9.56876635121181
142102,10.176112365537929
142103,9.699281961390929
142104,10.927368788235476
142105,9.922253658799045
142106,13.543274306785056
142107,12.780129963400768
142108,8.808414400175447
142109,9.198290261132076
142110,9.037902527349257
142111,7.959334410378017
142112,5.888990402913366
142113,14.470177042300293
142114,6.453715797646147
142115,11.330050700945273
142116,9.233352994529305
142117,11.10849159243424
142118,7.498771464582828
142119,13.141320993457308
142120,9.303115690229237
142121,6.742602331969041
142122,8.393756566296027
142123,14.694865364232793
142124,12.813296787866568
142125,14.252081568340174
142126,7.378010627634554
142127,7.034801647859953
142128,10.844999429970697
142129,8.593597074488125
142130,7.1175530195365315
142131,7.948659222078047
142132,10.369634618147007
142133,6.458132689037461
142134,7.93304665057193
142135,11.15833269171516
142136,9.4736110986527
142137,6.9307257211791224
142138,9.154054792336483
142139,11.100898562915258
142140,8.063553218537063
142141,9.508401872792835
142142,4.774062569510719
142143,7.5171692572639115
142144,11.883658296827402
142145,4.798968078645506
142146,8.439573560267558
142147,11.250010907996728
142148,9.71632633680376
142149,10.148821834046093
142150,7.834082076907808
142151,9.04201278722435
142152,5.0971666839345655
142153,9.174742453412506
142154,5.632143516187388
142155,12.223193048042246
142156,7.78921350184567
142157,11.511077832938236
142158,14.240835012884565
142159,7.320945546156077
142160,14.49706784308579
142161,18.261476163411487
142162,10.857294200317316
142163,9.20267637054419
142164,11.033735084993058
142165,8.521891531568967
142166,12.909583373171719
142167,11.339413788541561
142168,10.43580010028689
142169,11.691525147809651
142170,10.362460338237842
142171,11.030841286672205
142172,9.72998710029793
142173,11.334013554403507
142174,10.281879473643574
142175,8.885885007844257
142176,13.406033835798823
142177,8.269335187657873
142178,8.160632338530826
142179,13.571328842363181
142180,8.346231770153945
142181,8.785312806074895
142182,7.647358985624379
142183,9.85981451959976
142184,9.372338386538297
142185,8.538244348401681
142186,11.56536652227423
142187,9.14973960183698
142188,9.771515428498194
142189,8.116665681945715
142190,8.247622628599478
142191,9.388963968087936
142192,9.714336443380924
142193,9.277672053252184
142194,9.45159986523196
142195,11.049228518239598
142196,9.724077797880403
142197,9.329898060180104
142198,12.68277204912509
142199,6.919899649519783
142200,6.954282481526344
142201,6.999287499427782
142202,9.120097931324059
142203,16.246723406351656
142204,11.37422070377021
142205,8.505645502036852
142206,11.191910421524007
142207,12.144303576384313
142208,10.943118275606873
142209,14.337582615015918
142210,14.046230186807596
142211,10.81616895940605
142212,8.52731608255472
142213,7.792789170469092
142214,14.121225365331977
142215,4.621378139903143
142216,7.284630392399234
142217,8.866694772466754
142218,13.372106215656752
142219,12.979773838117513
142220,9.984578001250979
142221,6.1669843084398694
142222,8.256995482020953
142223,10.641741136450404
142224,7.583185274717707
142225,9.845000617731746
142226,9.92707963148535
142227,10.292757847649948
142228,11.151068493384926
142229,11.087507240615071
142230,6.370420912335678
142231,10.889895408786451
142232,6.91544338942892
142233,16.619393586536635
142234,8.23844021737391
142235,11.866673974519749
142236,15.986928443577938
142237,11.819795586087125
142238,11.324580466619429
142239,9.268131639478842
142240,11.565925963968255
142241,7.452794217672098
142242,14.970631347282989
142243,11.422744233326629
142244,7.401585942188987
142245,9.556385641720272
142246,9.402748932444087
142247,8.006523231365989
142248,8.625502651360188
142249,12.146335505261199
142250,9.633500053190726
142251,9.129698135177554
142252,9.638417321703804
142253,8.507096902667863
142254,12.124313837927073
142255,11.234801405689444
142256,9.21091816228423
142257,9.534864281372519
142258,10.719530768738988
142259,9.77822799913574
142260,5.806083062219554
142261,6.69522112940241
142262,10.854748055856463
142263,9.43277331317497
142264,10.13887084251721
142265,7.896382455129586
142266,12.516965026058513
142267,9.33922723244187
142268,14.844201971003361
142269,9.295626590408661
142270,10.362802932226378
142271,9.818521640241059
142272,14.649406176009347
142273,5.71116877771207
142274,14.10587528553619
142275,14.359725975559243
142276,15.009150205735185
142277,13.946600402981693
142278,9.417720733434411
142279,10.552081222514616
142280,10.52485611857873
142281,7.80570235930804
142282,6.717455127553684
142283,8.714073025627652
142284,7.562109834854792
142285,11.03068178801922
142286,12.20023317157188
142287,10.141908526477012
142288,5.896432701194906
142289,9.854310680627782
142290,10.076137152746512
142291,10.348670098055193
142292,8.061585689506227
142293,8.68697710018807
142294,7.271957316114492
142295,10.434849961052256
142296,14.153475801777509
142297,9.76066143755789
142298,8.142585589184325
142299,9.739872149333541
142300,10.187278022788888
142301,10.353386230598172
142302,15.786809834447507
142303,9.571331226766818
142304,13.926738488163712
142305,10.712586479152364
142306,12.595719494831068
142307,7.263643737857739
142308,9.19117164080992
142309,10.253707007402841
142310,9.7784981207114
142311,4.506095933213084
142312,5.373389786633739
142313,11.61859574321418
142314,11.184678272875853
142315,9.047176307002047
142316,8.335620627188286
142317,9.557028261675281
142318,11.564823056238481
142319,5.958550774466252
142320,10.793353387689724
142321,6.4652315647813525
142322,6.1884907107050555
142323,9.774894097198784
142324,8.831063869909167
142325,9.325715295907456
142326,5.724367765259567
142327,12.064444285145935
142328,8.173841995441068
142329,6.693414349648675
142330,8.21672355673059
142331,10.973880031054783
142332,7.912671987002743
142333,6.561999839967425
142334,8.621420013368738
142335,9.630301059609282
142336,14.20572411476088
142337,7.291497935705264
142338,8.86413187507176
142339,6.988062246149502
142340,4.296506256218342
142341,9.478290337205005
142342,9.284679006784723
142343,7.614204076807437
142344,7.354846152620416
142345,9.412173368661769
142346,4.052794035564559
142347,9.762795029525853
142348,11.796077145150345
142349,11.791829848687147
142350,9.429360242489654
142351,10.244360288850965
142352,13.092091130568127
142353,11.030457576835715
142354,8.35745748319351
142355,6.488929146883805
142356,10.815599660706503
142357,10.78604986984985
142358,12.14192507252104
142359,9.373884926472353
142360,10.192937373233617
142361,10.696184534477311
142362,11.41057690481343
142363,8.521574194134633
142364,10.23528078886519
142365,8.824355169475222
142366,9.653045850318538
142367,14.613654618011301
142368,10.708424046173125
142369,10.319204209936531
142370,7.278620956870627
142371,10.02023320047385
142372,6.669488334303364
142373,10.066904285569
142374,11.050079110247994
142375,9.012522669423472
142376,5.338639387359295
142377,10.306275452184238
142378,4.918721259755462
142379,4.4246144945444525
142380,6.131506495298577
142381,11.260783772071846
142382,9.979500732469319
142383,10.600219794714828
142384,8.001285715292823
142385,14.130268190067088
142386,9.416305030249257
142387,16.954633110826443
142388,8.305724987002339
142389,9.06248775086886
142390,13.945239000902205
142391,12.255228781590924
142392,17.661385699973614
142393,11.79133276136487
142394,9.93184372123597
142395,7.417484528119525
142396,7.0787954628478555
142397,7.315679463449118
142398,8.74736056525293
142399,8.552926294732998
142400,10.843959750034662
142401,13.902857524818605
142402,6.534681207619499
142403,7.119301398768603
142404,8.641428788388613
142405,9.56232465326504
142406,9.276214913790202
142407,9.055906637020717
142408,15.530777175740976
142409,9.082577848665034
142410,10.204820182197883
142411,6.526623456754709
142412,6.918704653027325
142413,9.602121279521542
142414,8.956558618573382
142415,7.436629208579004
142416,10.562686229189245
142417,9.084697656288547
142418,12.536132991816137
142419,10.341208626254996
142420,6.805071797782359
142421,8.890211298120446
142422,7.199781661772081
142423,7.66780093812162
142424,6.9739647845138135
142425,9.993884746391021
142426,9.486175963658006
142427,8.408294316568355
142428,8.99145972385173
142429,12.556331160918917
142430,4.56592226116095
142431,8.311903515426538
142432,7.586997878974323
142433,9.751917386251048
142434,10.955597496451322
142435,8.870043128346163
142436,10.001590476429389
142437,7.872791101738487
142438,9.145879516607845
142439,11.54854569278295
142440,11.27571253379833
142441,12.96358370406108
142442,8.654595997112466
142443,8.907192681966075
142444,11.252899303367922
142445,8.286731881048457
142446,9.341306888864192
142447,9.21783488007875
142448,9.191348902107851
142449,8.273335335309067
142450,8.47632612368849
142451,9.68492650928794
142452,10.095939773758298
142453,12.13271289755657
142454,8.179913082707255
142455,6.161817472954889
142456,10.870265534375266
142457,8.484551272732082
142458,4.971061846676159
142459,9.388870035693303
142460,8.60784195996033
142461,12.496962852955107
142462,8.413861055180814
142463,8.893611110196995
142464,8.581102756094912
142465,5.531571510979807
142466,11.27905863944108
142467,6.701752630220416
142468,8.816558283748787
142469,10.181030560992587
142470,9.310645436254669
142471,14.089530010426955
142472,7.433880276332962
142473,9.57808478632179
142474,13.959206092413865
142475,7.540921397803468
142476,11.409281262127804
142477,9.633180143142816
142478,11.602592255536837
142479,13.846834072448214
142480,5.1597133245459945
142481,4.551853553886725
142482,10.697561331632716
142483,11.127932938303916
142484,10.60397578186225
142485,10.662261000817164
142486,12.378789433172997
142487,6.8814057934429
142488,8.85823068946912
142489,7.079941226106277
142490,9.537431728623357
142491,8.849541808573804
142492,9.370303600905924
142493,5.5951714819049485
142494,11.771376441566932
142495,13.194682962240597
142496,7.296534759220857
142497,9.981296448581508
142498,10.622747193596094
142499,9.257462162795473
142500,9.037980320535873
142501,8.51289308071679
142502,7.151811445368326
142503,10.754673705650854
142504,12.06686204697171
142505,8.922131219388392
142506,11.749120905063567
142507,9.225276455671018
142508,7.33419565268518
142509,9.135612771646219
142510,7.950488462161812
142511,8.393328317409399
142512,7.907093294735485
142513,11.280309193843511
142514,10.204269296788059
142515,10.233920604334338
142516,9.325383811134081
142517,10.66163996709586
142518,7.6772309692134115
142519,7.475581783297066
142520,11.012373340408022
142521,7.3832299477448675
142522,11.50256044127809
142523,6.712322412941354
142524,7.913300968499074
142525,6.769125167403883
142526,9.379305565459967
142527,8.96538169912069
142528,11.576776289872665
142529,7.525367381400744
142530,5.9975699777597224
142531,8.974132450846142
142532,10.815389236386084
142533,11.295669415589796
142534,10.416431096184436
142535,8.43832037563232
142536,7.383388938906286
142537,13.618388418321299
142538,11.420955006537357
142539,9.491370190441264
142540,9.690554831466041
142541,10.273989513913047
142542,5.01102999021982
142543,8.81462830692855
142544,8.345143305914766
142545,12.562008037893396
142546,13.909316235639732
142547,7.9024933668758335
142548,5.945174462882917
142549,6.411852719236981
142550,10.629023062037897
142551,9.462176282471907
142552,10.77311162942346
142553,11.832470258957725
142554,9.344625850397401
142555,6.175292216579662
142556,8.598041689628504
142557,13.559217089299732
142558,9.329220087725941
142559,14.788732282366556
142560,15.757547326642783
142561,9.662483425344394
142562,12.439742641599487
142563,8.333805886179181
142564,6.422855866197724
142565,10.366407793643106
142566,11.185865695645884
142567,9.84691709843774
142568,6.895928963585161
142569,4.853241716609558
142570,5.028199944615678
142571,8.767298722747165
142572,5.852242032490279
142573,13.762177430110189
142574,10.839862394040095
142575,10.346231413249143
142576,10.486001369776575
142577,11.923244613890441
142578,9.051097242136173
142579,9.154408891585962
142580,7.174875180640912
142581,10.461735938386884
142582,8.987757283832414
142583,8.718714339561545
142584,9.273097192801831
142585,11.918932395174439
142586,12.173143133353529
142587,4.4772435015185215
142588,16.30168758558985
142589,9.7028132869915
142590,9.428717930977207
142591,10.552286110155224
142592,8.825156939603696
142593,12.536873647156124
142594,8.439720878048004
142595,7.4428719152902065
142596,9.075820727788138
142597,4.297632458016276
142598,12.298189366275425
142599,11.528324160421553
142600,7.3543575192046635
142601,7.963281356434218
142602,9.765504580919785
142603,11.190122795836446
142604,10.528755214066091
142605,10.480362416084684
142606,9.583366155933822
142607,10.276436227069855
142608,6.002678226810794
142609,8.60364814387059
142610,13.56178517555922
142611,7.634641346525744
142612,5.4630711094699596
142613,10.097799409511671
142614,9.606934150292366
142615,15.330218035761352
142616,12.01676209398563
142617,10.900977673340623
142618,13.73032540616885
142619,8.014052306409182
142620,9.095624100825987
142621,11.654253730779562
142622,7.401081561534099
142623,9.255207655964245
142624,4.359707885425477
142625,13.034059762527468
142626,12.183275580682741
142627,4.718651061906746
142628,5.220049463066828
142629,7.009527453138494
142630,8.561070293451413
142631,10.653463096389746
142632,7.392196078922183
142633,11.08781783977208
142634,14.06083804547664
142635,7.4642074714667785
142636,12.757389468642714
142637,8.797549292613368
142638,6.667421305068812
142639,16.923134598864756
142640,9.00802587175117
142641,10.073350468437587
142642,9.301891465114831
142643,15.78660930569742
142644,13.085567895188783
142645,14.739387084038858
142646,13.434025296140259
142647,11.803151678097871
142648,11.432786256867058
142649,15.928684102537423
142650,12.041851029165661
142651,10.341566285250789
142652,7.74866272926319
142653,10.624106536274832
142654,9.900798945233932
142655,8.77525020529354
142656,13.839786486698177
142657,7.280550051900491
142658,9.717779417451856
142659,8.17562048767829
142660,12.782120297816132
142661,10.862174929919565
142662,9.301525097279024
142663,9.4485637509102
142664,12.773948002199488
142665,7.476393472538841
142666,7.206713773409727
142667,8.283644357539231
142668,9.07990631246653
142669,10.492028357962411
142670,15.152541606102087
142671,15.151006850752347
142672,10.067430304657764
142673,9.958227988626351
142674,9.67513600619048
142675,6.3735867541179765
142676,10.170704840463594
142677,10.284173076739243
142678,11.32362833629273
142679,11.654190735699434
142680,11.422254938684077
142681,7.834997784896194
142682,11.163743776503622
142683,7.071723660883086
142684,7.312010912107597
142685,9.067246116759863
142686,9.206185670937275
142687,8.143936993192606
142688,8.51510376357309
142689,14.488169756829976
142690,12.017418254815237
142691,9.36454246057974
142692,11.505708780804444
142693,15.099841792654686
142694,11.466046981090376
142695,13.380480949978836
142696,11.711435938189892
142697,7.274046779440232
142698,9.009424540130833
142699,8.978399752979582
142700,6.911584167752707
142701,11.811844010131502
142702,11.349757320651015
142703,9.351042178577114
142704,9.898790386835426
142705,6.961389715584893
142706,10.736958412231541
142707,9.406833833272886
142708,13.624294618858693
142709,7.510973982019252
142710,13.437462632900102
142711,5.655309648024205
142712,7.005371802508273
142713,6.977710677925055
142714,15.972512757314579
142715,7.924329963823706
142716,10.32196850053242
142717,6.57946624628171
142718,12.423222078621952
142719,7.305651720579908
142720,6.400256657102434
142721,9.252177747365428
142722,7.774453084611414
142723,7.133159534674301
142724,9.27668955445737
142725,9.040695811896072
142726,6.5780644286276315
142727,8.639319158260369
142728,4.091532488388873
142729,9.127751357055143
142730,8.60970069378783
142731,9.628471015152236
142732,11.638272144817666
142733,9.785820701819294
142734,8.139762375130404
142735,7.938836862683209
142736,8.733303834031656
142737,11.801110602898286
142738,8.875945702768805
142739,9.220155116521344
142740,9.654817241625405
142741,7.759818768791613
142742,8.931730385243677
142743,7.667926829346031
142744,11.006243925804611
142745,7.476579253355179
142746,10.13965284116601
142747,8.810958778178481
142748,9.231554427113537
142749,10.612903910570262
142750,16.235260861410758
142751,8.428386172670837
142752,15.999842196187453
142753,9.301759236958564
142754,7.826039324397703
142755,4.0006410280328755
142756,10.387253387720957
142757,10.927203958272921
142758,7.006884858580305
142759,6.05818954023025
142760,9.653343578613468
142761,8.145679623084442
142762,7.235037070103884
142763,14.997583529563537
142764,6.341313355006761
142765,12.894562447347761
142766,9.900580646727978
142767,12.10572152794138
142768,13.833896746437128
142769,9.641848285968525
142770,10.672049064369691
142771,16.10867859362363
142772,6.792764688406111
142773,11.473571175728347
142774,7.287536040735423
142775,9.506033753597602
142776,5.006050488546209
142777,4.834001062168121
142778,5.879875474296658
142779,12.132321665938473
142780,9.91948525255573
142781,6.545415496312039
142782,9.77963969205866
142783,8.834591453624295
142784,6.726563101942905
142785,15.389966603618195
142786,12.032931976188625
142787,12.612752677920778
142788,11.78377955344558
142789,7.108513605026239
142790,8.322417475762785
142791,10.897638057732195
142792,9.522484412237663
142793,8.246238585483308
142794,11.54686923538284
142795,10.91357317980847
142796,7.069877017055241
142797,8.263009521304593
142798,8.867778032561047
142799,6.0017889811546405
142800,10.844459383866901
142801,12.547138190648274
142802,9.837114238775953
142803,7.2967032270306875
142804,8.115714750361366
142805,4.288091630633303
142806,7.268589448743351
142807,11.350545970975947
142808,14.516961243754569
142809,8.04965502485643
142810,9.41997146239326
142811,12.544541293663498
142812,10.14934581024527
142813,6.826151481291771
142814,6.1084840786172805
142815,7.944910900115386
142816,9.194921167640251
142817,8.310293529329048
142818,10.724691592015484
142819,6.705358741242085
142820,9.020422094342495
142821,16.02534905082639
142822,9.943582852047914
142823,12.213451198331269
142824,11.303516771417822
142825,12.567344248729224
142826,9.870829517169508
142827,9.086972009511603
142828,6.944005556318703
142829,7.020244925955128
142830,14.256991613423216
142831,11.930584377127236
142832,9.63446926445286
142833,11.137035513902925
142834,8.92522551440739
142835,9.861928400624368
142836,10.768171670356352
142837,7.2992493171012125
142838,11.513819149035392
142839,9.638637054483988
142840,7.11826268663185
142841,7.599973210017792
142842,7.887966551606311
142843,9.369335390928422
142844,6.330824016708041
142845,17.922899121456634
142846,7.08112288564535
142847,9.874520191124663
142848,12.27083519220258
142849,7.298448318582774
142850,9.900062016221332
142851,6.500016205931837
142852,9.555797928894027
142853,12.701246161476845
142854,8.766740041004768
142855,7.43662338453819
142856,8.862369447465554
142857,6.309205526654045
142858,14.768429339599937
142859,13.683051234194272
142860,11.0921377600277
142861,12.300486417565324
142862,8.575650377898006
142863,10.645699234989817
142864,12.61166895625298
142865,10.218063593932142
142866,9.456448122725444
142867,6.5868170553456995
142868,10.14022447138941
142869,14.108450593936547
142870,9.376345743442545
142871,4.094101503278987
142872,7.886802539829581
142873,8.038460138745341
142874,15.376471731131934
142875,6.839702865426917
142876,8.332844438057828
142877,10.453265618429143
142878,9.111045275256231
142879,10.62178803174327
142880,11.933676193544702
142881,9.429223892145972
142882,5.749802288627438
142883,7.5131942693820175
142884,11.389702098990984
142885,8.429694867584264
142886,7.9995951927972015
142887,8.98464893304414
142888,9.655317296467718
142889,7.210116397473792
142890,9.593058917301597
142891,9.273964816140097
142892,9.669370966848751
142893,8.543294850978551
142894,11.554187625875842
142895,9.422618956657214
142896,6.316507545528465
142897,8.633653972731723
142898,4.97876241805068
142899,7.8450982198552
142900,9.441706083678312
142901,14.61416571019738
142902,9.440875925300626
142903,6.027723489545961
142904,9.368027908114849
142905,9.51577674446191
142906,10.10347549681108
142907,12.047223934565542
142908,4.455592958842244
142909,9.730113882819543
142910,8.477523154751346
142911,13.664124203582892
142912,11.722733542809749
142913,10.314681949730934
142914,8.781677041728042
142915,9.98687084842075
142916,12.050307839740459
142917,9.261207450858503
142918,11.17677643896699
142919,9.186019170225688
142920,8.129579269161843
142921,16.327066062760245
142922,9.446142535217243
142923,11.982529890343042
142924,11.337726267535677
142925,8.782903421384482
142926,12.918106928899826
142927,9.234562995520015
142928,9.052539875034512
142929,6.673695418068105
142930,9.487466230486163
142931,12.54722521245907
142932,7.761638104565978
142933,6.674452014373735
142934,8.623280570913685
142935,8.70873984598024
142936,9.079608734752174
142937,11.082497134119041
142938,9.242347818913899
142939,6.707309074178122
142940,11.172313187932632
142941,9.215605404989955
142942,8.793289155868205
142943,9.005336979835153
142944,9.199051019672932
142945,10.699291851344933
142946,5.525552280464477
142947,6.271040387417893
142948,13.746930878824196
142949,7.055222331191546
142950,12.941540675900237
142951,9.247887637345514
142952,9.25405465159156
142953,11.11707799910901
142954,10.995555556748332
142955,6.849209917174365
142956,10.835575820239773
142957,9.987942962989782
142958,7.5608170147723
142959,8.947072371019019
142960,16.427868660764965
142961,9.393340975809835
142962,15.556140138139757
142963,10.35353986568608
142964,10.158897289695563
142965,10.035377913216305
142966,10.337521418418962
142967,11.307917466771627
142968,10.649891441705346
142969,12.48215067008089
142970,10.00332774681518
142971,9.417316392048507
142972,9.018607450990231
142973,5.973835336370949
142974,10.466222334772777
142975,6.874510691947007
142976,6.416019182048541
142977,9.712820473579123
142978,13.478756381796192
142979,11.222921698248893
142980,8.299772768812502
142981,10.024750783332848
142982,15.108108441451211
142983,11.09612625342809
142984,8.327292903460446
142985,10.865075903612158
142986,9.565030380315088
142987,8.337376855064813
142988,9.44179898324477
142989,8.253054874576657
142990,10.192493265911002
142991,11.572559843254938
142992,9.449902810054356
142993,9.653718952393719
142994,7.512112850675633
142995,8.760793985219683
142996,9.40266497490959
142997,8.245235486187058
142998,7.462626662820398
142999,11.520804979907215
143000,10.554875316574662
143001,6.97538581791476
143002,11.596282277071344
143003,9.029134895871074
143004,14.102146490023301
143005,8.072983832326551
143006,9.414968925232092
143007,10.91086658302672
143008,10.692038172359386
143009,10.452289851775117
143010,7.342947316479294
143011,7.99246935932823
143012,5.489753994904935
143013,8.893230455431233
143014,11.149637829507565
143015,12.896344100030618
143016,7.749345589907419
143017,9.323911508882222
143018,11.66382006475285
143019,10.713831855170806
143020,7.831245600184322
143021,10.054254258390518
143022,9.418002903866116
143023,9.0508607136954
143024,8.483634710838674
143025,8.892739248637364
143026,8.0845651583134
143027,9.68339006294308
143028,11.876023405379971
143029,9.112408968182347
143030,5.853897849721617
143031,8.361395682454216
143032,8.51703171081191
143033,8.540827719831737
143034,4.73602882759734
143035,10.990178196897478
143036,5.232094431602478
143037,10.303697864547726
143038,15.3606746587553
143039,8.760933813945758
143040,6.950210619022988
143041,10.137329644137663
143042,8.833147542768362
143043,9.027044742758282
143044,13.593921904769385
143045,7.095833790470063
143046,8.217251320588268
143047,6.789856899713198
143048,9.765853886056272
143049,12.856215446010236
143050,4.516836689325031
143051,7.91648999759403
143052,11.285496485755214
143053,6.918529778015321
143054,10.593007382644268
143055,5.778557838918429
143056,9.161005814615189
143057,8.792459881339699
143058,9.118552874001017
143059,10.830852450661558
143060,10.045481670829833
143061,14.946087586535537
143062,9.604894637929226
143063,12.066672847266691
143064,12.727887633371813
143065,6.546666354585672
143066,8.624904370756767
143067,8.420787264923955
143068,9.489969038649756
143069,9.521949029234026
143070,8.818163441739813
143071,10.939737513990206
143072,12.293834517817233
143073,6.802851265725318
143074,10.579965353706502
143075,9.39251185897219
143076,12.658752723744744
143077,7.938664375243013
143078,6.49781926177176
143079,9.096769656591418
143080,8.749350595024186
143081,11.626628275340458
143082,7.551933739583296
143083,10.993398448208813
143084,14.760577300019738
143085,11.199195888592367
143086,5.114714179721641
143087,12.145933436517314
143088,7.943996404450599
143089,14.741569346622361
143090,10.037315976740935
143091,8.977100459620278
143092,5.152711217558337
143093,8.562993959777454
143094,12.085216887114779
143095,11.16809727622389
143096,8.304933626204974
143097,13.088974989780183
143098,10.996119333578637
143099,12.028090181976768
143100,8.926223878719142
143101,9.960119929409988
143102,8.132309866241037
143103,9.594060017709351
143104,5.014226380866981
143105,9.132967994328352
143106,9.411746696671859
143107,5.420484430257899
143108,7.729400153806219
143109,9.337181294123335
143110,11.01211560542534
143111,8.482580855090097
143112,10.934379364186238
143113,10.71040105180953
143114,4.469705702374712
143115,13.956953372999882
143116,9.392833065906368
143117,8.217359318375674
143118,8.94245929504095
143119,9.62245701380771
143120,10.793195542504874
143121,6.8925499219413435
143122,13.3829084400998
143123,9.770027637045974
143124,14.320225616307374
143125,7.660095658600019
143126,9.762244519366813
143127,7.939264847309675
143128,6.013525597450018
143129,7.392266630497446
143130,9.318882657302353
143131,8.562112763077929
143132,9.005488455986455
143133,10.112455658683661
143134,15.966848660893541
143135,9.14980208747686
143136,13.781495993617165
143137,7.140933288614837
143138,10.875790849949338
143139,5.411703311168198
143140,7.219935504368008
143141,5.729430696656271
143142,4.326686558340503
143143,8.657088061146784
143144,8.887880727396057
143145,10.675581871988589
143146,13.30351276025306
143147,12.414929170982209
143148,8.029322422757781
143149,8.36645489378265
143150,7.709277497530827
143151,5.9512315823641675
143152,12.829016933132646
143153,4.519443960679519
143154,4.663664255314618
143155,8.029209734160554
143156,9.953747389367265
143157,11.900282188345939
143158,14.565849913869172
143159,10.249222512041024
143160,8.390102408385262
143161,13.15736555313787
143162,8.471585111655298
143163,10.504075065026203
143164,7.142667528937492
143165,5.117812263394096
143166,4.914503298237766
143167,13.184436186171393
143168,9.234709351870197
143169,9.01503526158699
143170,8.878626060882757
143171,4.926718240102443
143172,9.568027793761061
143173,12.314599641494144
143174,8.842900706007978
143175,11.891988772062387
143176,9.517563498871246
143177,12.527577168242543
143178,9.868221784392096
143179,12.087407402990738
143180,9.787632885390884
143181,9.714983939419195
143182,9.468849847797184
143183,9.039445388297096
143184,11.920132351544598
143185,8.169884052909612
143186,13.62305859582822
143187,8.689509730308625
143188,5.964357088775949
143189,13.492921416950328
143190,11.545419246164812
143191,8.343715072133127
143192,12.35066300565547
143193,9.473922962778875
143194,10.455417407322528
143195,7.413223065439214
143196,11.382673637729933
143197,10.98198208257892
143198,11.140248318729245
143199,9.51376846593872
143200,11.869185634141349
143201,10.448188056381317
143202,4.622350135738812
143203,9.486236930745909
143204,12.969832310655287
143205,6.927296584017765
143206,7.272308410260263
143207,5.036674228286026
143208,6.855015484173919
143209,8.835010832644281
143210,9.051363369409342
143211,8.970096918182005
143212,4.849466140713208
143213,8.973820041853815
143214,9.551505484715834
143215,9.467619627892127
143216,8.133652200072456
143217,9.173599386824316
143218,8.28399761872708
143219,8.247811056651773
143220,7.665160246933529
143221,12.628409562923816
143222,8.248658853183453
143223,10.572732553567501
143224,13.185228611602023
143225,11.526471133344222
143226,9.573253505479546
143227,9.804255564335925
143228,13.141238041036422
143229,10.56958122126844
143230,10.62914516462026
143231,14.369385890330827
143232,12.498937201445079
143233,7.7049869537036075
143234,15.641722956142553
143235,8.939405425257045
143236,9.59971394804082
143237,9.586897686685926
143238,9.553961325441884
143239,11.667191831450548
143240,9.589159054052832
143241,13.99358301342846
143242,7.346879581112459
143243,9.528956438059208
143244,11.449204485012084
143245,10.709430805104594
143246,9.498862982637117
143247,10.501509167371484
143248,13.083266297740902
143249,9.4736539512922
143250,9.1676695904501
143251,7.736438991317523
143252,9.122615053045923
143253,15.36389473831583
143254,15.92890301531657
143255,8.545244796636059
143256,12.60482009514941
143257,8.846721967112062
143258,10.910846224202542
143259,15.626913972233677
143260,8.02890476111231
143261,9.801334310558032
143262,7.030624216932788
143263,8.43184333520701
143264,14.153134429889079
143265,7.3089866752117185
143266,9.668638092266729
143267,12.620333588226133
143268,5.9697148017761394
143269,6.7085333590142655
143270,11.226402980583469
143271,7.25060328140917
143272,9.866198689394157
143273,9.283404985240782
143274,11.244005324455708
143275,9.257456125966923
143276,11.227154596767216
143277,10.772477037295937
143278,8.32786575347589
143279,4.8083217780352205
143280,8.788313359849656
143281,15.421914163549705
143282,6.99941820344899
143283,9.312816527488142
143284,10.24715003988159
143285,12.0094870985021
143286,7.905103232422475
143287,7.249677258814387
143288,8.748018839049747
143289,10.925824691595803
143290,8.075482310531186
143291,11.876580781062634
143292,9.009776436344819
143293,6.975737126649146
143294,13.355687928306835
143295,7.698191717810262
143296,8.960665558321413
143297,8.15588049988967
143298,8.540158190077307
143299,9.150612313068878
143300,12.102925765936547
143301,9.16655606413787
143302,10.041685639465644
143303,9.948971142817445
143304,7.690928993704477
143305,9.587189545669554
143306,6.7784552401128995
143307,13.22380683019946
143308,9.682215260657433
143309,11.415281421284215
143310,9.95281075394475
143311,5.943959183540394
143312,11.900079070355853
143313,8.166634870167828
143314,16.38136364133025
143315,12.094311621976567
143316,11.354375994020398
143317,11.496792028211626
143318,6.454450826483523
143319,10.180393682598567
143320,8.221735997722385
143321,10.361876546712697
143322,13.34643318143631
143323,9.796481120175827
143324,9.35656005119203
143325,9.789502326204103
143326,15.772263835032172
143327,14.110033901975498
143328,10.828829561857967
143329,9.810458421518641
143330,7.115440333333632
143331,7.978057712159921
143332,13.600735845522536
143333,9.783551978603688
143334,8.972877319173458
143335,7.083205489096775
143336,10.947535567134338
143337,10.003831806668984
143338,10.354741684237826
143339,12.424890570215462
143340,16.80608174169593
143341,11.653681611131123
143342,14.107629466869529
143343,12.335411490691364
143344,8.589554145475802
143345,9.020161846389929
143346,8.441703608661348
143347,4.877337941744701
143348,10.376470311684733
143349,11.591023100716296
143350,10.804216435712616
143351,12.60025825423963
143352,7.194513644050813
143353,8.302571024487037
143354,8.148221386836582
143355,14.43084725719898
143356,9.789840914377544
143357,10.52391508898088
143358,8.485671918199591
143359,9.938821405561203
143360,11.00623610492083
143361,11.381546315235415
143362,10.37726103308044
143363,10.632678658550251
143364,7.016365939919799
143365,9.553554607263992
143366,8.552993783350278
143367,5.049621784570561
143368,12.385732568098087
143369,6.922059496377996
143370,4.056717517621807
143371,8.958061353872306
143372,10.862647096125112
143373,5.384939080235061
143374,11.401566806697959
143375,14.083777382262713
143376,10.659713078655441
143377,9.352100629819754
143378,13.134838184682227
143379,10.849032032599732
143380,6.624119398727179
143381,9.847178631708847
143382,9.29539486699044
143383,6.313857992702144
143384,7.110138161221504
143385,9.245292967900108
143386,14.19015720287907
143387,10.60699414628931
143388,8.989259282450337
143389,9.517437049177328
143390,7.350594626002961
143391,7.924325697293277
143392,14.669141787735942
143393,6.1882793182985285
143394,9.114330151180832
143395,5.685027832061516
143396,4.4914427279286055
143397,6.513235185204434
143398,8.040063998119274
143399,10.67267267738612
143400,12.0997266944175
143401,7.392844149473859
143402,4.03644217829181
143403,9.132371512353565
143404,7.315329867995041
143405,4.406169627475897
143406,6.188407665216618
143407,10.41927151817529
143408,7.592362345929912
143409,10.040464429412747
143410,12.423450876323116
143411,14.629562784418422
143412,7.685337157778752
143413,18.303021575965452
143414,11.751862740645374
143415,8.210286378623357
143416,9.942403954478253
143417,11.273279805552075
143418,8.995317187125348
143419,9.675416380429555
143420,10.018156764921885
143421,13.451613550512235
143422,6.8620325551050145
143423,6.640975821786176
143424,8.075783188925184
143425,9.812916524620757
143426,7.610810797724973
143427,7.934989964364315
143428,9.003845624510467
143429,7.301964860557734
143430,7.8724945313198305
143431,9.962661541390373
143432,14.781466992976686
143433,9.074318049679789
143434,10.617079618125738
143435,5.747490620026964
143436,5.387758569651541
143437,9.39505924039704
143438,8.606262562136548
143439,7.1561300591126855
143440,7.492499662855144
143441,13.146099799206004
143442,10.364147060193261
143443,10.230081557634403
143444,8.998953685008356
143445,8.317897393817185
143446,10.700242842929038
143447,13.317523643944526
143448,11.14226961817791
143449,9.841660680166518
143450,6.253373936572357
143451,11.173876689252939
143452,7.748575360455982
143453,7.6048526817687705
143454,7.219440859009117
143455,8.805253620502912
143456,8.493216185599572
143457,13.60728581810136
143458,11.6066749807764
143459,10.596831856532397
143460,9.402988768676625
143461,6.1673130505696125
143462,10.657007424114909
143463,8.956303184931674
143464,11.051403854643379
143465,10.68482037004819
143466,5.007297179535926
143467,9.65713490017141
143468,8.472731710331647
143469,9.37547280019222
143470,8.006187263676308
143471,7.19808539326975
143472,7.154340638484358
143473,12.398350799788506
143474,11.989470098524771
143475,4.292315897140183
143476,9.974034092425288
143477,7.641077284470169
143478,10.803495466415878
143479,10.791997899598304
143480,9.438813906214225
143481,9.78500030781171
143482,11.070174517708896
143483,10.053845339879356
143484,9.19343763660601
143485,10.585100711406444
143486,11.074826057538052
143487,11.900853655056114
143488,11.452508638183303
143489,8.78290264919433
143490,10.739395412552827
143491,6.261658891986896
143492,10.663579927668154
143493,8.521158694491834
143494,5.672856614735496
143495,9.752090727916638
143496,13.47985192778942
143497,12.945517618982354
143498,9.669673232095082
143499,10.572725663965066
143500,9.371319058805646
143501,11.783148963508433
143502,14.55003995565435
143503,11.531380188354973
143504,10.007404433219198
143505,10.079676503786136
143506,9.388862546443216
143507,7.947201286760629
143508,11.130397737835635
143509,7.903191743468653
143510,6.8639836014155815
143511,17.984930474472627
143512,10.157442174594143
143513,5.071964706015541
143514,11.910163295365962
143515,6.971037780651615
143516,8.381744977863443
143517,11.376041159316403
143518,5.599334908848327
143519,9.01857258150791
143520,10.324744524995555
143521,9.291145150717439
143522,8.599254676585575
143523,4.660721050042946
143524,8.307993958427545
143525,10.382889969092082
143526,13.24345807910257
143527,9.721648398772272
143528,9.806064703076014
143529,9.089046943652178
143530,9.565890502835183
143531,7.153274765479681
143532,11.531582517378377
143533,9.770815348711697
143534,10.45400895594643
143535,15.7225109273258
143536,12.44656423261634
143537,10.054303931414415
143538,8.289620986641998
143539,15.45782298433638
143540,10.961981335055073
143541,5.109661907098248
143542,6.880493921647577
143543,9.963180210115826
143544,8.836397818680188
143545,10.164837767957682
143546,5.258046922779987
143547,8.996730655712529
143548,8.533718955502325
143549,8.532932469460308
143550,8.041468912811041
143551,10.23262866536866
143552,10.184665283070558
143553,11.86340839414647
143554,9.106157974474405
143555,9.44525371866438
143556,9.51089771930822
143557,6.9418003011245375
143558,7.199357602993648
143559,11.63338261504507
143560,11.657362340272183
143561,8.512106921945596
143562,7.035721987117576
143563,9.38279176330335
143564,13.765669557056992
143565,11.555840638313123
143566,12.489509306347587
143567,8.926213514560601
143568,10.113467906027106
143569,8.46544173082078
143570,5.975627577966696
143571,9.396131082887353
143572,11.811791511028158
143573,8.666085725608403
143574,6.565976085636821
143575,10.132964712634429
143576,10.093155485252979
143577,7.043261476015195
143578,10.080039487175673
143579,6.604679356657575
143580,10.007008943854496
143581,12.171123090742057
143582,11.593145782229177
143583,10.169719247584199
143584,6.245309216889746
143585,12.262767412827287
143586,9.702086645693534
143587,11.012188705874962
143588,6.49836812521941
143589,5.554275993716009
143590,7.704856560870972
143591,10.94233972249437
143592,7.428204300133261
143593,9.576451511000299
143594,15.67717314097925
143595,11.893036210599472
143596,10.077658604468525
143597,8.733120490775363
143598,10.44843695979368
143599,12.354101995143534
143600,9.28588254242084
143601,9.947743487272998
143602,13.032910907245462
143603,4.484288018074915
143604,10.865311576089455
143605,9.971488134714296
143606,9.155394257788027
143607,6.18689505289675
143608,13.149592977246332
143609,9.130434865046624
143610,13.094343869921536
143611,7.93132599724071
143612,6.689313508251291
143613,6.036933136724675
143614,12.106765602041042
143615,10.206983349842899
143616,9.152230993877511
143617,10.450932325653758
143618,12.074051362229975
143619,11.108848802818232
143620,9.88086619692082
143621,15.179093089820515
143622,5.495547694210789
143623,14.149422066552978
143624,8.840710574510044
143625,10.139767460796005
143626,9.661561441972559
143627,10.25954855518226
143628,12.659479500917936
143629,8.265565643523292
143630,11.866012282424764
143631,10.763870731402779
143632,8.871621420579459
143633,16.02306205135082
143634,9.864499558416313
143635,8.840195302379854
143636,11.559206114999567
143637,10.779230356129471
143638,10.99976345010856
143639,9.111073900399917
143640,11.017690425916218
143641,13.182523629045312
143642,10.807267504947069
143643,8.671267533423617
143644,11.441971314944988
143645,7.036856053743098
143646,9.776272756035485
143647,10.309105956717907
143648,9.736940640466987
143649,11.55512870500992
143650,9.16310261876438
143651,10.227560156183632
143652,13.4024258091542
143653,10.658561414932326
143654,11.85779615719656
143655,9.822433814904922
143656,11.238556671570072
143657,7.520413861808954
143658,7.533707639187516
143659,16.94844501669158
143660,10.17212674678378
143661,7.1433557156397
143662,9.566796410105395
143663,11.89310031105514
143664,11.244555009678379
143665,9.688229047814978
143666,8.793455805761866
143667,9.099410474421157
143668,9.5237627676188
143669,11.883961224847386
143670,8.941820304430186
143671,11.031648173888907
143672,5.775048843304939
143673,6.280071401251555
143674,5.996653124758777
143675,16.965217295592954
143676,11.653089643639547
143677,9.963316015607605
143678,4.5815404293691335
143679,7.152083086485957
143680,8.276730038379249
143681,11.654448766837069
143682,8.533028013212359
143683,9.208039029373847
143684,6.774776323442282
143685,12.23871682317596
143686,12.424066274191958
143687,12.143464223946337
143688,7.53945388673597
143689,9.863282637720946
143690,7.509208665736857
143691,10.803169500228423
143692,5.16515226226471
143693,12.686062401468947
143694,11.721314459406504
143695,10.646918887316854
143696,10.59990901707946
143697,10.177427321042504
143698,14.282272000988343
143699,11.784957666613128
143700,7.692257771746945
143701,4.375372461539296
143702,10.215513649014754
143703,9.321765483263873
143704,7.660910256795736
143705,6.907983629631724
143706,13.438568091974854
143707,10.295083051317416
143708,7.970288297526624
143709,11.638681794019536
143710,10.608332838618471
143711,17.721170231368525
143712,11.259254254038712
143713,16.289504843301554
143714,14.089215561089043
143715,4.381321377028437
143716,9.56765280841461
143717,9.372181219490823
143718,7.08060927173239
143719,8.80088482466731
143720,10.04865561857599
143721,8.675795293563967
143722,12.126942231476768
143723,10.540137795487393
143724,9.570499430514456
143725,4.582588459334721
143726,11.26755368493817
143727,9.518313872113506
143728,11.630993196180922
143729,13.49487514795626
143730,8.136141448350406
143731,12.732134900538076
143732,11.665428889255983
143733,10.605177544979657
143734,9.347770755709751
143735,6.768859654301994
143736,10.091616617481673
143737,11.366403319902236
143738,13.623746257758153
143739,9.83369457859509
143740,11.41834885064398
143741,6.894159102781477
143742,9.978943325282591
143743,7.55585047076355
143744,7.501275262378654
143745,9.957828666260244
143746,7.896936784090082
143747,9.481247685733198
143748,6.818180656239552
143749,7.271945975401768
143750,11.013640576480299
143751,6.517791726580533
143752,11.964769820941049
143753,8.514999940514127
143754,10.294920734883336
143755,9.86286233804302
143756,8.88622960369044
143757,7.994004459419239
143758,10.360946096925959
143759,11.390708231761645
143760,9.643592672625218
143761,6.4789978241981405
143762,10.489707626044767
143763,11.901958159223971
143764,10.060402500394762
143765,12.132352701172431
143766,7.89564614487725
143767,7.383569413087917
143768,6.254735649799517
143769,11.709041373100426
143770,10.686682545175515
143771,9.62776093558067
143772,9.416391677552273
143773,7.641344983611303
143774,11.332754241086326
143775,8.793656794364885
143776,8.481833504519424
143777,9.315643168786092
143778,13.647333669326022
143779,7.045219524388758
143780,11.792824211795647
143781,7.706652718472526
143782,10.181279678340863
143783,9.526349142636722
143784,9.913484824119099
143785,11.230370358750108
143786,11.118886261042196
143787,14.984530418394687
143788,9.525054156481124
143789,10.188095008767828
143790,10.311580760318988
143791,5.057125666758096
143792,8.336228266199914
143793,8.27775995230673
143794,9.928970837696308
143795,9.919815625616547
143796,9.99892660131096
143797,14.662531340987243
143798,9.189317469101619
143799,6.014015200528587
143800,7.179288791967349
143801,4.308777439610078
143802,10.481792098311171
143803,8.985433322107498
143804,7.226965220609097
143805,8.691289767287781
143806,8.733806042490643
143807,11.901776170078938
143808,10.346073717063643
143809,11.465631513241394
143810,7.3306589352380644
143811,14.653277384690034
143812,10.72910993702462
143813,9.490740901488918
143814,8.376227680430953
143815,7.880956913628412
143816,11.086889473448556
143817,9.513890591839047
143818,11.192041473369418
143819,12.667645942612342
143820,12.067160629202839
143821,8.211639812195475
143822,9.80680186122915
143823,10.145622733949756
143824,11.47348310565167
143825,5.939872311218955
143826,10.01707976443268
143827,10.67958746437223
143828,6.649554349045417
143829,9.686418616908876
143830,9.824113188094707
143831,6.380631450849231
143832,7.218731730985648
143833,12.221809745150233
143834,8.374512881329604
143835,8.787965931785983
143836,7.294065850253522
143837,11.405302231605294
143838,11.445783878393412
143839,15.391447631864498
143840,6.5903079925152594
143841,9.212035871778049
143842,6.938270517532776
143843,6.347109867829482
143844,4.7006497746080145
143845,6.506324695077292
143846,12.586654861179216
143847,6.989932091965295
143848,10.291722031287645
143849,9.01120567962421
143850,7.985380805548141
143851,9.36092399275802
143852,10.28573807391324
143853,10.00982777098805
143854,8.76870365414003
143855,8.07305265314495
143856,12.016455140163012
143857,13.708756840955488
143858,4.88050478359718
143859,9.550745890907052
143860,5.8952957358911755
143861,7.227993976378362
143862,11.157073510055781
143863,10.194217403821742
143864,6.954341077338232
143865,9.165488038399896
143866,11.605105972548644
143867,5.708563844631976
143868,7.697756693656433
143869,8.872044472331908
143870,7.544238468321706
143871,10.044663976300077
143872,7.08430775271479
143873,6.7453905515868495
143874,9.363594007676031
143875,8.84951781801389
143876,4.483378143658423
143877,4.365586461251088
143878,9.077387355272451
143879,10.095804589513737
143880,10.381910185692
143881,12.998031495910485
143882,8.746485744773224
143883,9.213226394424291
143884,7.417716359334925
143885,8.165604408824127
143886,8.152440267225876
143887,6.697207445853385
143888,7.3592072481075705
143889,7.312265070776512
143890,9.467830866706645
143891,9.777011576344993
143892,9.133736661300487
143893,6.919174215753186
143894,8.940728109848209
143895,9.329144729801
143896,15.323896867689209
143897,6.201609955054878
143898,6.791692290863216
143899,9.719073227802392
143900,8.634387470207361
143901,9.839876548926899
143902,7.624968290939464
143903,7.52206430379853
143904,8.214071565451766
143905,12.30579328657466
143906,6.201628020151114
143907,14.112270360486363
143908,9.283071776260513
143909,6.583006329067222
143910,7.871063638610105
143911,6.998008096658242
143912,11.028264999432887
143913,11.054849421034834
143914,6.782899549608959
143915,10.429495585291653
143916,8.616553729624874
143917,7.122729449592155
143918,9.408302657281254
143919,10.615429672292818
143920,9.579765401193786
143921,11.712683428147232
143922,4.998349874587202
143923,11.587870672174445
143924,9.563876854912095
143925,11.635099863794562
143926,8.625898485261601
143927,9.45025940689965
143928,14.350907782888664
143929,8.082266321115911
143930,12.47872184848922
143931,11.568465645242137
143932,6.1109514071681685
143933,9.780087580216804
143934,9.552402870512491
143935,9.00321025615526
143936,9.00954954997875
143937,11.653442590198352
143938,10.660991669210446
143939,8.346007033294745
143940,7.562427183050405
143941,14.985491542754175
143942,5.207385917693363
143943,6.2392926241639275
143944,8.18650680911893
143945,12.178105085615869
143946,9.942505663007868
143947,9.38746934862385
143948,8.443911688111566
143949,9.460316947680214
143950,9.107147387202188
143951,10.05585740811051
143952,7.187897654817471
143953,13.0824369370374
143954,11.161169802293093
143955,7.142277576695028
143956,14.565444064992084
143957,14.058793051879906
143958,11.698908660658372
143959,9.11446732468356
143960,9.788449382978595
143961,11.702152092027799
143962,7.23730307935718
143963,10.244635692694365
143964,12.858589093315938
143965,9.493692572294407
143966,7.236826319664385
143967,12.494988096477625
143968,10.051226851850046
143969,4.88907868303914
143970,9.463278406713732
143971,9.554131652417077
143972,10.097995367259651
143973,14.714906770150662
143974,9.438093459564385
143975,12.181195872901545
143976,12.085519503264587
143977,8.126089791267724
143978,10.013021141061433
143979,9.514335611791939
143980,7.669959437470595
143981,9.685058651036279
143982,8.696166478292762
143983,7.29802402998377
143984,6.561430990820876
143985,9.33616321044892
143986,8.292369080365049
143987,10.724304694417416
143988,8.73129539766362
143989,11.867448071838455
143990,8.80017135336771
143991,10.772147185079511
143992,11.010099615594445
143993,8.826416723074832
143994,9.20820439796402
143995,8.331206501088579
143996,10.33389160291389
143997,10.244444709808343
143998,7.191767278150381
143999,15.948269176949799
144000,9.7275367641366
144001,7.124104314583467
144002,8.913517158430237
144003,8.512719191283102
144004,11.849126746035108
144005,9.622938993728072
144006,14.581941414478512
144007,11.513427147407407
144008,15.257659551846576
144009,11.313008012735658
144010,8.477438549890222
144011,8.990569051135171
144012,6.831624065830849
144013,8.796958757921443
144014,7.180217189297539
144015,11.94945903415808
144016,9.573517694362067
144017,16.39986553077228
144018,11.683956771278588
144019,8.425505977754414
144020,9.804276875201214
144021,11.00703996935854
144022,9.769635861739738
144023,6.89295998505478
144024,10.123948039488504
144025,8.374890039657279
144026,10.15488019103134
144027,10.03418217739563
144028,9.119640439183357
144029,7.142512333442158
144030,8.284517236410215
144031,10.559358013330112
144032,8.711320010487674
144033,6.616862899136971
144034,11.644497083228615
144035,7.061914011100124
144036,16.41908257497669
144037,8.299249928210074
144038,10.210786064403996
144039,5.823691671296567
144040,13.823277247895309
144041,10.100245699561253
144042,11.766479534590871
144043,8.246946228244308
144044,9.90223279743206
144045,12.048420997100122
144046,9.709758886821806
144047,10.415222952593489
144048,8.941248923790145
144049,7.118576814502616
144050,7.012750581512013
144051,10.808111987157002
144052,9.54139117979122
144053,10.187400307261205
144054,11.936276255074526
144055,9.458536888427787
144056,6.479320425969425
144057,7.505619932690012
144058,17.092457687263636
144059,4.619859053368686
144060,6.69523181924375
144061,6.129714724041865
144062,9.290366759870636
144063,10.000962319288377
144064,8.982285013745761
144065,11.126281590585299
144066,7.153551445039033
144067,11.370724551401182
144068,9.871893328365198
144069,8.037729486318646
144070,6.262541087024095
144071,9.32257685294893
144072,7.958165412069457
144073,10.044085239962303
144074,6.529194203403442
144075,13.078126028843645
144076,6.938671991570734
144077,9.442591208698738
144078,10.170956902035392
144079,7.378155258722332
144080,13.424978397299785
144081,8.630710615619071
144082,18.18258884874374
144083,7.842380093550291
144084,14.460638530586044
144085,14.65717462665287
144086,10.592561392042034
144087,11.609890442388188
144088,6.412708308258024
144089,14.078059835884455
144090,7.543227229838988
144091,6.628252107537447
144092,8.896233469111632
144093,8.947896415169012
144094,10.486521011058171
144095,7.791402884424363
144096,5.080109761777426
144097,8.718121161607957
144098,13.175994251267275
144099,9.353439287647792
144100,11.067039238191061
144101,8.820967549767474
144102,10.746225994004435
144103,7.781476522854993
144104,10.505518255439407
144105,8.44020925526157
144106,8.54664705387373
144107,9.581740198815849
144108,9.244265634857324
144109,10.318839713545737
144110,5.645810042427826
144111,9.001049060626354
144112,6.882884531351628
144113,12.106215062352828
144114,8.302619562716822
144115,8.56264716296347
144116,9.31604174787098
144117,13.300336338745979
144118,10.102443650624377
144119,9.486206752823746
144120,11.711810014311295
144121,9.143524904261685
144122,9.233085496028675
144123,17.05405926754234
144124,7.193121541652087
144125,5.973121506290599
144126,11.786456094068582
144127,9.766456204213322
144128,9.015514123408035
144129,6.906349093179789
144130,11.315501834226367
144131,8.992023822372714
144132,11.577615589491261
144133,10.431491279940994
144134,7.02495644461506
144135,11.416699038559539
144136,11.17684788747658
144137,7.62083836869148
144138,9.489852675551248
144139,10.191266638572063
144140,6.396261472003
144141,10.780963470327157
144142,9.7372601651559
144143,8.838814841952804
144144,8.603886372022492
144145,11.400935052593017
144146,8.473263217230118
144147,8.92247878411203
144148,5.702201136408828
144149,10.209305340686317
144150,9.278898958236157
144151,7.557657231303464
144152,8.678272224292545
144153,11.638266413515773
144154,8.976419429051333
144155,9.278880413538886
144156,6.026634570805034
144157,11.758353323653328
144158,12.370719300932654
144159,8.46786320547567
144160,9.25854928433688
144161,8.178805455592686
144162,6.73758821404041
144163,7.931740604465179
144164,8.383890695738803
144165,11.469164908703924
144166,4.1739497462607815
144167,9.39359974727529
144168,10.425029668151717
144169,9.10342136011324
144170,10.168660017008584
144171,11.33923453729857
144172,10.324449565102315
144173,12.627939302545585
144174,10.113422136633973
144175,15.44436224687595
144176,10.645844925202564
144177,9.874481966349267
144178,11.576828160512346
144179,8.065380585860105
144180,13.627004031330145
144181,8.47454903910965
144182,8.96317983886777
144183,8.594814168880877
144184,7.465562502156975
144185,16.1951474347808
144186,9.164672447665676
144187,9.370874841957425
144188,7.7749446344274205
144189,9.48683243490036
144190,10.76691662625935
144191,9.95669186940296
144192,8.292649165717332
144193,9.584502522305822
144194,9.342119920712799
144195,10.061034211210494
144196,12.171426545157493
144197,9.01322591030968
144198,17.015697159218547
144199,13.597628414723214
144200,12.87467197743329
144201,9.752155297881831
144202,8.11348375640696
144203,8.982449951244726
144204,16.28595482743295
144205,5.863283498373978
144206,12.293574186737466
144207,10.300758356151443
144208,11.521988836094772
144209,6.587933037610499
144210,6.627459940870376
144211,11.793332401402148
144212,9.433761304301797
144213,7.573877389618159
144214,10.168749356628497
144215,6.193347984202946
144216,9.453448992360192
144217,7.080639279740689
144218,10.132848265622348
144219,9.517847276433036
144220,9.672177632943269
144221,10.752814991432938
144222,4.904918803284982
144223,11.613584780366272
144224,8.792562692793586
144225,4.365577298678039
144226,16.241611287214038
144227,6.203799277689113
144228,8.581474844978194
144229,11.086572466130276
144230,14.176329962079844
144231,8.085763322681307
144232,9.069137112656284
144233,10.431273093681138
144234,9.457496552517657
144235,8.593638814766424
144236,9.626123148613567
144237,9.085541505969033
144238,10.166382789302405
144239,7.951209767197605
144240,12.999574110979363
144241,9.380824593516124
144242,12.694876162071623
144243,7.521350059192665
144244,14.227368344887543
144245,10.697469183292856
144246,8.854167228676214
144247,6.236982985929713
144248,8.196624165558697
144249,7.3282076197385395
144250,9.843814842750998
144251,8.910123635815658
144252,7.003618947804628
144253,6.634071454560027
144254,8.787086864650956
144255,9.744851654574491
144256,9.55018993464679
144257,9.053677252634184
144258,12.267266660927543
144259,8.283356795450292
144260,10.472980078134714
144261,12.512063377948182
144262,9.54547182403588
144263,6.720373102108008
144264,9.530721129744324
144265,10.066483539988154
144266,7.978111911767916
144267,6.5755132316224465
144268,10.810717143076014
144269,8.570946312160318
144270,11.246837418361746
144271,14.140648608872178
144272,8.11252276621905
144273,10.55661088922665
144274,5.349044495461678
144275,10.882064352681335
144276,14.48774897629609
144277,10.78420131515578
144278,6.596387497957359
144279,10.0725879534269
144280,9.261275654133911
144281,10.191374792319055
144282,14.92337547676029
144283,7.478894719749152
144284,7.9022628436554765
144285,9.903160877054033
144286,8.456349664527776
144287,10.975823702198113
144288,6.498982030934934
144289,12.110042547820532
144290,13.715943861525053
144291,5.108073837639301
144292,11.969928665850885
144293,18.02716489077303
144294,12.101214726114453
144295,8.76797528077659
144296,10.588432077483102
144297,8.629749753691508
144298,7.430397197738505
144299,6.279076783647974
144300,7.302604217155263
144301,4.106363863870069
144302,11.702129407216734
144303,11.043549460657388
144304,9.081344699277656
144305,9.003196404112563
144306,8.993466121846277
144307,15.17527015404903
144308,8.218633371849641
144309,7.145112891252327
144310,10.916917426554622
144311,9.110326232858545
144312,10.843920903839184
144313,12.08555956342478
144314,9.321364982013774
144315,9.347314444366916
144316,10.407547604754251
144317,9.424685188259371
144318,9.996198508404216
144319,9.52514734734373
144320,7.1641539610718725
144321,13.605974792583115
144322,9.46680133977636
144323,9.175554551926522
144324,11.459559152972957
144325,7.154079155277175
144326,10.256327115100836
144327,9.197638570726765
144328,8.220119210855685
144329,8.178276880002077
144330,8.435049104593816
144331,7.196227012207489
144332,9.210011027335208
144333,8.55919800158971
144334,8.586173207368628
144335,8.730038915626412
144336,7.662770429293272
144337,7.589874213655099
144338,9.991118921385809
144339,8.245223924648938
144340,9.66142084891647
144341,9.527562963374706
144342,7.456800542655851
144343,11.915367385418872
144344,10.51531367830954
144345,7.977755384960844
144346,14.294230877565855
144347,13.849717894554653
144348,9.312698731993462
144349,12.02026804742012
144350,8.854577870812582
144351,9.975279454208058
144352,7.918030837288896
144353,8.46167805272457
144354,10.831791746027738
144355,16.247697448118636
144356,8.728357841835091
144357,15.150256061733137
144358,8.960187401490035
144359,5.3783583226928915
144360,13.979638907494532
144361,9.426110948280307
144362,13.525714524974584
144363,10.88152556412784
144364,11.942289547134065
144365,8.966166327682778
144366,7.033690885912297
144367,10.799194467950777
144368,11.162898382922753
144369,4.021832775730912
144370,16.434127701883636
144371,11.483960400188018
144372,6.46435821396056
144373,7.715880249157246
144374,10.778566365590128
144375,6.780581608500773
144376,7.2248614650812355
144377,10.670914587579173
144378,13.515001853451697
144379,12.845722134697898
144380,12.206448639505817
144381,7.530450512731031
144382,10.554300342760376
144383,9.688457060340737
144384,9.82648158992743
144385,4.0521835785160665
144386,13.457515956887766
144387,7.306043594923942
144388,13.36559245245686
144389,7.821534930009305
144390,8.1772383817577
144391,8.809760079994511
144392,9.04851178458566
144393,15.102577739897757
144394,10.799583629597356
144395,7.45903447654584
144396,11.102501302362787
144397,8.758702490513866
144398,9.244493166066288
144399,14.504854552823236
144400,6.899480228787735
144401,7.569776531129402
144402,7.0061273250732565
144403,4.108576152517392
144404,11.216127545720255
144405,8.446263507540147
144406,10.187016383297962
144407,10.199520275180328
144408,11.174041595649106
144409,11.265592758887646
144410,12.59791995300595
144411,9.298035517957407
144412,11.366387786384276
144413,15.207069665349374
144414,12.13869227817791
144415,10.641177343246518
144416,10.153593121509436
144417,7.127029505799632
144418,8.474501673282171
144419,7.049607292222264
144420,11.983447097254619
144421,9.555788576534718
144422,7.91033256904156
144423,9.126856844145498
144424,10.316956068023746
144425,9.1644120226475
144426,9.863339568432353
144427,4.30354865841853
144428,10.809577916457693
144429,12.999346230801063
144430,10.61901926768275
144431,9.222738575492656
144432,11.19070820042985
144433,6.185994811720542
144434,7.578187891217334
144435,10.673440642773437
144436,11.967399823517505
144437,10.597956397159527
144438,9.320712002070687
144439,12.24327097306958
144440,7.893244202737208
144441,6.9248019289883995
144442,8.10223885743656
144443,8.96250938198915
144444,10.85462646570213
144445,5.296362312248394
144446,4.251709082346929
144447,9.927151104717108
144448,16.40264477406547
144449,8.183622623045112
144450,10.975965760432352
144451,10.060425547148423
144452,8.194279682733475
144453,9.081186687314833
144454,9.620580978887844
144455,9.321311853197596
144456,7.193051952274264
144457,13.18323501721641
144458,6.743644890316776
144459,8.823598262670924
144460,10.848183023367113
144461,7.85441542229276
144462,13.174882141670974
144463,7.342286138441928
144464,5.817651789104161
144465,12.173415908697487
144466,8.822812703909557
144467,8.25139739703183
144468,14.163566161670541
144469,9.098347871410713
144470,8.53432399203457
144471,9.603006619831268
144472,9.308491698012254
144473,13.757457673384229
144474,4.581951285217427
144475,9.168245155676846
144476,8.788007581116151
144477,7.438413044010501
144478,12.037753354861888
144479,6.635435297965363
144480,9.539747769779703
144481,7.205705219127009
144482,10.612419355005212
144483,9.322005012008201
144484,7.803428314052406
144485,9.585472621951727
144486,11.291287451527978
144487,7.2786210345739875
144488,9.76457689057533
144489,6.917097411277656
144490,9.411731988929827
144491,10.298437234924485
144492,9.443631309845424
144493,8.632926633861192
144494,13.36667520988541
144495,10.178516698168853
144496,9.521890368907124
144497,5.719433702184207
144498,14.744917675807267
144499,10.095044457513147
144500,10.759283010402175
144501,9.332548267433982
144502,14.892163160638052
144503,10.22751001320717
144504,11.930576619156456
144505,9.62854197159275
144506,6.476725056062858
144507,7.734567220054681
144508,16.65738477263657
144509,9.921188232080947
144510,9.336635194999529
144511,8.822167198566579
144512,7.069245301906937
144513,9.908059465740399
144514,8.431746173658478
144515,7.3083273997081575
144516,11.102047331205423
144517,6.443691712632754
144518,10.414897860346382
144519,9.846031591440411
144520,9.27171895153305
144521,11.433308781915159
144522,9.078344337992345
144523,8.755066258024353
144524,9.663270087479196
144525,8.687108438155807
144526,9.64516861994736
144527,13.693876107765226
144528,8.531633464287676
144529,11.738534992486567
144530,9.230856419758144
144531,13.72751217396954
144532,10.607246365851463
144533,14.665026061834089
144534,9.360680513331635
144535,10.781390283008458
144536,12.814635006872805
144537,9.01053568496922
144538,12.12345650417231
144539,8.789164522479393
144540,10.568083599691738
144541,9.894865000935152
144542,11.36578802211104
144543,9.85234715498387
144544,11.561401331606337
144545,7.463758763967192
144546,15.66257548110384
144547,8.281742999633149
144548,12.907502670987466
144549,12.481660207338912
144550,12.044220034105473
144551,6.319908159166301
144552,10.525816144962365
144553,10.977318244254004
144554,13.739498858201369
144555,5.9405184533193545
144556,11.292079326905682
144557,9.419623534721971
144558,7.433851093748608
144559,9.261922488280216
144560,7.835792428914563
144561,7.34104515046983
144562,16.283808803996806
144563,10.707002644262994
144564,5.81814954670719
144565,7.961990212961737
144566,10.33828977529432
144567,6.87614808113742
144568,9.193123311937086
144569,4.563741069525137
144570,10.402041782912947
144571,11.693884736756033
144572,8.264426047062855
144573,9.01444770072197
144574,10.501348394049439
144575,10.771476849893194
144576,7.462478480247628
144577,10.547201562429596
144578,12.311715078591142
144579,9.485268253169874
144580,12.673490316187468
144581,7.464508493681819
144582,7.027588029991074
144583,7.076850144426752
144584,8.621215895095547
144585,7.073665850028578
144586,8.77843499209825
144587,6.0087377498645775
144588,7.4819742404010325
144589,10.975940388453141
144590,11.30328791779062
144591,7.892530450278585
144592,12.313823513415466
144593,9.686187681468347
144594,14.211099726693712
144595,9.462372732743443
144596,13.906843844942827
144597,6.842989612275415
144598,11.6857408539035
144599,10.351757620787305
144600,8.258888860286662
144601,14.537408740923166
144602,7.547134397888868
144603,9.414690015521483
144604,12.46842150312767
144605,11.945566823511495
144606,10.789830269111363
144607,14.777004131069102
144608,12.317784751741092
144609,7.6586219257293155
144610,8.766917140619064
144611,10.934886376357777
144612,6.7077418975966925
144613,7.5586130806393665
144614,7.646461985706443
144615,10.359648228858257
144616,7.393111167077369
144617,9.913979365411029
144618,12.850479667698641
144619,10.768020257960718
144620,11.107566035869137
144621,7.688227569511329
144622,14.337785230332855
144623,5.380255210761655
144624,8.866948983863294
144625,13.439338731131377
144626,10.033297268439586
144627,7.597535890127662
144628,17.875872815516377
144629,8.319445628901937
144630,8.286414496467335
144631,6.975686805519421
144632,7.400859333265318
144633,9.932889416283404
144634,9.829073314205509
144635,10.27436297281626
144636,11.258802015785182
144637,9.36145787692248
144638,9.331875291730672
144639,13.892409453971606
144640,9.223256074768209
144641,12.371395970281801
144642,8.431679719925652
144643,9.638546225517265
144644,10.205398432045957
144645,6.666587742004336
144646,8.920581748627528
144647,7.513280818307775
144648,11.24132667904045
144649,5.181889005928085
144650,11.021668626629197
144651,8.703343179418649
144652,10.019460262096786
144653,9.38728420368279
144654,11.198325525149498
144655,4.3564044337622745
144656,17.361086830096333
144657,11.445713537024242
144658,11.340663190800667
144659,9.583366686396824
144660,7.840657298785987
144661,9.949510971075208
144662,12.734755845373773
144663,12.317719500847563
144664,8.04745801316865
144665,11.056080587839165
144666,6.503428005019879
144667,5.2951863119011024
144668,6.538151233438493
144669,11.316229834701902
144670,8.01586360685754
144671,10.153482865257423
144672,6.940177474097188
144673,11.516545584988378
144674,8.085028718625464
144675,13.123152320398148
144676,12.049454159791477
144677,6.946253050377178
144678,8.106585427267444
144679,6.658992413406423
144680,6.7262116267144565
144681,8.006810506173304
144682,8.904158081360169
144683,6.738123655468689
144684,7.703675534022255
144685,12.32166945768733
144686,7.4288748422944595
144687,13.034444885899495
144688,11.52468630681982
144689,5.649882798606141
144690,6.03830371286675
144691,10.163824003899489
144692,9.224696134128497
144693,10.639288054096209
144694,11.512788321302596
144695,8.715392266157163
144696,8.464353238422268
144697,8.873493186683161
144698,8.403155926514636
144699,10.162388811718419
144700,11.901399799320986
144701,7.3828584718775945
144702,7.823180401100652
144703,9.03664479720481
144704,8.27167207086045
144705,15.577299695399963
144706,5.802672422551036
144707,8.199945263209026
144708,8.321839691673949
144709,6.78059686790659
144710,7.702036008993393
144711,7.02948470561674
144712,13.237960266691235
144713,8.022044372749008
144714,10.614714989524174
144715,5.8411014880789
144716,7.490827617694488
144717,10.434158984292523
144718,9.134598252141444
144719,7.773343133026586
144720,8.596144745813874
144721,10.161350866937301
144722,10.345600584774667
144723,9.777891659814198
144724,4.638940651503395
144725,7.6176551958213325
144726,12.333304032832032
144727,10.021153459019592
144728,9.466514264911975
144729,11.02166367361787
144730,6.904256116155698
144731,15.209919802817344
144732,9.515185335951974
144733,10.437861732818924
144734,15.546338457325993
144735,12.251344119048529
144736,6.939271684334395
144737,10.937004405960126
144738,6.578708936752724
144739,10.360535103210605
144740,8.593563681894953
144741,15.554387872936147
144742,9.429580104554923
144743,10.643781008728004
144744,15.101455084582565
144745,13.273157976453518
144746,10.465857210089515
144747,11.802348331291283
144748,7.177271065802556
144749,9.885109296949768
144750,8.648208641893039
144751,7.507306608995722
144752,8.461254679416028
144753,11.450495131669905
144754,10.386914839966115
144755,13.225075723607432
144756,11.13837053948491
144757,10.41773158628051
144758,14.232207718681156
144759,9.768098748911674
144760,10.459261780655371
144761,4.434786271113577
144762,9.436055715358547
144763,6.343777949008647
144764,6.177240630122315
144765,11.728934490917727
144766,9.62788939817962
144767,9.697606450995082
144768,5.515760910023283
144769,10.09490594736825
144770,17.855514145800722
144771,6.415367237956568
144772,8.303189379722522
144773,9.385229285795399
144774,14.273772030270004
144775,10.71273096151033
144776,8.937319013102655
144777,7.499025753725175
144778,9.52804974928876
144779,8.505115238625248
144780,11.35140892108656
144781,6.972149504669145
144782,17.11633633515363
144783,9.392646802316602
144784,10.546936261063788
144785,8.40132909372878
144786,12.32221691744434
144787,6.899232840286989
144788,8.324174253736567
144789,5.368147525342279
144790,6.678478816648271
144791,13.499787582272756
144792,13.970188349025298
144793,7.345590244619217
144794,16.06765534980493
144795,6.5447770341873
144796,7.7156618665023755
144797,7.8793307722549
144798,9.761062498156665
144799,7.086001327482856
144800,9.699101432418262
144801,7.864288135585182
144802,9.127341334901883
144803,14.706885556754386
144804,7.8472428769831
144805,8.212748925041613
144806,10.110212186472875
144807,18.795692950232407
144808,12.28725421692743
144809,10.17278406897104
144810,10.527059443588417
144811,11.673652087341548
144812,14.868392581202475
144813,10.941540715369035
144814,13.278078452917692
144815,9.905631330636194
144816,9.623583146356387
144817,14.272590537101971
144818,11.890868017210918
144819,5.554812523844909
144820,5.112191007581373
144821,9.432879430523695
144822,10.906525171098403
144823,6.946842713878583
144824,6.117190666485268
144825,10.172572057596483
144826,10.24128486208704
144827,10.40260727483705
144828,4.026541460890352
144829,12.364893081194689
144830,8.471123841638766
144831,9.941546687398011
144832,9.666260680554192
144833,14.250409605900733
144834,10.072243983326604
144835,10.301495438988074
144836,11.951974798936396
144837,5.813337343937599
144838,9.406836258649806
144839,8.775576528299055
144840,10.527314708469598
144841,11.698310736118476
144842,14.324867816466456
144843,10.148400288849846
144844,11.791754004157069
144845,12.469422361723565
144846,10.596037533446093
144847,8.11116678255975
144848,11.357435349437106
144849,15.272766022488245
144850,8.947631420121755
144851,10.051153523527427
144852,6.681539980690813
144853,7.490875662146427
144854,11.496682997408946
144855,8.63854948529121
144856,17.122993009368663
144857,4.992781064201103
144858,12.072681564900046
144859,9.475119022211008
144860,9.33665459329821
144861,12.981847963889754
144862,10.527599218767651
144863,11.133075986508436
144864,13.306348987678925
144865,9.320085574180817
144866,13.520984630118118
144867,11.838163406402753
144868,16.080629668968996
144869,6.194861346817767
144870,14.593060979616004
144871,8.58113184316449
144872,7.2553310295973485
144873,13.720573341239358
144874,8.532852095181074
144875,10.277468362941237
144876,6.703167114876597
144877,6.819044741295218
144878,9.014577891614914
144879,8.004660058241319
144880,9.291859525472592
144881,9.877514527496324
144882,10.300607256115807
144883,4.329212809997443
144884,9.397737121536764
144885,8.874217363316841
144886,9.141804882407019
144887,8.713791802648633
144888,10.904135178505786
144889,9.121310173987334
144890,12.668134910838003
144891,12.532967771821976
144892,11.89461377712174
144893,7.397485452742392
144894,10.037979635788698
144895,9.157013664212526
144896,9.78539397796961
144897,7.204933076715998
144898,9.811613864268196
144899,8.901807281389825
144900,9.386901715991199
144901,8.497936043084374
144902,8.075711579961126
144903,12.947506069197578
144904,5.545152956151806
144905,6.202200271303341
144906,10.012474790258064
144907,5.762659454657095
144908,6.886460890280358
144909,8.495270397248996
144910,6.198297234064505
144911,8.147352179765424
144912,13.253116290985172
144913,12.742202759077857
144914,17.33372273977747
144915,10.939158984308524
144916,11.15916877224321
144917,9.245039510702842
144918,9.848141584038604
144919,10.89126150539671
144920,6.94615849391038
144921,10.624054285223586
144922,6.115655435126206
144923,9.262080557408703
144924,8.346126079707474
144925,9.478927745994868
144926,8.95297227405505
144927,13.432996641296452
144928,10.351359541684301
144929,11.308419429759411
144930,11.57298459951094
144931,7.012276744968213
144932,9.006628263586347
144933,9.746411239239695
144934,8.853152725117722
144935,6.937114073005267
144936,8.71086016303551
144937,12.457584784135838
144938,9.505577792341874
144939,4.7418414348372675
144940,7.951409160164383
144941,4.083182195643263
144942,8.229719456631566
144943,11.55875987693032
144944,4.9187771950532735
144945,6.1017523671151315
144946,11.037766953245514
144947,9.81530731636882
144948,8.866614134175881
144949,7.404752664381755
144950,11.201877870437986
144951,9.69853419728507
144952,7.6966694974674486
144953,10.097627712136445
144954,9.187386175168097
144955,6.103974248297628
144956,9.267498167796495
144957,6.443145546281281
144958,11.717848353775764
144959,9.748239093137254
144960,9.271365635725175
144961,7.678733963244149
144962,7.2678725298313775
144963,8.271439101602445
144964,11.945254240658983
144965,11.806375285667064
144966,9.385570921878593
144967,9.553268826373325
144968,7.032965593755326
144969,12.11344338412658
144970,4.0772257652834
144971,10.588191211931527
144972,6.2410804976841865
144973,7.978927891308521
144974,9.486130283058099
144975,15.105484310068098
144976,9.291796121396827
144977,11.603654303355965
144978,13.126797402511048
144979,9.418731112299099
144980,9.96856154375703
144981,6.73886676422362
144982,4.345442235849477
144983,8.233936779555053
144984,8.409239110408013
144985,9.398417762673402
144986,9.115054778728997
144987,8.785745479526586
144988,9.184404019984614
144989,9.634374769272213
144990,11.14884104351702
144991,9.009515042724797
144992,7.962294707347899
144993,7.563514400537334
144994,5.307160484006227
144995,15.697402039355609
144996,9.186178683192935
144997,11.04318068872893
144998,8.979607924881789
144999,9.533208140525634
145000,9.37632907858952
145001,7.593619461614287
145002,10.693773589008558
145003,12.834044990646797
145004,10.514237471465885
145005,9.14916039645441
145006,13.087575868071259
145007,10.72340738338952
145008,10.65581122549036
145009,9.917665965541943
145010,8.985783153644551
145011,10.134868469858827
145012,8.393930017544616
145013,12.169700110768568
145014,6.18850429275884
145015,12.634487285285632
145016,14.42457556117921
145017,7.506224622568796
145018,6.5354388773574525
145019,12.649763415831128
145020,9.208593905830273
145021,6.492921167554473
145022,8.072494478361717
145023,7.95359857530913
145024,9.76447724835354
145025,8.966039884711167
145026,6.214694711095575
145027,7.7069807964614965
145028,9.931606293718849
145029,10.702408717937518
145030,12.152483120609064
145031,8.310031360462906
145032,10.453937374499667
145033,7.911828959611694
145034,6.799892382183833
145035,5.803496291289838
145036,5.789660350107843
145037,14.588499308829617
145038,8.289128361051102
145039,12.43857996872959
145040,11.553830962343813
145041,9.590243718139979
145042,7.360511137244257
145043,10.792140251682744
145044,15.435269130304738
145045,9.641847921128207
145046,9.93719365579778
145047,9.357395901746713
145048,11.89121247718384
145049,11.126966013091652
145050,10.956331180114661
145051,7.315857647226331
145052,10.3784446513549
145053,10.435010087285304
145054,10.440882537804564
145055,16.37025601417917
145056,11.120702975718817
145057,12.361451325723857
145058,6.9163998678041265
145059,4.394285418096525
145060,13.5630509844215
145061,10.951316856578755
145062,8.879446388237339
145063,8.940399573805397
145064,8.348703552280288
145065,14.804809934457916
145066,14.378792739852807
145067,7.925604079878982
145068,8.654234071877818
145069,10.537016709440195
145070,7.848174161906973
145071,14.466646297286186
145072,13.945520730561636
145073,11.314661087382252
145074,7.771725571326817
145075,13.900339653145405
145076,10.868315811675327
145077,9.28881127968954
145078,7.910881569902491
145079,10.734578705406037
145080,12.456711291200447
145081,10.168527040628256
145082,9.954030309690742
145083,9.627276018516714
145084,8.17867432493374
145085,6.597078040401838
145086,9.413914174117
145087,7.941316198328323
145088,6.671948232984102
145089,6.680821414819936
145090,13.422445968038478
145091,8.348646435362392
145092,7.538553059989613
145093,7.982343061122085
145094,6.5504226631136815
145095,9.891311331430337
145096,8.987647292989756
145097,11.247142965961121
145098,8.828373805862572
145099,7.221045094140744
145100,11.043977714639917
145101,9.116421293559245
145102,7.006656320830605
145103,10.842472699193904
145104,4.829698129511909
145105,11.399483341210871
145106,4.604879005860808
145107,11.505234865168564
145108,9.72006402074145
145109,11.548619703570786
145110,11.212580714731889
145111,11.570504412428198
145112,9.985300698768196
145113,9.34341631093742
145114,6.572955859013865
145115,9.191809630676266
145116,11.757294147225718
145117,11.41942406929859
145118,9.730958701173304
145119,13.149535972256132
145120,8.28857511286241
145121,8.170886449625911
145122,8.222467924109484
145123,9.07776699723987
145124,8.334947236786158
145125,11.243884996115801
145126,7.675328013879425
145127,9.643413326981129
145128,9.475137339813491
145129,10.698035465723528
145130,14.313575099353363
145131,7.9277727793262205
145132,14.62856186315696
145133,9.860715923079647
145134,9.305608152793301
145135,17.415816017764413
145136,6.953331108223985
145137,9.487248116299137
145138,11.463530105760375
145139,12.092289977368
145140,13.459008288053152
145141,9.653110747464478
145142,8.985800010694046
145143,10.581084548001343
145144,11.59934681598735
145145,9.857425382932544
145146,9.39616772308605
145147,8.261012236682038
145148,9.759820049733538
145149,4.327603713109722
145150,12.340469154327186
145151,4.684456371812684
145152,9.358281780619262
145153,10.196437752678579
145154,12.265204447060873
145155,9.318685177821266
145156,7.98487228225176
145157,4.86668828846041
145158,9.177779599518457
145159,16.133448982748053
145160,10.736935008861499
145161,11.455995329735009
145162,7.380951772360324
145163,11.170978779504184
145164,7.062268696271085
145165,9.597031786243434
145166,8.09588382921144
145167,9.8371276873787
145168,8.75079741170228
145169,14.338581608649434
145170,9.065356646734028
145171,10.004013164615998
145172,11.126001018679137
145173,8.866316369258794
145174,11.438899052479957
145175,9.74659502186373
145176,12.065663157354415
145177,10.569083710361772
145178,11.074966497542652
145179,7.518221925360682
145180,12.491543683506931
145181,9.365145749754111
145182,11.976662089292356
145183,7.68203744216625
145184,8.241396984266217
145185,8.132685497787943
145186,11.635488697458005
145187,5.038778071829948
145188,7.660523842061103
145189,9.62807571283563
145190,10.772901449714809
145191,12.762885921859972
145192,13.227354702368473
145193,13.501702945290337
145194,7.524951462602715
145195,7.949091454111668
145196,11.692355862517953
145197,9.042028837870891
145198,7.624948791499617
145199,6.993232372822744
145200,8.346539127609987
145201,11.141987922357949
145202,10.81115804354351
145203,10.06670167006051
145204,7.229849115318407
145205,5.164715051233667
145206,10.490657919904857
145207,7.492303496778765
145208,10.560161081932225
145209,8.99970740673657
145210,8.858752752694846
145211,12.340248000664982
145212,10.067850883913405
145213,8.3732309306302
145214,6.255680569789014
145215,9.110538031911066
145216,9.21984461232428
145217,9.630942711841916
145218,6.979417077495353
145219,9.928147184207939
145220,13.171816623059334
145221,8.994015698211637
145222,9.341719793414788
145223,7.332025391266067
145224,10.198114136569206
145225,11.494992996709854
145226,9.588661707555628
145227,9.785206176739548
145228,7.263852136121497
145229,7.420399759783516
145230,9.846183276333823
145231,11.307806114311074
145232,4.672350220970502
145233,10.335136388389147
145234,8.559632291296406
145235,7.888500316077338
145236,14.538852557772344
145237,8.759837789466697
145238,8.446286140119652
145239,6.669821610338056
145240,11.07188970989807
145241,7.966553153387221
145242,16.973652954780636
145243,5.675706926173902
145244,6.965837499657944
145245,11.323454178793456
145246,10.380348484802541
145247,8.430110324533107
145248,10.563780783743582
145249,9.741597758182241
145250,9.057752997742044
145251,7.347155932199437
145252,6.210649315722973
145253,15.129163714519432
145254,4.798937426643678
145255,14.870333171495961
145256,9.148280711287873
145257,7.878824469161936
145258,11.652520298048985
145259,15.33523339746202
145260,9.28356429679935
145261,9.467712882215348
145262,10.691703255718076
145263,10.451324085045888
145264,11.476208716705152
145265,9.646655137481403
145266,7.854669998614729
145267,12.124376480322983
145268,9.511833340327891
145269,6.733852970164589
145270,9.743271597126856
145271,12.173484810356978
145272,9.705083537049038
145273,9.475794486901362
145274,12.951562712714514
145275,12.614962386072369
145276,8.108972471441277
145277,7.127484591243247
145278,11.174616863713355
145279,9.983604775433067
145280,9.573572875306754
145281,9.663052221638287
145282,7.798340189865274
145283,12.122040993491861
145284,9.712071447778133
145285,8.50016248420538
145286,16.661267425190978
145287,7.893688234743323
145288,7.639199943995751
145289,11.762291674767585
145290,9.289217163063938
145291,6.548902048445368
145292,13.506207655186117
145293,10.451177030799078
145294,14.571027276673561
145295,7.9225308404106345
145296,9.616539076421287
145297,10.88200468074113
145298,10.44658200113012
145299,13.296297250347184
145300,8.939727749105291
145301,7.574947518222229
145302,8.443826316793075
145303,10.487712990361166
145304,9.413943784361848
145305,17.061908719944206
145306,6.151419752155176
145307,12.095256110019921
145308,8.677608274756214
145309,6.378646420052515
145310,7.4734392472827995
145311,7.012542769785545
145312,8.03083609574083
145313,6.656376783816263
145314,9.403670499305905
145315,9.874959737081308
145316,14.856746738502679
145317,14.469438255818435
145318,12.54950181748621
145319,14.407846678473973
145320,9.497581199180557
145321,10.351029265686401
145322,10.700029955483913
145323,10.585014025235726
145324,11.60065759677236
145325,11.674604214079173
145326,9.513203592235666
145327,14.327456263952314
145328,9.245444372519115
145329,4.51487429649939
145330,16.872928797525063
145331,13.13807038482484
145332,10.51853550785543
145333,8.634113861808597
145334,9.404144586415498
145335,11.851257540998024
145336,9.585126148550373
145337,9.820877016384875
145338,9.560343069003242
145339,10.04818012868552
145340,10.469624908881809
145341,6.666760726872974
145342,9.053199023448625
145343,11.982894970978307
145344,4.994498892434868
145345,11.062663729522622
145346,6.856150463880354
145347,9.284451956062725
145348,10.939438469029705
145349,5.692509220458035
145350,10.071182000560025
145351,7.957487473479207
145352,10.742548938219706
145353,9.945602074458753
145354,9.662394883443515
145355,8.486911817777496
145356,8.779049836959338
145357,12.098450867288367
145358,9.103824391906091
145359,8.20453830708712
145360,8.021637526251428
145361,12.011575400966885
145362,17.194748267455445
145363,8.756434694142587
145364,7.102528731521394
145365,13.589070259848711
145366,11.082609106813504
145367,7.6500412203697605
145368,9.646797543763155
145369,5.573131868716322
145370,9.870247000574663
145371,8.857647785712501
145372,8.681963080907334
145373,10.980792895784088
145374,13.371297245038914
145375,11.181909892597364
145376,6.741292431858956
145377,9.384307158517213
145378,7.131877623295521
145379,8.338828087683247
145380,12.949620308500652
145381,6.66148400783042
145382,13.118900724996237
145383,10.690268691837128
145384,9.47700973544057
145385,9.859278781056862
145386,9.696403064047484
145387,8.024505011251879
145388,12.343665142345365
145389,9.324440788865164
145390,8.245495667683933
145391,13.080892839129614
145392,4.722599064863976
145393,9.35205839637555
145394,7.145236833029394
145395,9.543395614291828
145396,11.713048825052603
145397,3.9872885059634413
145398,8.640110531964748
145399,10.950588866417908
145400,6.452851108859326
145401,11.724096218702197
145402,7.853652296116612
145403,10.585398867493966
145404,9.6328806112658
145405,9.825228547818021
145406,13.948799923537672
145407,11.803784459244266
145408,8.034712132916612
145409,10.752408041948144
145410,14.986399807869413
145411,6.575694342933398
145412,9.922695394180755
145413,8.547558685147218
145414,7.422520101221158
145415,12.027284612223644
145416,9.464284148798265
145417,9.264837909385758
145418,9.587155480831882
145419,6.150344053843626
145420,8.762627294873933
145421,8.962497688821005
145422,8.151546544012024
145423,9.31904529236739
145424,5.787179068713103
145425,10.549259266568992
145426,9.42866324629129
145427,10.633682595246285
145428,6.951843239289296
145429,9.138148800222364
145430,7.403359687282854
145431,9.307063903057417
145432,6.293935110341065
145433,13.807310919967302
145434,10.038937510826436
145435,9.335893427358924
145436,5.558676106623196
145437,12.522098739343056
145438,12.794666011519942
145439,8.914291832608711
145440,9.750913666490426
145441,5.621810654596322
145442,10.83818627825375
145443,9.357962523898404
145444,8.799212841716962
145445,9.680748513567918
145446,11.025157478308467
145447,9.460779166837336
145448,8.386797254365643
145449,12.742583453068644
145450,7.6299690909651385
145451,7.353424358119732
145452,11.959856956348856
145453,11.764812302276791
145454,5.972776384317052
145455,8.196757035738822
145456,10.75111667758562
145457,10.094870574629555
145458,7.016752374304741
145459,10.323712140255022
145460,10.848102081937554
145461,8.486349016477657
145462,7.576435720500436
145463,11.67064092502799
145464,10.729096330586477
145465,9.729365517675783
145466,8.776907900144783
145467,9.880346082860282
145468,12.560865181156071
145469,7.4485135605112465
145470,6.633782164519846
145471,8.464017449739922
145472,10.269650838396988
145473,13.015311596156698
145474,7.059613642600603
145475,14.7021334443314
145476,15.02731309770248
145477,8.525368750173254
145478,10.674362029131487
145479,10.236606473741459
145480,11.615625190582945
145481,10.939599551701864
145482,9.69877126563907
145483,9.437708225221439
145484,10.124346649292969
145485,18.348243079113438
145486,6.173514260089812
145487,7.110754368301372
145488,7.55602118534407
145489,14.263652813615295
145490,13.372561164161676
145491,7.8501433088332195
145492,7.9119425662443135
145493,6.202724440471799
145494,9.166968441093088
145495,6.210057043197555
145496,5.986290928315165
145497,12.00398524227094
145498,8.319095673616719
145499,13.098414072819532
145500,13.44359042830242
145501,13.960591658375739
145502,13.376500765315052
145503,8.610753249234206
145504,14.84322716475167
145505,10.213839251918817
145506,10.958650392550656
145507,9.421203514597527
145508,7.094325476944119
145509,11.990111683202318
145510,7.267857301946004
145511,10.969192081262896
145512,8.289064079192915
145513,5.817552845087465
145514,7.204935032561641
145515,10.441595154539499
145516,10.869045548344564
145517,9.511444226432118
145518,12.432364014416406
145519,6.102241176933471
145520,15.528741735042322
145521,10.810109654723849
145522,8.943476708155645
145523,8.63156334513972
145524,12.495644249578074
145525,10.735712464244164
145526,9.598105136364849
145527,9.09562873052216
145528,8.005787366221828
145529,6.687859293693803
145530,10.148806343416574
145531,7.006564786054914
145532,7.530530038076885
145533,6.435001866502401
145534,8.13647826561011
145535,8.372705307020114
145536,8.104770615606796
145537,8.368160281994964
145538,12.078803821887028
145539,12.061312716879332
145540,10.626325200214811
145541,10.596992149914364
145542,9.879782293233012
145543,12.264549637793417
145544,17.879215348067987
145545,12.297207008014524
145546,5.083766558873579
145547,15.132535591404082
145548,9.360613723764141
145549,9.421812156969233
145550,10.183017163349287
145551,13.86160578258519
145552,9.229163103554976
145553,10.820284413674347
145554,11.332019246652253
145555,7.146046476469998
145556,8.794086640459597
145557,7.460077551441391
145558,15.552815760865844
145559,12.431035302908064
145560,8.848585877527352
145561,10.870248464739433
145562,12.028950624177146
145563,11.081451390959836
145564,12.17831521878135
145565,7.426535248880137
145566,10.803655040798214
145567,9.127668880815783
145568,9.129928636991721
145569,6.472278448364499
145570,8.231436894000584
145571,8.237370012349611
145572,6.99171900005187
145573,11.138565535708997
145574,9.881813715867272
145575,8.227193156644393
145576,9.183835189471804
145577,10.502198588273698
145578,14.094720147083999
145579,13.791953343570919
145580,7.607728413187703
145581,6.9778280390820795
145582,13.46433074402808
145583,9.800234005605397
145584,12.779903930952967
145585,10.921788682477931
145586,7.296497153909515
145587,5.4103965371453295
145588,11.836748153956524
145589,7.76789487329475
145590,11.461458667994346
145591,10.137461379451304
145592,9.281000967794673
145593,8.380294948143874
145594,9.005415235427616
145595,5.729413513790026
145596,10.017358638733686
145597,8.41537420177336
145598,11.631513628532925
145599,11.702875558577183
145600,8.885771621690989
145601,10.077734401834983
145602,10.460573256402682
145603,7.926015196234287
145604,8.899979325082084
145605,11.245046334216886
145606,10.255948711123528
145607,8.201121548704332
145608,5.787003465774469
145609,8.345744114661537
145610,12.028936726723456
145611,12.136147511578116
145612,9.157551263985741
145613,10.635113247714532
145614,8.184105080882748
145615,8.702553653857699
145616,9.309165381919403
145617,14.644916928948359
145618,7.383204287220873
145619,9.799993012089239
145620,10.028841513204487
145621,14.605399547149512
145622,5.7080915460027
145623,11.326671903104636
145624,5.139460315239015
145625,9.461148900741161
145626,13.410917932868156
145627,6.898752882203086
145628,10.798119274886746
145629,12.71047168204107
145630,9.23680586761317
145631,9.532394606517196
145632,8.328837232173424
145633,6.743208375800944
145634,9.688328901547994
145635,10.667281610723592
145636,9.447831203756987
145637,9.053506983075488
145638,7.039737387536745
145639,9.718425352357595
145640,8.466818917052695
145641,8.349314121946401
145642,7.87990125143204
145643,7.177171269651092
145644,9.002213583186787
145645,10.763157497152681
145646,7.222146273500111
145647,6.162170099193513
145648,4.364521112897711
145649,6.220191722915514
145650,10.55791098577981
145651,11.64641297020199
145652,7.067046145437945
145653,9.210634931289466
145654,8.614896369011728
145655,9.443549089031611
145656,9.677216710072605
145657,10.999511330708035
145658,9.505122013142634
145659,9.11325936762396
145660,9.231481415936724
145661,9.988137423507126
145662,17.623454370456972
145663,11.140849504894296
145664,9.805267977276316
145665,8.383636300877422
145666,9.709615273325214
145667,6.964946639460059
145668,9.35414183693219
145669,6.465833699156116
145670,12.234121349249913
145671,8.112301792240368
145672,10.433155467413972
145673,4.289113416126514
145674,13.478011791766836
145675,4.145582291786736
145676,12.222691319141617
145677,8.19412130465813
145678,12.436365739149247
145679,5.954581516792174
145680,11.777860849604656
145681,10.57556855479138
145682,6.83209865819241
145683,9.480573660913192
145684,9.696018772232904
145685,16.213827238490772
145686,9.076018177010967
145687,12.400892868936715
145688,4.314959203295222
145689,10.385698047790015
145690,4.215541913837913
145691,13.07042068828772
145692,8.323511713357231
145693,7.755151873031662
145694,4.670808891534145
145695,9.620683869900693
145696,10.20356053467059
145697,4.526528301441212
145698,13.455818368418914
145699,10.990419336507415
145700,12.355555866906554
145701,4.055442562254636
145702,9.773772335300976
145703,6.02945145054368
145704,8.216670011912784
145705,9.217097229297325
145706,10.228431937657449
145707,10.070627550199486
145708,6.952763518994855
145709,15.500233291563934
145710,7.130193044472809
145711,11.69552288572539
145712,7.40888709497319
145713,8.744933773323478
145714,6.669719906877015
145715,15.471314486892513
145716,5.158174998352393
145717,9.173869241592698
145718,10.135540319966088
145719,7.426848576080607
145720,8.863515158585077
145721,9.603335540682725
145722,10.975211484499813
145723,6.548288697122876
145724,7.251198386168491
145725,10.223743727646006
145726,9.811114509852784
145727,9.954969667881025
145728,7.237903212794864
145729,11.190269744224679
145730,12.540933324111016
145731,7.474590506520563
145732,9.46903042947306
145733,9.217401244573715
145734,17.336134811934734
145735,9.279408422530537
145736,9.732482949536687
145737,7.979512274319681
145738,7.359412707791695
145739,10.717019496231929
145740,11.305938297118978
145741,9.196211186850778
145742,16.21132473712888
145743,7.0239659287660015
145744,8.871437832093797
145745,10.83727478716457
145746,9.96168046670627
145747,10.447974935384023
145748,9.228413359497347
145749,4.24844561620341
145750,8.493046728518896
145751,8.306730792163144
145752,12.016105132764178
145753,6.216992497837125
145754,9.498274846346945
145755,7.437616008007927
145756,7.53369357580759
145757,11.506011089948775
145758,5.943186793619864
145759,11.468633869465798
145760,8.282037578604847
145761,15.310121946358123
145762,13.817019694428492
145763,9.741451469578204
145764,11.901598552559722
145765,7.33815055796744
145766,9.296348144241978
145767,10.037518507282865
145768,8.989934754929228
145769,10.069518201264861
145770,9.426582154409354
145771,7.04130370048414
145772,6.690031565499401
145773,10.975287016902163
145774,9.471298924643458
145775,9.129640035786347
145776,6.096449560869359
145777,5.451763868085784
145778,14.706719163617825
145779,10.306304442001293
145780,15.02100731204423
145781,11.588817047255464
145782,9.311661232084345
145783,14.650618659031148
145784,12.040866095541189
145785,9.230949161926457
145786,5.704313533167699
145787,11.577959615055693
145788,9.226490086436034
145789,10.933234352575308
145790,4.44096707438543
145791,8.494879315001636
145792,6.530174284154283
145793,7.870460863414694
145794,9.068182702679277
145795,9.86617006692407
145796,10.031853748281538
145797,11.837426563403849
145798,11.59444978106914
145799,7.200192089384295
145800,4.528773162013939
145801,13.176851041663728
145802,7.437125951222671
145803,8.866066414465504
145804,10.198414459707843
145805,9.223751115910227
145806,6.158359158726688
145807,11.363721167639003
145808,5.669031927711752
145809,9.088562189042165
145810,11.119291589722959
145811,11.675020750447347
145812,8.046469566207461
145813,10.166691501469947
145814,10.545997172633289
145815,9.178297478479939
145816,11.034778758907168
145817,5.659373452101167
145818,9.396816795637697
145819,7.903878939381572
145820,14.041729581167228
145821,10.720243820528628
145822,9.587452726582736
145823,13.083609247534977
145824,10.702437148970455
145825,9.211476596010048
145826,11.251705703923374
145827,11.682441323660223
145828,9.876065023775572
145829,9.294219164387972
145830,4.9059796495665235
145831,8.477172988392365
145832,10.235685902354433
145833,8.648225793386178
145834,8.412473140458093
145835,10.801135453364669
145836,8.007367113695086
145837,9.994523623749725
145838,4.093027575476489
145839,5.211325802664197
145840,9.578183945112091
145841,12.222403107386217
145842,8.177128532626549
145843,11.929219516983967
145844,9.986074734367563
145845,11.659230554785307
145846,7.8657330530500955
145847,14.822452003152199
145848,8.923583311747318
145849,8.713306370650589
145850,12.517630956627126
145851,7.4449503466456575
145852,10.631294185983368
145853,11.01407518006158
145854,16.377752459494246
145855,11.186972209132183
145856,10.879612019715047
145857,5.6263054695306
145858,7.393943961042463
145859,7.516392402342573
145860,9.812857050708995
145861,5.859044189268541
145862,8.965227110633704
145863,8.604868703420308
145864,11.127807758897275
145865,14.128937446016721
145866,11.114874486990507
145867,15.590112905590596
145868,7.385757369316726
145869,10.208488868493944
145870,6.866900196247869
145871,10.326073935104741
145872,7.014264039332268
145873,11.516566206732909
145874,7.294513893798012
145875,9.102509522314719
145876,8.741752818767292
145877,12.270623570037065
145878,8.94830251268195
145879,13.832287145949774
145880,12.214695867654996
145881,14.943634717314936
145882,13.898102852983504
145883,17.44265147820095
145884,8.796695374841157
145885,17.05472998230461
145886,4.9133065092432116
145887,9.238143975653882
145888,9.012887777688414
145889,11.73114815546366
145890,10.13623167142629
145891,8.463192965502861
145892,9.779463700444602
145893,9.514273062270002
145894,9.79775718634405
145895,10.556260920140923
145896,8.419644378900333
145897,10.04271326934438
145898,9.779515713893838
145899,6.931913859072968
145900,6.179576247730595
145901,9.929552138057185
145902,6.7715516986053
145903,6.8626727071617974
145904,9.246660651894345
145905,9.255618637810102
145906,8.384150921782858
145907,10.69716645610696
145908,12.509863786628959
145909,7.500421541964042
145910,6.94891673032094
145911,8.841171243848484
145912,10.144505932219245
145913,11.442473720650113
145914,7.844376739725992
145915,11.919468967477613
145916,10.637478835408443
145917,9.01895439942083
145918,13.960390639596184
145919,6.500399921477393
145920,5.82675553558301
145921,15.570823443191575
145922,11.766946499311398
145923,8.352233487116356
145924,9.909374128601666
145925,4.337916358425597
145926,10.616951832210415
145927,9.859998243152033
145928,7.459781826053653
145929,9.70040519095306
145930,9.076595817771096
145931,10.117442310105362
145932,12.477572674800887
145933,7.78425747157692
145934,11.009950676262632
145935,5.9183584011625525
145936,9.20498606679131
145937,6.643991112957577
145938,12.293603179124961
145939,9.226645117854128
145940,13.892175735252593
145941,6.201232765781541
145942,9.868774130553305
145943,8.463220179450767
145944,7.404118867225877
145945,7.615759794403607
145946,14.590915190395393
145947,7.94103317393959
145948,11.484796209768055
145949,7.854084199692409
145950,10.934860045570485
145951,9.608823774011537
145952,11.575149012925436
145953,11.400672207348313
145954,9.097423220941797
145955,6.59926200304122
145956,8.953085840606025
145957,7.740854468138937
145958,11.60005040215689
145959,9.343870798345176
145960,4.6026724041213
145961,6.313908889355288
145962,6.881753988489659
145963,9.924628510863311
145964,9.649917353821664
145965,6.088297677336474
145966,16.551451273736227
145967,11.80001373956391
145968,15.086042098615039
145969,11.987393695516763
145970,9.979428493207418
145971,4.683642746259681
145972,6.3345927535903845
145973,9.857923601730755
145974,5.274396722785941
145975,5.492117892620478
145976,5.858216931499061
145977,10.992864601432725
145978,5.6987128968341185
145979,7.456899215506255
145980,6.803868099976606
145981,6.683966112194218
145982,9.650395911963088
145983,7.568940236195376
145984,11.335383275123089
145985,9.400594566944969
145986,8.19351781598941
145987,10.264498075995178
145988,8.447687255409502
145989,10.033361071359826
145990,14.043620924307916
145991,13.014452511419014
145992,10.915206508239015
145993,9.209146877489252
145994,5.138213438604215
145995,10.763075203959119
145996,10.940065365698384
145997,9.272434490651666
145998,14.510637107779132
145999,8.110108776520837
146000,9.358463277335861
146001,12.250114233598222
146002,11.29826987963364
146003,12.218572520043292
146004,13.14277968814361
146005,9.782391060165569
146006,10.443754452628177
146007,10.010286108327351
146008,8.817895105182954
146009,9.430613405942125
146010,10.086943072306545
146011,9.538251926912974
146012,7.895979035651358
146013,11.468747018942826
146014,6.089624745866869
146015,9.027574837960719
146016,15.45575008544007
146017,10.591539382205955
146018,8.858030184938652
146019,11.515939831627533
146020,10.843657689555695
146021,12.148124732990679
146022,8.489639821398992
146023,6.87269750278435
146024,12.74728501504852
146025,8.064147868439301
146026,9.012663639215631
146027,11.54441286012725
146028,10.982764969743462
146029,9.080183707853376
146030,15.043878404830021
146031,9.258210545070487
146032,9.436039509638935
146033,9.93007943356001
146034,13.963791229911351
146035,4.688338677200214
146036,9.627122201249742
146037,9.896656263067644
146038,8.661074150067744
146039,7.842032762855082
146040,13.276884908905084
146041,7.222746881316259
146042,5.036241430677587
146043,11.981589245946159
146044,13.639402261938631
146045,10.719783657089039
146046,7.428057245711588
146047,7.00074580478433
146048,6.704347333618162
146049,9.31424348223139
146050,7.903855046728809
146051,15.652554701118936
146052,8.458948466244586
146053,8.75749258067665
146054,11.809320344964396
146055,9.741325934261942
146056,7.676989292885386
146057,12.499727939895442
146058,10.975859161732298
146059,8.54878967706396
146060,5.879594389248079
146061,9.473002592853302
146062,12.200317698170897
146063,9.432774800787415
146064,13.015833079175332
146065,16.498006637596216
146066,14.994573987294965
146067,10.109989085334117
146068,14.144202653420427
146069,7.2957042072184475
146070,8.912696791101194
146071,10.543153092541193
146072,7.189846117601985
146073,5.7916408659052365
146074,9.111143269194347
146075,9.924792470699419
146076,10.906779367064463
146077,4.800460323757122
146078,12.571270097569734
146079,7.588097531335471
146080,10.709379027268934
146081,9.221624180760726
146082,9.598012927801898
146083,5.855197196696187
146084,11.351466926497398
146085,4.771543614888594
146086,8.060985895239867
146087,5.849264831306429
146088,10.24903081878464
146089,4.3848815795300995
146090,6.738309033875771
146091,11.187533796241777
146092,9.785634110347164
146093,13.106454346023119
146094,8.17406907927485
146095,6.689190958615088
146096,16.182193749864545
146097,11.030205377243513
146098,12.637092426659503
146099,9.926265115374838
146100,12.50757167481465
146101,17.508343347431055
146102,8.10856125522609
146103,4.691427556369582
146104,12.372899160474356
146105,13.67026229187486
146106,13.333400741787386
146107,13.02682301879015
146108,9.604771543426676
146109,10.03831723873753
146110,15.186145979514189
146111,12.645297704981383
146112,11.459271725011787
146113,13.59458607598755
146114,11.669554590422766
146115,10.036951614584932
146116,6.678112263799062
146117,9.9175088198413
146118,10.846460934110814
146119,8.291309205682335
146120,9.107313960630416
146121,7.919188034853771
146122,8.204188384105468
146123,10.958414858890615
146124,8.908898981605684
146125,7.955141522074356
146126,10.81413194709901
146127,10.552126583392258
146128,9.835622972659225
146129,9.31769420843116
146130,4.8945843249923175
146131,8.237299587934256
146132,9.23018214026376
146133,10.340254621444135
146134,7.236151925585309
146135,12.70567867775717
146136,5.673713600451004
146137,9.759179546689595
146138,8.556367424048187
146139,8.61056079648371
146140,9.375345932152843
146141,15.374290759810545
146142,11.345762001188803
146143,7.998545339827595
146144,5.5711284247827395
146145,14.298135906601477
146146,10.392301139305292
146147,4.660237785283984
146148,11.23089627237274
146149,10.18492907447077
146150,6.262896889881911
146151,8.647925750693322
146152,4.167868037490735
146153,9.108636507837561
146154,7.076241515295266
146155,9.893183311508208
146156,8.093749031987056
146157,14.646700144218418
146158,12.477046606948985
146159,5.941636591389679
146160,10.633535065138325
146161,10.0769094385495
146162,10.558104013933347
146163,6.886065149476414
146164,7.38523373712381
146165,7.570734987663061
146166,7.977578331281755
146167,4.533473423826862
146168,4.942604921277669
146169,9.747524097694631
146170,11.24059615473129
146171,9.177309640787872
146172,10.823421629580379
146173,8.169279159919082
146174,7.501799700511482
146175,10.204071402377751
146176,9.57746527366846
146177,8.5360265760553
146178,6.802720563506904
146179,7.656401237681946
146180,9.148959133066816
146181,8.651567639619701
146182,7.252458469832892
146183,5.385805641661942
146184,12.066346273847582
146185,7.599992019402201
146186,7.3117115168160085
146187,9.77505619266825
146188,15.415032599599234
146189,9.060931742048744
146190,11.380286743806739
146191,7.875413760994588
146192,4.37577811373326
146193,7.397976231229339
146194,9.379834226993818
146195,11.415857919422105
146196,6.520665460645375
146197,10.165336137698466
146198,6.08604494978715
146199,10.882772014269904
146200,7.183212132658698
146201,7.606774569355227
146202,13.059165349831096
146203,10.142266723578564
146204,9.257034916099201
146205,8.58343959593783
146206,10.830272489409705
146207,9.831588917081508
146208,9.511790404547373
146209,7.161906834017455
146210,9.455807685492392
146211,7.064998145549235
146212,8.896497613472985
146213,7.700796620528079
146214,11.517709970645708
146215,10.555003111887228
146216,8.269061824743014
146217,9.513402839649455
146218,16.65511669557766
146219,11.048042772428122
146220,14.436273917622866
146221,8.666359064954
146222,11.639446943167023
146223,9.44954534236572
146224,9.357384289768431
146225,14.398620748676905
146226,10.076737658477462
146227,7.428528797734605
146228,11.554490093661865
146229,12.261311558155267
146230,9.631891126207492
146231,9.771635390802558
146232,8.888548288438233
146233,8.396247408779278
146234,13.78351936788036
146235,13.445072940548826
146236,9.633634847895024
146237,9.819572322984223
146238,8.09602154281696
146239,10.39862419623689
146240,15.961379438232743
146241,8.928184021242014
146242,4.847038031495702
146243,7.496665203107284
146244,8.136554151134863
146245,10.970424764406392
146246,8.289004699395193
146247,5.472135895904226
146248,8.127614172643517
146249,7.942144493453536
146250,9.424600321287935
146251,9.063140639844994
146252,9.453666306713483
146253,12.092169458865706
146254,8.099175885045636
146255,7.5320136948485725
146256,10.568866664620959
146257,9.74740573734507
146258,13.63619041968462
146259,11.60488349556611
146260,11.392072999827514
146261,11.167781104638632
146262,8.51676798597432
146263,9.787708698750777
146264,9.148803925599111
146265,10.929880610188139
146266,10.786879281285264
146267,7.880681632376107
146268,6.734970677762275
146269,4.639941198372715
146270,8.897737087307496
146271,5.026592704042538
146272,7.969351511761635
146273,8.11030273580727
146274,7.750371260196816
146275,16.27027265747993
146276,8.25902723933913
146277,8.080571014909536
146278,7.011872920110859
146279,10.647300273764255
146280,5.014637627000137
146281,4.6375328424745
146282,11.961167767708957
146283,10.19314666724512
146284,6.728291290508496
146285,13.37823786322553
146286,9.327901570533625
146287,7.541811634025211
146288,12.772031794263949
146289,10.065878599704154
146290,8.191142095292461
146291,4.597761559305784
146292,9.561925228157818
146293,7.514090620767026
146294,9.709172782220021
146295,7.379527165899131
146296,10.88860401635657
146297,7.7927532342934285
146298,11.164491394394208
146299,4.006544074977331
146300,7.636574022777036
146301,9.920581988959992
146302,5.80232913111456
146303,9.387084362179799
146304,9.495516158864575
146305,12.562018277925741
146306,17.740822260300583
146307,9.680458948408884
146308,7.9848227934666935
146309,11.713296004890951
146310,10.21925390564266
146311,8.111258145662239
146312,4.193946370862559
146313,9.049433304885962
146314,9.601244364299129
146315,5.703411387182584
146316,7.638192340752674
146317,12.298097039169559
146318,10.954312815417728
146319,9.767596880983278
146320,4.59595342388606
146321,12.483962752294696
146322,7.349591626460911
146323,9.51315091881986
146324,15.908117632529123
146325,10.123314122545757
146326,10.067372754519624
146327,10.055325366418453
146328,10.303252073939355
146329,11.345418698201742
146330,11.188070878435386
146331,6.284630598450233
146332,7.504717833932998
146333,4.748283013668699
146334,6.617677513451634
146335,10.981497519423288
146336,12.123574900637168
146337,9.169278710469381
146338,10.880853079628995
146339,8.532509525763688
146340,10.409401271906905
146341,7.4341887536815605
146342,10.646923298899415
146343,10.889537244888327
146344,8.592104335373907
146345,7.105851858891642
146346,8.99569818531426
146347,9.975579807415052
146348,8.479118612636062
146349,10.843862975968884
146350,10.363718819126866
146351,11.035242620474936
146352,9.29841993589428
146353,8.248700380686795
146354,11.939483993758971
146355,10.094177834936664
146356,9.62267883773041
146357,6.936328784289716
146358,6.9429311970713075
146359,15.00346281909797
146360,10.098510757452484
146361,4.033415931781947
146362,15.556562052121759
146363,9.578131599420246
146364,11.237679253571272
146365,8.876966631497469
146366,8.553254776728838
146367,11.85726907374114
146368,9.224947009008735
146369,9.065537666547538
146370,12.220448138567374
146371,13.282999089757373
146372,9.928888437787503
146373,12.28166608628471
146374,11.758374042102492
146375,6.522290191297752
146376,8.446843085819118
146377,13.323344851811271
146378,14.529240593629476
146379,5.877167151475074
146380,8.78098400573253
146381,11.934955026620454
146382,8.640099879395027
146383,8.486311598049053
146384,11.381258850940318
146385,11.208625013013062
146386,7.464102289305219
146387,9.823596364161356
146388,8.288976430496467
146389,10.113311371320709
146390,9.059036119645569
146391,14.565208111020194
146392,12.301035275291426
146393,6.239199601328375
146394,7.403467079092849
146395,13.490619046372828
146396,9.52876045545516
146397,7.17291368300315
146398,6.7428582724003805
146399,9.739058834618001
146400,8.311234392124515
146401,12.26554866139837
146402,14.53011537236479
146403,6.743399269199195
146404,6.26261332662069
146405,8.277185192207707
146406,9.767116360682385
146407,7.358378556786606
146408,9.618869055979735
146409,11.826410804826917
146410,11.564457419317398
146411,10.834587248021197
146412,12.7232181307676
146413,9.972267955181119
146414,7.451007333460552
146415,7.2473454951826906
146416,7.840592282712786
146417,10.699957388854447
146418,12.529034087124927
146419,11.015266050778822
146420,6.982506936926169
146421,7.193189679503064
146422,13.15447469770938
146423,3.9895509465779524
146424,11.36837422468573
146425,8.707577832038783
146426,7.809191943979409
146427,11.07329596447465
146428,11.073903183719715
146429,7.883774665601737
146430,9.164753534771878
146431,7.451487458577226
146432,8.297690456349022
146433,11.342400467472618
146434,9.945221243402251
146435,11.788273224907583
146436,9.943464417261893
146437,9.968979636454758
146438,7.099524662738912
146439,12.05489007741963
146440,4.435671523189795
146441,6.700141304293739
146442,7.0345817503693295
146443,9.315490275688028
146444,4.629724101501968
146445,8.171855790884646
146446,4.220910877470484
146447,12.06888174447587
146448,7.345288391491661
146449,7.441157772214173
146450,9.246414333563033
146451,8.78190084949908
146452,8.884779893661857
146453,10.712630019755505
146454,7.407705214809971
146455,7.940504355379611
146456,8.949641375130643
146457,9.043283775021461
146458,9.565714310958892
146459,6.588708248919062
146460,7.425642595799144
146461,14.2662171767394
146462,11.484734576114752
146463,8.33102529390472
146464,7.270561906301109
146465,7.170619054476385
146466,16.066912259201793
146467,8.307681540433409
146468,11.051089698909617
146469,11.39034350900738
146470,10.670488650473146
146471,9.660134988721266
146472,11.029285500379704
146473,9.569455596907526
146474,14.093996695839442
146475,9.805893498971086
146476,14.658675266261923
146477,10.35576774768214
146478,7.479078751005469
146479,7.548030823360795
146480,8.663214649026186
146481,11.784867758337565
146482,7.227454862627442
146483,10.03615943773921
146484,7.401059691512911
146485,14.576140121402437
146486,9.586140340143995
146487,9.498884666992092
146488,11.052643819737394
146489,10.862307584787757
146490,10.029529075839248
146491,6.564737700587635
146492,8.335672265360511
146493,7.484337541041214
146494,9.221787553466063
146495,11.54010068539623
146496,9.702748178481846
146497,12.756278824098503
146498,16.024247399892225
146499,10.470498754164941
146500,12.18672327925575
146501,6.925489430231925
146502,8.84220402334447
146503,9.602499075705646
146504,11.637212014438834
146505,9.620207820459772
146506,9.88326382823798
146507,11.607489059098535
146508,6.418195209399366
146509,10.735338174973503
146510,12.38874024520508
146511,14.071750975233863
146512,8.30667584644307
146513,9.30288307774649
146514,11.329931599638105
146515,7.879009126370602
146516,8.958642380106342
146517,10.200801837632339
146518,11.986889546365154
146519,9.595611756375707
146520,5.178168270902804
146521,8.36843129579952
146522,9.432523525567879
146523,11.02736426062139
146524,7.580307296298292
146525,8.512779266151153
146526,9.164512995801037
146527,11.637450262160714
146528,9.158593411443935
146529,15.950150001025198
146530,9.199593532045771
146531,9.009017177406939
146532,7.895455246759058
146533,9.367346478467955
146534,7.047288274353353
146535,4.5047451076529725
146536,10.02436299498684
146537,8.570899509019686
146538,13.538191066841517
146539,11.001439713165194
146540,6.757126450857757
146541,5.840571949894317
146542,9.216762810710264
146543,4.632147925733467
146544,7.648576419075795
146545,9.190768476748797
146546,11.332614261961293
146547,9.707649123258145
146548,12.09080571629761
146549,13.802947136588438
146550,10.359046246882247
146551,10.58400947017155
146552,13.354879566158354
146553,4.022555011908953
146554,8.536479549107867
146555,8.492053503514242
146556,10.342161517734448
146557,7.933603877188735
146558,11.53093988595506
146559,9.851262219580837
146560,12.207046691139686
146561,10.549523024780852
146562,6.879493312625945
146563,8.553284661010974
146564,12.930186046675615
146565,11.09509790979534
146566,8.1437424672749
146567,10.651106837727184
146568,10.368853046404203
146569,14.189554881392556
146570,11.598653083805791
146571,7.526674816030768
146572,16.957529544232962
146573,9.483952112483998
146574,12.575908252086647
146575,10.681747212800989
146576,10.239344399704171
146577,9.310045130557004
146578,11.247173609498473
146579,9.617195413569338
146580,8.23170132163578
146581,15.548684324110974
146582,6.8526675097170155
146583,5.119851661574583
146584,8.910435791500976
146585,15.6360796374117
146586,10.299262760083838
146587,10.616598701349236
146588,4.347414361590538
146589,7.533094265134335
146590,11.552090158918045
146591,14.295380883495772
146592,13.29073381777908
146593,11.49519038159038
146594,10.883181798146564
146595,11.401157301994308
146596,11.155525793403896
146597,11.236269919698525
146598,10.674705168409707
146599,14.939792614248518
146600,8.563848454658409
146601,11.491600199365516
146602,7.7176585244417115
146603,10.246843329491957
146604,9.47468283318197
146605,5.604890674679457
146606,7.359500607102691
146607,9.6300558105409
146608,8.774330921045598
146609,9.942485453747599
146610,9.650987964619596
146611,10.01630347782747
146612,13.386849602040007
146613,5.446977723575997
146614,9.40879283815893
146615,9.359147668578435
146616,11.16166595513962
146617,11.36599237380489
146618,13.854575602917299
146619,12.102020468223945
146620,4.172635009008519
146621,9.991165526531365
146622,12.782869192068528
146623,10.817375268398072
146624,7.752982804425605
146625,9.209070423403134
146626,8.219898588576207
146627,5.644545581707865
146628,12.914663515447248
146629,7.506227524981547
146630,10.816334894958857
146631,9.230749493159186
146632,9.566106189724826
146633,7.547871899320825
146634,4.823356013944834
146635,9.141499301267741
146636,9.978546716198839
146637,10.353968155415359
146638,7.025529690005891
146639,10.148019189528634
146640,13.371219565904363
146641,12.952740998971752
146642,12.202900860401206
146643,9.621596677961781
146644,11.136754212212953
146645,8.780627482627127
146646,10.345495379533958
146647,4.332998143579471
146648,14.264506935388829
146649,6.452097469886736
146650,9.485198472555897
146651,9.707859032058108
146652,10.05445067624321
146653,9.861336430278055
146654,8.80171102941816
146655,10.992401528014677
146656,12.971813963559233
146657,8.036691289067303
146658,6.518305953519206
146659,8.050746346472314
146660,8.210757923132196
146661,13.641092159562168
146662,10.074320065246084
146663,9.391988400730003
146664,7.522085928718953
146665,9.912976330132253
146666,7.171084755026723
146667,6.972852400747011
146668,10.029586232253468
146669,8.82484522461419
146670,9.915854970154388
146671,5.1112686131998775
146672,9.349877059026152
146673,8.22984234656508
146674,4.884827511427636
146675,9.607252889609285
146676,10.674214811790733
146677,8.289691606986205
146678,14.06640356509214
146679,12.234589665090127
146680,9.874689730478277
146681,8.49758206978087
146682,4.940560634208131
146683,7.356908659155275
146684,9.85614661045905
146685,10.003288234647
146686,11.964200701347893
146687,9.15934895509826
146688,5.420359334429803
146689,7.448699549939098
146690,8.551462049640303
146691,6.496898688130608
146692,10.23556158220396
146693,10.10727259795382
146694,7.657698170026038
146695,13.575236803638301
146696,9.687225490787494
146697,8.847710309952127
146698,8.139569919493095
146699,8.331905713040126
146700,6.864162623791226
146701,5.036703453418065
146702,8.297238387863095
146703,8.773242068764976
146704,10.355930197758969
146705,5.937018985129184
146706,4.205550851654189
146707,7.329439204602101
146708,10.013159396597802
146709,11.546812373418769
146710,10.90500909765419
146711,9.41244247806176
146712,10.149521156726644
146713,8.455062599005407
146714,12.256760234065268
146715,8.187232263343365
146716,5.718826880164811
146717,7.697010539635377
146718,9.44924932621462
146719,8.148046512898196
146720,8.995912881006285
146721,15.398490686851739
146722,7.942748531702611
146723,8.207264383568372
146724,8.961492163410915
146725,14.787935424672167
146726,12.55729404795009
146727,12.605493714126137
146728,6.626542954501247
146729,9.927523418802929
146730,13.623837500252183
146731,8.241872368017582
146732,9.129201979360072
146733,9.258213239362798
146734,11.33308366369221
146735,10.539837107623972
146736,12.672087142517531
146737,6.253242626904789
146738,6.846239787375255
146739,9.900855392619365
146740,10.55685255314717
146741,10.749462060688664
146742,10.092258011195979
146743,11.760021940045878
146744,11.247954878346757
146745,9.415366807705501
146746,11.336512638419407
146747,8.756551956431302
146748,10.520681055877809
146749,10.884973943679933
146750,8.49291604185413
146751,11.80020181721803
146752,7.155281427262755
146753,8.941898402832987
146754,9.487948518921613
146755,14.277643211279193
146756,9.331719288112543
146757,7.354356779821375
146758,11.829171775669414
146759,8.494745201671439
146760,12.930871417050957
146761,6.905645071846122
146762,9.048406501037846
146763,14.156643753959662
146764,9.994836172337749
146765,10.946810384160987
146766,12.125156500645197
146767,10.89399837970941
146768,9.914548839000792
146769,8.275961511641677
146770,4.75419956570436
146771,12.847141507067397
146772,8.918928252959743
146773,11.21935053542982
146774,9.931464498211673
146775,10.978145102644433
146776,9.639388994030051
146777,9.004997854014317
146778,9.278657234282079
146779,8.48819527760764
146780,9.975826282493696
146781,11.489007316643391
146782,9.91142867207395
146783,7.5408560316295
146784,9.419827735198984
146785,7.188772594899736
146786,11.05784083504118
146787,14.753554963943614
146788,10.626602518535947
146789,10.545043879483897
146790,11.06562194858621
146791,15.528091974285749
146792,10.752832641544865
146793,10.280430480510734
146794,10.102600265403847
146795,10.588968797631114
146796,8.216195185460725
146797,9.24061877396844
146798,11.155720437871835
146799,9.477741278424979
146800,8.851184553206696
146801,7.026910306650214
146802,9.159182775833031
146803,9.362580857963701
146804,12.566435193732023
146805,8.777856851837488
146806,8.295661204377888
146807,9.995456891913646
146808,8.219131954670061
146809,9.289522273254878
146810,14.46271380395028
146811,9.924154485070627
146812,10.110052400741164
146813,9.278167165206364
146814,9.040195646243543
146815,9.790990578838406
146816,10.031504600206315
146817,8.886634863407336
146818,9.023676354496011
146819,11.846501061015337
146820,7.456483508268038
146821,8.081979038549822
146822,8.704465938003299
146823,10.942000604224324
146824,9.076570153261915
146825,8.624981053733837
146826,14.682688387356865
146827,6.8827780728866275
146828,10.032956928800644
146829,10.231121818452433
146830,9.183174150261149
146831,9.36610604622019
146832,11.805940143996736
146833,11.127072778119652
146834,6.497303810253219
146835,15.329711025665635
146836,9.47741303364522
146837,9.089024092231718
146838,12.784029130115258
146839,9.984064721982527
146840,8.442918640109337
146841,11.792810668347736
146842,12.544011527754447
146843,8.824424503051265
146844,7.540520710290449
146845,12.095771759795438
146846,15.849649989724549
146847,10.7348817563089
146848,11.830917020106517
146849,7.185949138560015
146850,7.615025173234545
146851,12.296773646753227
146852,5.903672849965305
146853,9.397322770039711
146854,7.621981149525148
146855,7.0547550241812065
146856,15.859170729356094
146857,6.939970655441066
146858,7.130234255987847
146859,8.325300485150105
146860,7.324339161304809
146861,4.917838213333439
146862,12.467151059135247
146863,8.632026169666434
146864,12.32308153714925
146865,14.290180583465082
146866,13.934360905729353
146867,11.514189105872617
146868,6.961615631108879
146869,11.753968565421745
146870,13.631823875046587
146871,14.788299317623858
146872,12.822591951269183
146873,10.306416566929387
146874,13.176832936697187
146875,8.746458839604447
146876,9.8643796615427
146877,12.119183613369938
146878,8.1820201556842
146879,7.4767271452510276
146880,9.259926114411487
146881,13.640580284571481
146882,9.669623227719327
146883,7.549633369453437
146884,9.18916532049217
146885,7.477115839742586
146886,8.326583137740311
146887,9.531967870150561
146888,7.188932480789904
146889,11.583803447930457
146890,11.811154589860518
146891,9.292040085822032
146892,9.397034086334413
146893,14.305488721187936
146894,10.16647915666606
146895,9.169994517969922
146896,10.881870143157393
146897,9.16415567881469
146898,6.3003802607814725
146899,5.374646013965583
146900,8.928933765862526
146901,8.014396627787793
146902,8.765640885043045
146903,13.748443663590649
146904,6.496655142530012
146905,8.378439400544314
146906,7.830819857018083
146907,12.438817335191573
146908,11.855863379700978
146909,8.709970786799257
146910,9.608332270688866
146911,7.848855861872126
146912,17.21843056692244
146913,9.128561824574927
146914,9.192416068460355
146915,7.146813043549827
146916,9.214602476668205
146917,7.026770769517026
146918,7.848836271432067
146919,10.544755268890682
146920,12.208979493160248
146921,11.98571382148321
146922,9.070556803770668
146923,10.57497832298695
146924,10.470792398867534
146925,15.082546676815918
146926,10.354804044912134
146927,12.938170281845156
146928,10.66945686756432
146929,7.9236460321611615
146930,12.43190963212799
146931,8.048669872684425
146932,9.67931918794908
146933,7.184902813197856
146934,10.939942815481405
146935,9.176456144994857
146936,7.385494219280632
146937,9.488197484609064
146938,9.478545913028187
146939,11.001579880540268
146940,4.455310433319695
146941,10.611001499790206
146942,11.279528785368479
146943,8.547094492501216
146944,9.067469825687994
146945,6.130890446908099
146946,16.359809810018774
146947,12.52643211042269
146948,9.468053152075406
146949,8.90264955115564
146950,7.919683874053341
146951,9.798231194063387
146952,11.944112072303625
146953,12.96096633136697
146954,9.863517492320673
146955,11.320348480371589
146956,9.093571123739473
146957,9.509344242117285
146958,9.76324116335018
146959,7.22843598281446
146960,9.63322958081076
146961,7.918227075032377
146962,7.717858186952458
146963,11.549580654295674
146964,4.511398896419148
146965,5.710317731269711
146966,9.115177506998817
146967,8.991466308464755
146968,10.658476888334217
146969,9.211183739822792
146970,9.441125515492683
146971,4.007287326769828
146972,9.970331799318753
146973,9.302896190124532
146974,11.066973887918017
146975,9.298361805249172
146976,8.451512441720908
146977,9.397408717001005
146978,6.9222373878654695
146979,7.383255763480809
146980,15.2589271020329
146981,6.8146217018241275
146982,14.781359707662801
146983,9.113808851471386
146984,11.236932723774856
146985,10.840711154500331
146986,9.643318119911115
146987,9.608629138179719
146988,9.22958014823621
146989,8.972130240800661
146990,12.522623296054517
146991,13.50610200453923
146992,10.707119038631486
146993,6.697682472768157
146994,5.857138439435749
146995,8.352977804082816
146996,4.1252226236126335
146997,11.418891407108323
146998,8.978767008076495
146999,9.233750766294127
147000,6.919393703187886
147001,9.082809262516585
147002,13.528968867703426
147003,12.797157216634329
147004,9.158233730248956
147005,5.87445276280293
147006,10.537672852245395
147007,6.819171502226451
147008,10.94621207727018
147009,8.879056011433368
147010,5.6867869285519
147011,14.521080866412708
147012,10.397430766575896
147013,10.362015087179053
147014,9.595740503459558
147015,9.547959443052894
147016,6.154521998525452
147017,9.666116617826315
147018,12.557093962143274
147019,4.527948264467278
147020,9.829435879770433
147021,13.175310327075668
147022,8.336066487441306
147023,10.756441558697937
147024,11.970106179900501
147025,9.521586166001889
147026,10.10746217269267
147027,8.866329284253968
147028,9.840038953937343
147029,9.842401677993522
147030,10.011988579599308
147031,8.120094012715576
147032,13.480926047659727
147033,9.711770366745313
147034,4.8900716183841215
147035,6.642874031477288
147036,11.400385656561856
147037,9.400026015231665
147038,10.619327786877118
147039,9.377722988056584
147040,6.91129465857388
147041,8.014106578204615
147042,11.379304772240056
147043,10.264528241164097
147044,7.63853166121991
147045,6.87826845120527
147046,7.638144990341942
147047,9.246646910315395
147048,11.938757787980867
147049,10.093820673552813
147050,10.151698435913993
147051,9.40554594092431
147052,8.289542282445527
147053,6.244251515741747
147054,13.719693606156284
147055,9.358563512866656
147056,5.74819570080188
147057,10.35876834158058
147058,6.089678209342156
147059,12.19285176359185
147060,11.203824667555986
147061,11.149726149399092
147062,9.011153148068676
147063,7.1022905744694125
147064,13.535720892281091
147065,8.01649762856179
147066,10.754179442976229
147067,9.23390385472186
147068,15.038075904821374
147069,15.075997516312068
147070,11.147098632210424
147071,15.77311485820589
147072,4.974593536613039
147073,9.026973498303494
147074,9.32831649328563
147075,9.868952120169535
147076,9.36661440244898
147077,12.593546727154507
147078,8.147758130228524
147079,5.448973856016716
147080,10.298236118651726
147081,7.520442953399804
147082,10.525629375916171
147083,12.541744201276785
147084,4.924069861378675
147085,10.39594062154031
147086,7.898876279185103
147087,13.241961423040024
147088,8.25404737809456
147089,7.878839683431517
147090,8.198435111285551
147091,9.729866379449327
147092,6.37912987629178
147093,12.936736210043517
147094,13.265889798212902
147095,10.184310471282219
147096,8.722100788923035
147097,10.356204096514995
147098,9.411324839251213
147099,9.988288292889226
147100,9.839607335779487
147101,8.898207954894485
147102,6.5328057006217914
147103,11.244971570452613
147104,5.602578859091091
147105,11.864574864632626
147106,6.605655336089654
147107,9.401377283565429
147108,9.129660819019586
147109,10.573463602243958
147110,9.482928161694497
147111,13.167180209768592
147112,7.294901759460703
147113,4.989052372083145
147114,12.202005473817875
147115,9.020381672150119
147116,9.156885865334065
147117,12.026973898380376
147118,11.990685084689138
147119,11.363099121024208
147120,15.16419982499725
147121,7.595418272773782
147122,5.64720191096185
147123,10.948342158783815
147124,7.855027710093879
147125,12.732102122930176
147126,14.816421802491917
147127,10.491240346189251
147128,7.261080946025092
147129,10.219850184050463
147130,13.126727735883629
147131,6.812692895615716
147132,11.462614745722036
147133,11.315241430504958
147134,15.080408758452261
147135,11.990748736748625
147136,11.565469704324105
147137,7.91812276852598
147138,10.841730670250907
147139,10.888136028761622
147140,17.40877607730361
147141,6.998279314928591
147142,14.367540606713769
147143,12.405469357122978
147144,7.506030644604957
147145,7.128201889314612
147146,4.116244241844777
147147,13.268413580288811
147148,9.488830641834229
147149,9.60733278074164
147150,10.07754844274815
147151,14.33581533035412
147152,9.008879237883642
147153,7.003865639239389
147154,7.808248800589451
147155,11.408732980420055
147156,9.287375827528297
147157,11.354508102024543
147158,6.779188339467174
147159,11.669460562451295
147160,7.6007422675841045
147161,9.446854350303493
147162,6.671379787932132
147163,8.646444611350141
147164,6.6090548253638675
147165,4.821146033569597
147166,8.454572703636586
147167,10.42995975082057
147168,11.235082132968397
147169,8.683855527084154
147170,11.578425793245186
147171,9.34100776127337
147172,10.250193194373159
147173,10.776951843680203
147174,9.436607225979817
147175,8.948444778304022
147176,12.924885915428039
147177,14.915202753922424
147178,6.125343159740153
147179,8.947402707137226
147180,7.095769744468801
147181,11.944756631340066
147182,8.283274112183324
147183,9.888623341847774
147184,9.28962939041367
147185,9.632375753197291
147186,5.139896390091126
147187,12.211468969010687
147188,11.548778412324474
147189,9.642366420624015
147190,8.113613740350642
147191,9.499514382916352
147192,10.76523948799635
147193,9.973789456342855
147194,9.991200583522271
147195,6.947757559056008
147196,12.16179897366875
147197,11.840297994898545
147198,13.198774989487012
147199,12.276908058910866
147200,12.042214917957711
147201,12.700297699546972
147202,10.02862196376784
147203,8.364574572587085
147204,15.901529860348024
147205,7.71306713195091
147206,13.161422799429596
147207,10.13583512053986
147208,8.19970196956155
147209,8.679595142183194
147210,4.4966999145733215
147211,8.971218512041228
147212,13.135409155306016
147213,9.825322659143344
147214,7.734545435456819
147215,15.657337302222455
147216,14.070902205353814
147217,12.370120481932252
147218,9.428632301412485
147219,7.289697529867882
147220,4.683574113160692
147221,12.913351340112708
147222,9.282462411069666
147223,7.010991315850592
147224,4.669855465697276
147225,7.490085705599145
147226,14.853030058345794
147227,8.51295685695477
147228,7.709433742751872
147229,11.351605697712092
147230,7.608311470487967
147231,10.01200283656008
147232,8.750663694002045
147233,10.060429134743597
147234,6.603363435689795
147235,9.369403015600588
147236,6.172868840583929
147237,10.025011878132709
147238,9.295484006952032
147239,13.442256649331474
147240,7.792048034571695
147241,9.627825048433895
147242,10.766994547616509
147243,10.257082576490571
147244,11.778659408992969
147245,8.824392793423398
147246,9.659336680759857
147247,9.170336650696727
147248,11.166630864545557
147249,7.969668082365644
147250,11.413031735416121
147251,8.318887511601625
147252,11.207787854633082
147253,9.455944157000905
147254,6.786048110412972
147255,8.667198656361686
147256,9.992362049319913
147257,10.369422221466909
147258,9.216444186851309
147259,7.168057957152453
147260,11.141134145242537
147261,12.348760604205406
147262,11.467093900247903
147263,11.154263017176756
147264,8.39755285768322
147265,11.913448963061532
147266,8.175571699967236
147267,5.805957310343868
147268,7.991763001702429
147269,13.142581785718397
147270,12.324304843041393
147271,7.665089044278706
147272,12.53080647842302
147273,9.816911700133703
147274,7.4790632233467935
147275,8.470244617149628
147276,9.4193255619215
147277,9.05213390675739
147278,10.936679747563511
147279,9.461232260317553
147280,7.7802630426620185
147281,8.062874320352813
147282,10.272589374856256
147283,9.054629775838213
147284,5.221473267581034
147285,11.466506979943283
147286,10.070931675931146
147287,17.524825420888487
147288,11.908345677986848
147289,7.642501712479154
147290,9.960202264438161
147291,8.416572489433666
147292,5.286466344205894
147293,8.66803177439191
147294,6.871579420057131
147295,8.6602916902478
147296,9.372836761023603
147297,5.249132415300761
147298,13.185427848932198
147299,10.03075702197113
147300,9.61249696044031
147301,6.4466759578998225
147302,7.010489338575257
147303,7.608848036610934
147304,7.626448892018002
147305,6.930220966415227
147306,9.091104445701323
147307,11.700854439976114
147308,4.6790844773876925
147309,9.344766750449196
147310,15.442125747275558
147311,11.930999480501809
147312,13.408995610421673
147313,8.576679015118737
147314,10.286835836395344
147315,11.024292705358937
147316,16.031044542430415
147317,5.64257060241868
147318,15.755054003044615
147319,7.387324496728686
147320,6.194651933419459
147321,11.128429660390065
147322,7.460640166774217
147323,8.828670744733135
147324,9.008745155592347
147325,6.80765187760507
147326,6.449654446276057
147327,11.262442637759246
147328,8.424800437487294
147329,8.066082700401378
147330,16.38432768241545
147331,6.854478569217351
147332,5.323360803475341
147333,5.963674988589679
147334,9.772107391756402
147335,10.418172782802449
147336,11.31475250914644
147337,7.791165947966567
147338,7.46290748008863
147339,7.063079991469378
147340,10.456116110016309
147341,14.525573411848077
147342,13.449249676248632
147343,13.703335902788504
147344,9.312574788622822
147345,9.4809306508289
147346,8.628284564753619
147347,7.316357238847978
147348,11.457086789615174
147349,8.842154399074289
147350,10.944595744465401
147351,7.6047085170189295
147352,8.202930356750619
147353,14.07687399291143
147354,8.287299346355557
147355,9.728561245617911
147356,12.381583176327785
147357,12.168864998528672
147358,8.586964245512293
147359,8.335542007711027
147360,6.930214198716657
147361,11.169074606486912
147362,15.234360267188999
147363,7.851995672018876
147364,12.895231676302767
147365,7.681276914258783
147366,8.510376152020708
147367,6.005789560208452
147368,11.190527631635891
147369,9.412586870939034
147370,12.086601947197316
147371,7.095524204837588
147372,9.287740177660652
147373,7.360094823314983
147374,8.117261766700654
147375,8.835488241353497
147376,10.356316665140058
147377,10.158938542087494
147378,9.330341773688234
147379,14.206284518876924
147380,8.396553152010702
147381,4.479895230986328
147382,12.57898292199819
147383,11.308105139048479
147384,7.259581993677806
147385,17.801226983818133
147386,9.512600165214547
147387,7.640535083669161
147388,6.8424998823838745
147389,7.282970277758631
147390,8.225945594006161
147391,6.647548686647693
147392,7.135076978743466
147393,7.818791737656956
147394,11.367551490200166
147395,7.546385913165828
147396,5.0138462512481645
147397,14.573069750845542
147398,9.825343437693306
147399,10.524032995611698
147400,9.66290051414769
147401,7.211359379098582
147402,9.893534671911969
147403,14.69070071670778
147404,9.498192144616192
147405,10.34401543508919
147406,11.712494996343139
147407,7.615658403415985
147408,15.603865484680233
147409,9.565429513638934
147410,9.214105831908572
147411,8.164212434600516
147412,9.952487632979444
147413,11.679801612036636
147414,7.061719067044281
147415,17.14753516444774
147416,6.483182544521561
147417,6.145182216878938
147418,4.4635607787829406
147419,9.502536101498075
147420,8.613019276771066
147421,9.460401197281538
147422,10.7323515706483
147423,5.289327898199373
147424,11.77151665336822
147425,11.258964744773253
147426,5.292803451117223
147427,10.703951409646518
147428,14.178480147953707
147429,10.13235010529586
147430,11.34470843762377
147431,9.37187184142358
147432,10.692137277135327
147433,13.593451808621069
147434,11.653967107262174
147435,12.121765108614431
147436,11.998652556480424
147437,6.957651440582625
147438,9.795719684035145
147439,11.955298786191873
147440,9.454240009207457
147441,15.572888273707681
147442,8.617375197413267
147443,8.885954096122896
147444,10.667175875030413
147445,11.47897333779853
147446,7.984327779280437
147447,8.682729628399395
147448,8.700073975177396
147449,7.988478088717555
147450,10.965437940648737
147451,8.775602569315343
147452,14.07554770363518
147453,10.525529818540921
147454,9.591446632635536
147455,7.773443395558618
147456,10.053561547059903
147457,9.83483125248965
147458,7.117138733591581
147459,12.795888622462616
147460,8.689894563105337
147461,10.233289227472195
147462,7.309551698384719
147463,8.996850842841445
147464,7.590682585738799
147465,13.055475280223822
147466,12.437143264924318
147467,12.01721136494167
147468,8.33264076759406
147469,10.265169059108207
147470,9.730153864514623
147471,11.975769490323017
147472,6.39215162148769
147473,9.942121121892152
147474,9.639622217806593
147475,11.376293664559867
147476,9.74505019376355
147477,9.955697311306306
147478,10.260780390581044
147479,7.339402983381819
147480,9.577356696979765
147481,12.96998710566397
147482,13.209881414978543
147483,11.957778604208876
147484,13.83202377408939
147485,8.510285065411214
147486,9.35032626994063
147487,4.42400617558481
147488,11.506813099236638
147489,10.05733584521786
147490,9.705000738869973
147491,10.056387324504362
147492,8.567656780701336
147493,11.33883132373332
147494,11.144100252248867
147495,10.236901800403981
147496,11.043738989049595
147497,9.838277901027288
147498,11.097207536923715
147499,9.73857448674906
147500,12.204949795266662
147501,9.552323913348273
147502,8.866875565629002
147503,8.908462980719483
147504,11.731318235311166
147505,11.193770792645106
147506,8.912722805084448
147507,5.683191554083525
147508,8.232624373195339
147509,8.941605880236656
147510,8.406125923193079
147511,6.214033353554767
147512,13.312275313631195
147513,9.518056859372757
147514,10.576470890114019
147515,12.341106092489923
147516,11.631391240649439
147517,10.559420894171215
147518,17.063592273323895
147519,7.905060941268259
147520,8.99062066713974
147521,14.093948601565632
147522,12.464519229288905
147523,7.92964944881126
147524,9.290437683318638
147525,6.692218492407318
147526,7.289217074505466
147527,9.672749240667343
147528,10.680651484944457
147529,11.117111574645417
147530,10.07810001405257
147531,15.337701075009141
147532,10.657457113998465
147533,8.691771962846664
147534,8.871484631740824
147535,5.64601993857231
147536,12.26743965114851
147537,13.549982569115485
147538,7.007948789813824
147539,10.506063873109767
147540,8.126012991613985
147541,11.162102477731121
147542,7.016811460897626
147543,16.81402085957418
147544,14.33369420977929
147545,9.09183568338867
147546,11.526906545649458
147547,12.910707088725744
147548,10.991211624947919
147549,14.147469536857193
147550,10.177966241595913
147551,4.237037947258649
147552,13.122910125933895
147553,13.275600658083084
147554,9.358041253861877
147555,6.920849482840024
147556,12.71409812927725
147557,5.659692392730479
147558,5.503821074679735
147559,8.992225169462362
147560,7.411959948692944
147561,10.390832335693494
147562,8.761557064748958
147563,5.484365693577156
147564,7.419883295640065
147565,14.523114675505592
147566,10.38806930023913
147567,12.03203908710535
147568,6.59947615143589
147569,9.563857612693463
147570,12.650312206416126
147571,9.595465150712977
147572,8.530941311794946
147573,9.08224549421914
147574,10.231035012925464
147575,13.456893354967267
147576,11.59561042359117
147577,12.029532658079479
147578,9.352877546650344
147579,7.582448949933143
147580,5.4067460880312295
147581,9.638975163607258
147582,15.7377862269303
147583,7.682420105898143
147584,4.312718990761985
147585,13.889701495353881
147586,8.24003258002264
147587,10.660580016359658
147588,9.971649060530655
147589,12.73318940794323
147590,10.213272453316524
147591,14.087506323335171
147592,11.829606505124215
147593,13.982273137405944
147594,8.693423294701933
147595,12.945026407328545
147596,9.398229695434708
147597,16.545621918170543
147598,10.675354332622957
147599,11.51947418491197
147600,10.180410856185498
147601,6.820178210188017
147602,7.988242985520111
147603,12.007309907522963
147604,8.372569040401627
147605,11.459648299300511
147606,10.046533085717959
147607,12.372929891064292
147608,11.949191114868759
147609,12.855051844465319
147610,16.662228209563033
147611,11.372396857772276
147612,7.874992958288379
147613,9.457975104550428
147614,5.540931013080021
147615,7.284761020058669
147616,9.941806587429065
147617,15.135827480200607
147618,11.40507741578159
147619,8.194852225257156
147620,9.76594464505582
147621,9.026030751860535
147622,6.615479259933215
147623,8.831893351319055
147624,11.558882491698505
147625,9.374772120062103
147626,7.055558235762236
147627,7.079824254165286
147628,10.132335490500342
147629,9.06162718617863
147630,9.70219441462351
147631,9.143471322001602
147632,10.672492015468812
147633,9.380008211370242
147634,11.806946876922304
147635,7.564627286117114
147636,8.504211353903079
147637,7.260289693204162
147638,6.146701082658739
147639,11.951686965490804
147640,7.285954089336111
147641,12.298569720043767
147642,13.110897168291695
147643,9.648181927314837
147644,9.831985929960656
147645,11.526458315955688
147646,14.444733293843175
147647,10.16280496420806
147648,9.272985802591736
147649,7.559141402633301
147650,11.587019558290653
147651,10.797775238244995
147652,6.986140668213918
147653,11.322156275533349
147654,8.395310055857628
147655,7.190785059503435
147656,13.295130528556493
147657,7.175598939764576
147658,10.544711688734921
147659,8.966633598464504
147660,9.874951407605373
147661,10.032801942813977
147662,14.687867912245554
147663,13.66698625247
147664,13.62881101274898
147665,8.04375995771179
147666,14.836186788979319
147667,8.435476271316238
147668,9.479938616973621
147669,6.152919592200801
147670,7.798537578852903
147671,14.757405082197318
147672,13.356640691526891
147673,9.450501952331729
147674,9.257054451567292
147675,9.19080949333153
147676,4.527037517265551
147677,10.147709906711048
147678,11.734416628054042
147679,8.86589594853788
147680,6.335410551479774
147681,15.137425830216063
147682,9.564842591726457
147683,6.4072374151790426
147684,8.052125193883029
147685,5.98040911336293
147686,10.846271073170357
147687,14.850010869523322
147688,13.317547598162506
147689,11.33146857900456
147690,8.158982327720764
147691,14.119752628831899
147692,9.88067786384521
147693,9.504487830640954
147694,7.671960147943001
147695,10.593505266554725
147696,11.133075057050391
147697,9.683014856177081
147698,10.718473600511974
147699,9.49267045749527
147700,11.220186370482066
147701,6.6331513690465655
147702,5.280178842873549
147703,8.319130646145616
147704,7.917561519352523
147705,9.170767340891876
147706,4.552147879780537
147707,11.212958433694604
147708,6.723884897594894
147709,10.294022212026075
147710,9.217493969595719
147711,11.9582038978866
147712,8.893362076963857
147713,11.870064399258322
147714,10.451503821848151
147715,9.350831690011685
147716,9.545911124655087
147717,11.230133952070158
147718,8.61458876398344
147719,14.302615688706533
147720,9.510644909393784
147721,7.554654324548315
147722,11.737733403743787
147723,11.739637270735717
147724,10.115384207713166
147725,11.333907062737229
147726,9.738301088465478
147727,9.597343512531511
147728,7.100317436370706
147729,8.553076786816462
147730,10.802755738813312
147731,7.367827930245693
147732,14.528701586265424
147733,6.035042078353237
147734,8.614345384387189
147735,9.242943788037712
147736,10.358517529760663
147737,12.046238355942057
147738,9.598959314984018
147739,11.462905750663833
147740,11.474706895475702
147741,11.790544861482916
147742,11.937906999637283
147743,15.18333720544553
147744,15.368076022872296
147745,11.261013914127417
147746,5.241901904026203
147747,8.816333121478634
147748,13.77601829569198
147749,9.732298190884851
147750,9.697316811906184
147751,10.492000591352104
147752,9.465552199048126
147753,11.615188561426638
147754,9.33433779636755
147755,10.039302043483323
147756,7.176061097788397
147757,7.496660095537851
147758,10.040655751722174
147759,15.455159208969793
147760,11.286089753598025
147761,7.143053378297779
147762,7.477407342053391
147763,10.804173787201254
147764,9.650398060537828
147765,6.68542131751182
147766,8.53984804173846
147767,10.202357295170817
147768,9.672830932316497
147769,5.541144854121042
147770,5.254301482398525
147771,12.945456883488097
147772,7.740692245107196
147773,10.992266891850289
147774,13.366258894345469
147775,5.5129603955395785
147776,9.677972331069164
147777,13.40571299315349
147778,10.14044800331374
147779,7.342311637251742
147780,8.218847481109957
147781,13.299763304803438
147782,9.264020917126434
147783,15.205778726909196
147784,6.261363016109275
147785,10.833267624380143
147786,10.128856831776332
147787,7.329188094394388
147788,14.001820353389618
147789,7.427035963510335
147790,13.93494743608172
147791,9.718010751558262
147792,9.934271448085514
147793,7.939889802852517
147794,9.822979926264145
147795,11.021315202164887
147796,9.952048942673958
147797,8.335082925528404
147798,12.300518763593693
147799,8.727355886477369
147800,12.92893606720249
147801,9.751927079639382
147802,15.13556947985774
147803,7.416590599769322
147804,13.650508630427288
147805,9.771285748660203
147806,5.3175478627334725
147807,11.76395936398843
147808,9.132982753445436
147809,11.09936098785331
147810,11.125070473110005
147811,6.631153402499247
147812,9.069976768407129
147813,10.271156340557454
147814,12.4681419490522
147815,5.913752755017436
147816,8.227969877859735
147817,13.71231608769482
147818,6.935377535255976
147819,9.20348939439447
147820,8.33905739937952
147821,6.711202489741095
147822,7.398118275868086
147823,10.779015795062744
147824,9.132605309683857
147825,7.3379789281239765
147826,11.916555452037269
147827,4.003821738769507
147828,8.188906427590615
147829,10.197098325571254
147830,6.769012877254123
147831,9.457101120881259
147832,9.978574439776112
147833,8.701152150252238
147834,11.106791387565007
147835,7.847059141969183
147836,9.232036296863644
147837,12.717838677498277
147838,9.424156539774005
147839,9.892501220511395
147840,13.78660478063093
147841,8.931026181140373
147842,10.11857340327048
147843,10.140379591596517
147844,7.788806774834565
147845,7.995612330077359
147846,6.365791649754475
147847,9.604031271291381
147848,7.035981129399401
147849,12.576436893683972
147850,10.32655672802159
147851,6.465679501945383
147852,8.433392152235507
147853,8.99433145858274
147854,12.094365905723325
147855,9.345062446235719
147856,12.589276886070254
147857,9.254492933206992
147858,12.966404022361484
147859,9.469404814027415
147860,9.429769169383068
147861,12.493938469740971
147862,6.98368277449336
147863,9.137910999138729
147864,8.323927421225164
147865,9.34965811424274
147866,12.076157327271336
147867,5.014457630425104
147868,10.382214648278286
147869,9.911379380308736
147870,11.652227954891782
147871,13.958480620779204
147872,10.130811379218661
147873,7.568035078662436
147874,12.07257909909256
147875,11.55148822254423
147876,14.351069633353386
147877,12.107763446044808
147878,10.892168743818853
147879,10.773849015709951
147880,9.526162847635046
147881,8.812610773068888
147882,8.660116316765988
147883,6.779801754130493
147884,7.463455311029601
147885,6.061437217278193
147886,9.09141821027115
147887,11.782305529147408
147888,9.306120913735663
147889,14.198947935882634
147890,8.244587990508856
147891,11.689620002633385
147892,9.282497162004995
147893,8.912180660541893
147894,9.45410815737962
147895,6.2632570193886705
147896,9.129260832846482
147897,8.942372824590636
147898,10.110384395817258
147899,8.323036205493677
147900,10.360775296452228
147901,13.157426370002616
147902,11.03823767040152
147903,7.1221590321612736
147904,7.628961877352026
147905,8.21952095515977
147906,7.830372417577037
147907,9.552105708129373
147908,11.549238158559184
147909,10.018002919003527
147910,11.156181752060771
147911,10.46168343461628
147912,10.096021924618674
147913,11.736975549341443
147914,6.99980827950206
147915,13.034780079374395
147916,15.55007443745109
147917,6.48092889543081
147918,7.743047639916895
147919,12.442823291638202
147920,6.134598346664136
147921,11.233022638574825
147922,9.302220020843695
147923,12.848432772854562
147924,6.860967589857412
147925,10.603105131691379
147926,11.964524894201805
147927,11.651689591150145
147928,10.087342442665475
147929,8.570132872825111
147930,8.279713741045656
147931,7.0397328635613885
147932,8.885556566291024
147933,8.808766002353568
147934,10.38872618938022
147935,8.616445294548303
147936,12.318298417939307
147937,15.981590117650843
147938,10.577461926000996
147939,9.919977687518838
147940,10.852502724921603
147941,12.487688171162624
147942,13.943356438024384
147943,11.835935118908546
147944,9.50067912084574
147945,9.134558628335856
147946,7.693593711866805
147947,8.375347054606584
147948,8.424329370730536
147949,9.384321649523518
147950,9.47598192225769
147951,15.164182324221716
147952,10.604481510259692
147953,9.588494131583527
147954,11.055780449290207
147955,6.956509536064973
147956,10.865830847472932
147957,5.827206025227442
147958,13.5354778513173
147959,8.2514543460647
147960,12.098110019214877
147961,10.902573932244342
147962,16.909724715924245
147963,3.99297259230194
147964,11.400232283554622
147965,8.991144234843116
147966,7.789469069357598
147967,9.264735090989873
147968,8.19257222710734
147969,7.055469876291833
147970,7.408931118110926
147971,9.541330731440727
147972,12.296343501093393
147973,15.805723488116774
147974,9.422738999547885
147975,11.744311895064806
147976,7.843915944484493
147977,7.5946761785355035
147978,8.71883050342639
147979,6.298037104393468
147980,12.623930946234795
147981,12.396632316996488
147982,15.660281398373465
147983,11.599125591168164
147984,9.6742358094354
147985,9.20887721228391
147986,6.718098077691179
147987,11.197820036934257
147988,9.08991793268618
147989,4.450165561019139
147990,10.429147881766044
147991,11.712336228920961
147992,11.49324059456668
147993,13.57104495070837
147994,7.312739717371651
147995,9.597916532337607
147996,9.606643797458336
147997,11.227022660595075
147998,9.969114319390517
147999,6.802761660605415
148000,8.369956180128185
148001,9.721038208214827
148002,9.274967700687052
148003,8.585299924755901
148004,10.601655704810465
148005,12.008194177770514
148006,6.574069923205056
148007,10.246968965334178
148008,8.113916014384088
148009,9.930420861756577
148010,10.69759929104893
148011,13.84040337285154
148012,9.546713064664676
148013,6.547817473415444
148014,10.880386220982297
148015,11.580373358173821
148016,11.469770266504238
148017,10.660602512320068
148018,7.593819011923889
148019,6.614216297093731
148020,10.453332672239217
148021,9.14297466786858
148022,7.283848634694232
148023,10.048306114687168
148024,6.554921092697323
148025,6.897911873344496
148026,7.887389237737011
148027,7.833097263891649
148028,8.975088688077443
148029,10.364612521985807
148030,8.813521152647207
148031,9.9557375202336
148032,16.346067422490535
148033,11.780043448777882
148034,10.840009332639656
148035,7.368838924162124
148036,7.683488879385865
148037,10.159014466688344
148038,9.145822514500669
148039,12.47814016294004
148040,12.956918333372812
148041,11.421086640223447
148042,12.765945514715197
148043,8.072502100158655
148044,7.215434583855324
148045,8.916660202009911
148046,8.97740224956809
148047,9.43474670981897
148048,11.891549636181054
148049,12.298544730312042
148050,6.154957715250555
148051,8.694354926218114
148052,11.384405289801798
148053,9.45612198943337
148054,12.695275177272864
148055,7.470622271252454
148056,12.815436407642101
148057,4.45484129919015
148058,6.234993151553558
148059,7.482898481967505
148060,8.394338546994788
148061,14.271411270956397
148062,6.406631299590546
148063,12.348012698920527
148064,9.082464235669587
148065,7.488345432263882
148066,12.459754310090103
148067,14.393862549908619
148068,10.575370728651475
148069,11.492210697852936
148070,9.500437014760644
148071,9.989990655367425
148072,10.479046201152764
148073,8.146900168486457
148074,9.687381354229565
148075,4.895653980392475
148076,8.271683574491622
148077,9.926889327655383
148078,11.723558381035508
148079,11.53837485350019
148080,12.375685304272228
148081,9.687138494483628
148082,15.994709564782392
148083,9.119669496881144
148084,9.170046575009312
148085,12.950445270212219
148086,5.068904568397365
148087,11.304816946087042
148088,14.392447086723376
148089,9.740610324589644
148090,7.066946461909302
148091,10.13002605972757
148092,11.435867545594704
148093,9.037745589832786
148094,8.40167624361432
148095,12.386067904297748
148096,13.193031584544665
148097,7.544101137096122
148098,8.291399806782223
148099,12.52870300597628
148100,11.826294787177394
148101,11.890328427943519
148102,10.80716401245831
148103,9.885805431904947
148104,7.975304804280469
148105,8.239030816382428
148106,8.209899901666498
148107,10.280641576267342
148108,10.713332114570658
148109,9.474264022639248
148110,9.680926178357932
148111,9.341032153915066
148112,12.913471203612948
148113,13.686776452397629
148114,8.99704781177919
148115,10.854235363622646
148116,16.894270363118345
148117,10.486300455266669
148118,10.185421084297921
148119,11.220598912027961
148120,13.694856578867146
148121,9.119509370940444
148122,8.430672079665758
148123,7.930785468904813
148124,15.020916024981357
148125,8.96352057469521
148126,10.228542088730583
148127,4.713329039028067
148128,8.241609443865764
148129,6.317683017826089
148130,4.498735601986587
148131,7.245016103723873
148132,9.29930726943871
148133,12.017145807076252
148134,8.387474431015779
148135,9.145791364880681
148136,10.430746508824253
148137,6.5310035903789485
148138,9.320702793597851
148139,11.232832032262696
148140,10.13197368308743
148141,12.273189052883652
148142,11.815377040216976
148143,11.074625752802241
148144,7.434601168078513
148145,6.736013232715891
148146,5.876606276502953
148147,14.508957021553972
148148,7.075098361515105
148149,9.406803653274975
148150,9.53659162918294
148151,13.683099363274044
148152,7.6503516201858135
148153,7.643600991567029
148154,6.808451668397323
148155,11.624024851347505
148156,9.49098539705501
148157,9.275352166558928
148158,7.3606508055858
148159,10.950288693899243
148160,7.1632556066054915
148161,5.477214143469459
148162,9.425531053349578
148163,12.140549337435004
148164,7.766599303733315
148165,7.486309600293788
148166,11.736537030812693
148167,9.063575443535525
148168,8.30014229405835
148169,8.103943654559075
148170,9.980226597814223
148171,12.740965876511918
148172,10.929770767313128
148173,4.256729946528934
148174,6.931289637484184
148175,7.782419567941761
148176,9.315343630844819
148177,10.34589948623437
148178,8.794665476322502
148179,6.139131129781534
148180,4.3755939543050255
148181,8.200598462182672
148182,9.432528734117884
148183,8.207974386119314
148184,15.158886545048551
148185,9.523326659049625
148186,9.984847061477826
148187,5.54856532829602
148188,10.735734005835823
148189,13.686741647161634
148190,7.233290125254416
148191,11.746685794981488
148192,6.182508115026906
148193,6.094007473432475
148194,10.285004764823205
148195,13.224632034266017
148196,13.958104697163071
148197,10.067762895522488
148198,9.83277350118803
148199,12.478882261267813
148200,9.351508855128246
148201,9.430892353033972
148202,9.801603202054348
148203,10.438814446619832
148204,9.243432594235895
148205,14.987917697195808
148206,5.022185441846513
148207,13.833583044654045
148208,13.216157300265783
148209,12.26203345670073
148210,11.902996501177984
148211,12.190641939380653
148212,8.94823377281801
148213,5.906810870969301
148214,11.070996525891067
148215,9.599314931770625
148216,13.378304441923092
148217,8.94610037480258
148218,9.013522282772723
148219,10.307696560177819
148220,10.489582205363721
148221,12.091034586519005
148222,8.838032751935645
148223,13.740822793512383
148224,8.337434213654205
148225,10.470881365888706
148226,15.540998553017735
148227,13.66853764006441
148228,10.732235682254435
148229,13.419877306037549
148230,11.801047973134628
148231,11.426010207995025
148232,9.486680010683864
148233,9.420524388856958
148234,10.560205248283467
148235,9.995854058706168
148236,13.46269649478972
148237,17.78426762356315
148238,6.968010972654443
148239,8.86259991216536
148240,10.016000599237763
148241,9.004346564470726
148242,10.706789582918415
148243,12.807360224722606
148244,7.5078637125025836
148245,4.995327177131043
148246,11.002226925270833
148247,10.532341973583119
148248,5.639361968050139
148249,10.106719283367188
148250,10.912812923231545
148251,8.084049014321568
148252,9.063357531188286
148253,9.486059298215743
148254,6.440603332984535
148255,10.83554609068267
148256,8.089722991819222
148257,8.92813791630321
148258,10.292919915173007
148259,9.874935864000795
148260,9.77948683814874
148261,17.972552286414363
148262,8.987837669612313
148263,8.90477476890815
148264,7.076568347640506
148265,7.556958395604335
148266,7.121455754616906
148267,5.2147107130574195
148268,10.664733795966695
148269,9.38533121401275
148270,14.003847354670317
148271,10.78573439740035
148272,8.411103715210462
148273,6.706183880093349
148274,9.882642830974655
148275,5.825293317633968
148276,6.563957696874359
148277,11.104569349642858
148278,10.44844219145853
148279,8.704871316484668
148280,8.658576524955658
148281,7.169459632301482
148282,9.034112798870055
148283,8.79959394417568
148284,13.49008974449971
148285,9.424230183826067
148286,6.032927058272128
148287,14.033583498771652
148288,11.140936126430608
148289,13.75042364329812
148290,7.443815204768944
148291,13.265596134847053
148292,7.986920037453328
148293,8.178693312565079
148294,6.930175308067343
148295,9.416111537350972
148296,8.974056831618702
148297,13.788749249337721
148298,9.687793430358466
148299,5.728355064252303
148300,12.196428869680911
148301,9.509290181148842
148302,8.323554532863074
148303,9.636747652749529
148304,7.49667342700009
148305,7.265160932806969
148306,9.445203408963915
148307,6.69755962413854
148308,10.38518726685697
148309,9.5232987861054
148310,15.197054284272644
148311,9.271618016029915
148312,10.44814354107219
148313,9.821037766846953
148314,10.470062569228647
148315,9.197507607030477
148316,9.417834563493273
148317,8.345649483589252
148318,7.65049613563167
148319,7.278556583376608
148320,9.337862869087221
148321,9.405090982748085
148322,6.588833763594951
148323,8.070358962094488
148324,9.4740020699878
148325,6.3026826673997
148326,7.3228333398595336
148327,8.542918413608954
148328,5.491346141926296
148329,8.897994703056115
148330,10.16753956568009
148331,8.797703040493662
148332,9.606148801026201
148333,8.794860681627016
148334,9.677407441401174
148335,8.700160436170988
148336,9.16037712907877
148337,8.28799230043073
148338,11.192621616957533
148339,8.268449104159782
148340,4.211201688692695
148341,10.737563066569894
148342,8.637664601166652
148343,9.12117782205703
148344,11.234304879931518
148345,13.582781636173683
148346,10.146987885370558
148347,16.783593957115738
148348,9.356726262979242
148349,6.453190575820057
148350,10.925393869560192
148351,8.96439421067252
148352,10.066548655014431
148353,4.873240718549591
148354,4.893011963267308
148355,6.509845197185484
148356,10.096373436933613
148357,15.730451789317948
148358,10.64519027838146
148359,6.758110726857824
148360,9.238765063778128
148361,10.465241593945352
148362,7.947906851219074
148363,12.285855765472467
148364,13.831045614510264
148365,8.685747540131285
148366,11.489211478980264
148367,14.460324841300656
148368,12.190782925058825
148369,10.969451636754327
148370,9.554083561921132
148371,10.246600063801852
148372,8.933080961401473
148373,11.27209278174356
148374,9.361847851143025
148375,11.408783320219126
148376,8.87295670675945
148377,10.656977436388832
148378,5.879276617032101
148379,8.430262559186872
148380,11.004715222897829
148381,9.75691302682342
148382,9.596899873605576
148383,6.658304236044545
148384,13.169397926437847
148385,9.263620360620868
148386,9.030673210658287
148387,9.128138757817524
148388,8.179244543786254
148389,4.414051285904822
148390,11.394656570659382
148391,8.552309472861989
148392,6.814787378216167
148393,10.576286431874689
148394,7.880026671925853
148395,11.129111748757472
148396,9.937682448695117
148397,5.843598987842967
148398,9.967990253591735
148399,12.369927852753081
148400,10.657070548678972
148401,11.793074335666644
148402,6.91135513186831
148403,17.728616977224455
148404,11.60111708948098
148405,9.44989545037804
148406,10.851556574981975
148407,8.14682855511806
148408,9.183673077792736
148409,6.796445146404075
148410,7.630137932710068
148411,10.819398411348265
148412,6.191578968585644
148413,13.923682126120648
148414,10.279375674894883
148415,4.145682367300318
148416,12.07914891214654
148417,9.492302982856705
148418,6.279401702386064
148419,4.887880115252191
148420,8.911693209900923
148421,8.862630968528215
148422,6.645337943747077
148423,9.713289103484168
148424,4.1067715991365095
148425,8.22722746829721
148426,12.370796305042953
148427,15.895390229348962
148428,9.491657578859718
148429,9.110832725656033
148430,9.672549350104754
148431,6.413843526567869
148432,7.998318850418274
148433,9.712551174180977
148434,11.5593740635784
148435,8.845243421693832
148436,10.647783023429287
148437,8.368702382735906
148438,11.286375323347695
148439,9.645550569947176
148440,14.577599578542987
148441,15.549683927153989
148442,8.791544384886071
148443,8.678488832689476
148444,14.76693615969271
148445,8.791488177423943
148446,11.092731118280517
148447,9.622116408900792
148448,4.7926106412220975
148449,7.05479718157
148450,11.16498527400211
148451,9.134043933985158
148452,10.474789139205827
148453,14.064929507182274
148454,5.400520456431943
148455,11.713307292466462
148456,9.682551531193818
148457,10.072788584682076
148458,7.275886492690489
148459,13.325194630146473
148460,7.097802630729949
148461,9.427643369830438
148462,13.858113306245027
148463,7.552496974322063
148464,8.950793477672892
148465,11.75898059019095
148466,9.43279541200045
148467,10.91736294057198
148468,6.860437546252896
148469,9.09219669382217
148470,9.165709453094978
148471,10.034003322724026
148472,6.748766191283063
148473,10.700165823760097
148474,12.010306804797281
148475,9.325735756199666
148476,6.87421754908631
148477,7.902059720616087
148478,10.159692286410527
148479,7.094599131976456
148480,11.357279132150774
148481,10.276577013520445
148482,7.0700461255589975
148483,10.135951243080674
148484,14.426672025244983
148485,8.062622046102764
148486,9.455368189075259
148487,14.883873394831602
148488,10.889650712825699
148489,5.592433975314089
148490,11.18735243086472
148491,11.472489456763402
148492,10.332200679276507
148493,5.966606770033369
148494,9.240971822468397
148495,6.423651967949351
148496,10.414340740754076
148497,12.560735364309222
148498,11.792197862913891
148499,9.497954047274366
148500,9.88276249834932
148501,9.383751927646248
148502,8.89126951665006
148503,7.516660744011176
148504,10.28206835687912
148505,10.396167536111447
148506,9.083204825516544
148507,8.476859989768858
148508,7.1136076318376
148509,13.97958180635159
148510,9.343473811710595
148511,10.016661006458445
148512,5.44745516058728
148513,7.583739813975479
148514,9.73550007657891
148515,9.184134606738656
148516,9.458211273982734
148517,10.495155153430106
148518,9.880733156272575
148519,5.743844050518314
148520,4.220972040499372
148521,11.156135740889614
148522,8.58720944158981
148523,6.9301311659222025
148524,10.696645926435034
148525,15.366056505071048
148526,8.334534541474103
148527,13.76941325798182
148528,9.859369085606016
148529,11.444926462244613
148530,4.8629029433852775
148531,9.25004651601849
148532,8.342298528632202
148533,12.368020091731845
148534,5.820081016068908
148535,8.752433972582713
148536,10.40052384740122
148537,8.908061478539354
148538,10.21177604704229
148539,9.106489320715466
148540,9.66310767137847
148541,12.149151301924578
148542,8.801990339869851
148543,7.746314501465302
148544,10.903769475292737
148545,14.075717400808136
148546,10.297258541634205
148547,8.697734656813537
148548,7.186040428200703
148549,7.133829426291132
148550,14.325104913046314
148551,10.7631922011773
148552,10.413797411525548
148553,9.672291972980469
148554,12.009588059727706
148555,8.896814007910683
148556,10.485553653152365
148557,7.707055851311037
148558,10.786917140289031
148559,11.504571471664487
148560,10.975368971307317
148561,10.121142174896693
148562,9.429766561946776
148563,6.2345503760763465
148564,9.802657462342212
148565,10.703401830321486
148566,10.452250043280243
148567,9.84091563184632
148568,11.629048376880107
148569,11.110129359370301
148570,11.409083080772763
148571,13.541005630305396
148572,11.920096452432425
148573,10.040605519048801
148574,4.667492241104353
148575,14.419967373892671
148576,9.529892581062708
148577,9.57821116079353
148578,7.475644232510261
148579,9.20808029768514
148580,8.10876547866638
148581,10.15443942890872
148582,10.216686125090897
148583,9.370353186576747
148584,10.580622936615054
148585,9.817762015569032
148586,12.018618790075658
148587,13.614543415282569
148588,8.097588668527731
148589,8.39403456301013
148590,8.270237075532656
148591,12.826433462963942
148592,5.4896849405981
148593,12.704669915588266
148594,8.477874784190359
148595,9.743874956428852
148596,7.233087427216844
148597,11.267726938256093
148598,9.52699973303935
148599,11.71486540995385
148600,11.49369574384055
148601,12.34740771739616
148602,11.295031590546618
148603,9.26268588337545
148604,4.869759500351344
148605,7.5531369716222585
148606,11.413697259487426
148607,10.071057217708612
148608,8.685986776710227
148609,10.095304561565763
148610,6.899264671604778
148611,6.697126574981647
148612,11.946097058068393
148613,12.069973956296959
148614,10.199736154021748
148615,5.022988492581425
148616,8.024932950078664
148617,4.369552211837939
148618,8.775735336032204
148619,6.501822991068318
148620,7.085174755362168
148621,9.541141887758195
148622,6.6517119567254
148623,8.788206264018292
148624,6.129134649470908
148625,13.258481372117615
148626,8.212115214817093
148627,10.68719027090191
148628,11.22454333220104
148629,11.31216950078574
148630,11.268780658843072
148631,9.204837986802588
148632,8.389915080896056
148633,10.29202719563214
148634,10.302878978043335
148635,6.902065773875566
148636,11.404253228658712
148637,9.355249858510216
148638,13.640197598009872
148639,10.54552061054578
148640,13.136005039425413
148641,12.665082041849475
148642,10.43595792972131
148643,11.480085143866743
148644,14.10446648697704
148645,10.887246252864992
148646,11.470093929718553
148647,14.546446959947867
148648,14.841158642417227
148649,7.237759524806525
148650,6.039788490628251
148651,11.497637930639057
148652,9.853907160681551
148653,9.476764786204647
148654,8.087990971977657
148655,10.444440864454524
148656,8.984029623304489
148657,11.99697213098985
148658,10.100233715480638
148659,12.73134429335632
148660,9.69935132407169
148661,8.601308445235835
148662,5.182996055250015
148663,7.098173417832721
148664,11.063955217877462
148665,11.639221730858697
148666,12.372144207561046
148667,8.007117025469812
148668,9.29549682211939
148669,14.193219435585712
148670,11.057723008997723
148671,8.822511834911433
148672,13.733757043949117
148673,7.014583430577734
148674,9.857873958879162
148675,9.062975500417632
148676,11.86394529940126
148677,10.95284771900073
148678,9.421640517400427
148679,11.157977022630314
148680,7.42163227982166
148681,9.786538943495575
148682,9.596970869443817
148683,8.822024279439448
148684,8.713271501404808
148685,9.817035720378009
148686,7.449705073194522
148687,9.864091988366166
148688,9.671886587175806
148689,11.680101781742303
148690,9.927295010122943
148691,12.160816798978804
148692,11.943811568901301
148693,9.190713299929353
148694,11.72516035432503
148695,9.821709661385434
148696,9.286694155198637
148697,9.54354466222348
148698,8.880394223025018
148699,6.6067148806446925
148700,9.407765950885228
148701,9.87239374425316
148702,15.307981454815678
148703,9.132727204052463
148704,12.750452282463716
148705,5.487268497617639
148706,14.701801458181455
148707,9.642297458402167
148708,12.586518574770084
148709,9.848865312339319
148710,11.61225093355815
148711,6.243001153592775
148712,12.155396309672858
148713,11.135309052313639
148714,8.977988019666487
148715,11.32183307706453
148716,8.8144009052506
148717,10.103860259138182
148718,14.836088710656407
148719,10.34888363481715
148720,15.980528504526657
148721,12.079393365573836
148722,8.425844618528496
148723,7.145696840190334
148724,11.587033661762314
148725,10.391328773135895
148726,14.237997237010342
148727,8.95641059875106
148728,8.370011123263575
148729,13.455720980665422
148730,11.784094944207343
148731,7.615671072796323
148732,6.342088518482456
148733,4.013133957778998
148734,13.57287037867358
148735,9.41443062998907
148736,11.783821172066164
148737,9.742517204980576
148738,6.85956561910429
148739,6.726048203789905
148740,12.692692568863063
148741,11.274522442284013
148742,16.87763555998014
148743,8.604882610439295
148744,10.034754057176798
148745,12.068949386108784
148746,10.217258162034899
148747,8.105837894166598
148748,9.552164311845136
148749,9.684655791052846
148750,9.038670114060592
148751,10.97869706490553
148752,9.541322984571067
148753,8.175977061620424
148754,9.58760964273819
148755,10.831945812578235
148756,12.184937735629877
148757,9.547914786448484
148758,9.408620369565396
148759,11.8290201150518
148760,8.806684173907417
148761,5.236490021776506
148762,9.140470328331121
148763,9.58912259304464
148764,10.115122982563348
148765,15.682819640171909
148766,10.1037300278965
148767,11.085968742880905
148768,11.792336081058927
148769,11.012297967676112
148770,6.968662675269655
148771,14.614821421064343
148772,5.316486967398918
148773,6.1400796387820264
148774,8.224623940468197
148775,7.212541920234216
148776,9.742155576967885
148777,9.89075275905932
148778,14.571501807673638
148779,9.948744029185066
148780,7.2066518161925
148781,9.036665988647588
148782,12.626294486765968
148783,15.986472282786991
148784,9.819847865259275
148785,6.17862414966132
148786,11.413900231257013
148787,12.467302126432042
148788,4.153622400419386
148789,8.89867877217012
148790,12.468001572239652
148791,11.258057491543708
148792,10.493286502406216
148793,8.793383188839673
148794,15.448221724089674
148795,13.232657788302479
148796,9.113176046420888
148797,9.447206660984943
148798,8.658317579016032
148799,7.438825093412719
148800,9.124429159250415
148801,8.916214233824249
148802,6.808083023542719
148803,9.14027859922776
148804,9.243751450105535
148805,10.690363518635852
148806,8.904540893488658
148807,12.595794479794218
148808,11.422982973864718
148809,8.381399652500567
148810,10.615288705982959
148811,11.861574354421865
148812,7.291992797217574
148813,11.49410351103094
148814,7.850100671334717
148815,15.26326716801621
148816,6.699483627868564
148817,9.343559787563104
148818,5.448773210230587
148819,10.103179647227822
148820,7.213723803087642
148821,9.481524146134884
148822,11.744448547816656
148823,9.758919487558487
148824,12.20950468397036
148825,9.407946127010527
148826,7.259721239579458
148827,4.3463237529045236
148828,9.633131458364607
148829,7.1392698527889635
148830,8.641352446860298
148831,10.067494745817479
148832,13.778311085767768
148833,10.44006658228221
148834,7.141973762049719
148835,11.948232299301926
148836,12.867875912916139
148837,9.48591099720376
148838,10.497103744308674
148839,12.093869075117658
148840,10.650629318753692
148841,9.27608654392078
148842,10.878051165173048
148843,11.66526374967207
148844,11.232926167323027
148845,9.373360253024362
148846,8.330605902225878
148847,8.454311806637532
148848,14.711969483191499
148849,8.051572035317353
148850,10.408450589427472
148851,10.074999419329492
148852,9.78597078965323
148853,17.83673924348028
148854,10.65277428597291
148855,9.536245929150612
148856,6.721261388532701
148857,9.69595598439425
148858,10.084612973359508
148859,6.570962895448477
148860,4.800592109480802
148861,5.186228094045907
148862,8.103341788806684
148863,8.837925356176067
148864,12.851493690792651
148865,13.314820130713656
148866,10.614508652841428
148867,9.86728465711145
148868,9.69605401099358
148869,9.860113191360515
148870,10.585932476228999
148871,10.255647852610632
148872,8.39922796922163
148873,11.691434384217818
148874,8.841757854825893
148875,10.152535188893566
148876,6.981384455389687
148877,9.93285145062384
148878,9.928362557334202
148879,9.899910605692153
148880,8.012823769762822
148881,11.911956104729486
148882,10.010760755437548
148883,9.508289564592209
148884,7.470377773612495
148885,8.77319927048067
148886,14.853948619617498
148887,14.490307105844334
148888,8.676108258800442
148889,9.141097056133274
148890,12.65691686565644
148891,9.4380419382908
148892,10.446128124740053
148893,12.185191289804209
148894,9.26211357725489
148895,5.6993628449670295
148896,11.234373103341381
148897,9.232011207093924
148898,6.173350230896122
148899,15.779206737771677
148900,6.970596105316554
148901,5.533337151887024
148902,7.40929088329454
148903,8.040337804976115
148904,11.056830039790668
148905,8.538931173419607
148906,14.084961488407965
148907,11.436957522843517
148908,8.190741098082643
148909,8.704559783426156
148910,7.8767720525185725
148911,9.375832625770531
148912,8.66231837554517
148913,9.687774620309272
148914,9.024871425175608
148915,11.838461330171572
148916,12.43230979763578
148917,9.460789620758842
148918,11.141035570329072
148919,10.31803462442024
148920,13.082582712720235
148921,8.231990967108752
148922,6.376606470811433
148923,11.292878976119436
148924,9.19539482666043
148925,9.110403678480106
148926,8.494938768689346
148927,7.675828633513502
148928,11.156680793961751
148929,4.477820493283561
148930,9.887743007588679
148931,14.017476226918905
148932,9.95176242344932
148933,7.1504864914434165
148934,12.960592660914822
148935,9.007036128396066
148936,9.247908375441591
148937,10.254810884340932
148938,11.428786928974612
148939,8.77978793483848
148940,8.345739309449428
148941,12.092298492558713
148942,8.940992566103768
148943,6.997833072510147
148944,12.016634185969497
148945,7.566254248057021
148946,13.280995870444718
148947,7.484769692742404
148948,12.180207195736191
148949,11.923539011189241
148950,11.883740050150896
148951,9.671695908067246
148952,14.838254862196981
148953,9.830749253980972
148954,6.916644204233327
148955,7.9458529402359215
148956,12.904138830267446
148957,9.644213504522728
148958,10.297609063760909
148959,9.771173426143896
148960,9.851075981816205
148961,8.058033224106563
148962,11.579231529750924
148963,6.686229084406522
148964,17.742823803577174
148965,5.013589296339929
148966,7.107367102539449
148967,5.514702872170478
148968,5.684631736985452
148969,16.125335061754505
148970,9.486246225605424
148971,11.779798687665021
148972,5.988928272790463
148973,9.549263688101613
148974,8.006927394601632
148975,10.198301370545446
148976,8.458620171136465
148977,8.104810665691783
148978,10.129226529456536
148979,9.976490622042864
148980,11.091164329165455
148981,8.307003883183384
148982,6.111767742174447
148983,8.985017263745053
148984,8.241097714361722
148985,7.296270735466815
148986,8.902531690861277
148987,8.305005703625318
148988,10.202181059422355
148989,8.574579920293171
148990,6.95889017373114
148991,14.307255692210195
148992,13.351326176778803
148993,12.552352243321609
148994,9.492937068708532
148995,7.018656102373266
148996,4.298939396423755
148997,10.809167213967715
148998,9.042877377605084
148999,6.930107307992108
149000,5.624504448304191
149001,9.757032741564847
149002,13.71574767033368
149003,8.196197339055976
149004,8.311890445998184
149005,15.158535645761495
149006,7.028149436387923
149007,12.985610407822495
149008,4.826164360397444
149009,11.155280379783838
149010,9.375528203520336
149011,9.489415415363935
149012,8.593495335471456
149013,4.731068376776331
149014,10.115289266911455
149015,5.881678309737309
149016,10.487578905419614
149017,9.587553443083776
149018,14.670455987690307
149019,9.9854342246902
149020,9.383531766603971
149021,8.307386891012621
149022,4.251791586843383
149023,10.204056967454807
149024,8.688680292127163
149025,11.632948977472164
149026,9.76366887746918
149027,7.532650515364352
149028,9.681425592217405
149029,9.84746946833263
149030,5.925157131070531
149031,15.92223840514458
149032,7.010909982151257
149033,6.445527211847029
149034,5.599989669025248
149035,7.0472421519449115
149036,7.065595498339452
149037,9.56538967545018
149038,6.67412462186075
149039,13.44024137172109
149040,9.26024920623777
149041,9.102166096439479
149042,13.023307936135604
149043,10.199651668243515
149044,9.755743478339193
149045,10.929582523404573
149046,12.938598170722234
149047,10.874172720523248
149048,4.30906700751507
149049,10.294961507518156
149050,8.569630811924402
149051,9.834192575277175
149052,15.25020769867163
149053,13.416976401828668
149054,11.079217947666542
149055,11.14239700273709
149056,18.314952240901523
149057,9.01697698710116
149058,6.8087761941220375
149059,11.806361776110185
149060,8.488413221974742
149061,11.304551601206999
149062,9.46128670703366
149063,8.455407401834549
149064,15.786876671258957
149065,9.31788007302898
149066,8.798694040052558
149067,8.04390488083333
149068,9.090973159925726
149069,5.747763464728719
149070,11.943284713021697
149071,11.6032307029981
149072,8.87950853755031
149073,8.056562854701728
149074,10.223029545987675
149075,13.841767769323255
149076,10.803076284280255
149077,13.175672553219115
149078,9.116629064449516
149079,8.688228795598366
149080,8.206523023372032
149081,10.41252417525384
149082,10.329796414372264
149083,11.148719046529358
149084,10.61943892149442
149085,6.1190013539383115
149086,8.162028626912905
149087,9.994636034713483
149088,9.773901680371392
149089,11.203339195221892
149090,13.603369457961415
149091,9.824134473925762
149092,9.566214161475834
149093,9.261354828764775
149094,11.142100997747093
149095,10.04158766865668
149096,11.996458630587426
149097,9.581542106388948
149098,14.162006410221753
149099,9.506193151717934
149100,9.684246784243316
149101,10.404290597244643
149102,11.445072916905541
149103,8.549342053506415
149104,8.117903442933459
149105,11.44351187762191
149106,7.348365559592574
149107,6.695997988956623
149108,7.723766535148864
149109,8.965111150267186
149110,7.971067053803767
149111,8.8028655222266
149112,9.143293878422178
149113,8.316291228500512
149114,9.11865318111938
149115,9.620412790484561
149116,5.1686321803894355
149117,14.669614425719448
149118,6.9207619744398325
149119,9.985327755043862
149120,13.916119452019132
149121,9.056545759580661
149122,9.35116974559981
149123,11.269504989774813
149124,6.980064983138909
149125,7.503957909179425
149126,10.58843708850836
149127,12.326821675354399
149128,10.310286777255563
149129,13.533632532526141
149130,5.20832422690593
149131,10.10433160260422
149132,9.805150422417515
149133,6.213122524703535
149134,7.703458603245925
149135,11.196014180244124
149136,10.567646577155655
149137,7.207858989201874
149138,9.069700810874098
149139,8.692624610723898
149140,7.377686067195718
149141,13.866202404542866
149142,4.317825050972989
149143,9.58293048803704
149144,5.642909539548395
149145,12.269503435008579
149146,10.8608484673992
149147,9.99888046316365
149148,12.185488849269191
149149,9.207058303841531
149150,11.004085358015848
149151,9.70636784097727
149152,13.391972779909015
149153,12.34547995699093
149154,8.771755375184151
149155,7.436489999872211
149156,10.713255077957706
149157,7.2295511889491735
149158,10.758460652150518
149159,12.652843594082524
149160,12.85199622244868
149161,10.238070465632166
149162,6.97158653247064
149163,8.015362651529966
149164,9.370115058191239
149165,12.981624931465486
149166,5.649467517810832
149167,8.266762710717307
149168,9.429757590614857
149169,7.7070441364755595
149170,8.39786315107821
149171,4.08446422583566
149172,11.73291412295687
149173,8.015849131081259
149174,12.08779650570697
149175,8.202782431866286
149176,10.086459480097078
149177,9.550555353796588
149178,8.110741662165111
149179,10.016053801224592
149180,10.440922902733186
149181,13.549485799557207
149182,9.336258732184097
149183,9.355438902345215
149184,8.464898819319625
149185,12.810795292671022
149186,12.221858072256163
149187,10.117786651292974
149188,9.457909570177474
149189,11.226083537198509
149190,9.946505040686988
149191,9.68238449404711
149192,7.9779350494258665
149193,11.530853498320912
149194,8.22696733819455
149195,7.385780192397195
149196,11.612963850861984
149197,9.592354400241987
149198,9.705604504620478
149199,9.453361780181764
149200,11.58342280169649
149201,9.942159763607114
149202,9.979815875024709
149203,10.821768191077101
149204,7.989029452439766
149205,8.776217033686828
149206,9.123458415265464
149207,11.153935191581926
149208,7.8254562881674135
149209,14.956930759319997
149210,13.740610249908595
149211,9.606903867101959
149212,4.358808369593343
149213,10.828253476561773
149214,12.113446976056641
149215,16.290567334558794
149216,9.539097192614692
149217,7.823422157801882
149218,10.206288966469133
149219,9.506787390700737
149220,10.405106516977057
149221,13.000084770365998
149222,13.923835555128127
149223,15.061554736920105
149224,9.086916237179777
149225,8.96604595347537
149226,9.142256229717903
149227,11.881003116443928
149228,13.02775008776014
149229,7.744019209768976
149230,9.713780429150402
149231,7.74522545722647
149232,9.437979910490586
149233,13.169997006583689
149234,8.144799288816346
149235,8.70420564119436
149236,12.334830936717974
149237,11.879349749114287
149238,5.6701965689287785
149239,12.829499470011527
149240,11.930101781819108
149241,9.710015481360921
149242,16.26887916709533
149243,5.885137783611096
149244,10.473815920520309
149245,6.027231707306139
149246,9.407798931752861
149247,11.18805679894349
149248,9.67813486495474
149249,10.273898607358381
149250,11.894672737606351
149251,9.228187338948235
149252,11.84755324704585
149253,5.072888253479403
149254,10.010525232939164
149255,8.210966290059844
149256,7.291076444549203
149257,7.265153972836737
149258,9.306099561406825
149259,7.318556107247498
149260,9.355053407589335
149261,9.69427119953158
149262,9.588493253083618
149263,6.1275055486965755
149264,5.083273184187268
149265,12.187271888144588
149266,16.781473907724113
149267,10.891578486807335
149268,12.56918614914041
149269,6.8185378039188835
149270,11.957665382941867
149271,9.48615340914484
149272,9.361819289582982
149273,9.409590935891094
149274,11.820174804804092
149275,9.707562977934767
149276,5.67504034122027
149277,9.421397953984892
149278,9.917237154261377
149279,8.97587679225943
149280,11.649139361268942
149281,9.163795214694785
149282,8.366250026773201
149283,8.319736246758314
149284,11.447494312300696
149285,5.833708891038588
149286,15.404718312609882
149287,9.730361863284278
149288,10.21817709671855
149289,11.335408790907003
149290,4.851624614237297
149291,8.045690448840796
149292,10.502180810370074
149293,6.685126378978128
149294,10.070142053155624
149295,8.664493968962276
149296,9.60141548301884
149297,10.567909478660061
149298,13.630565137903764
149299,12.14211268120243
149300,10.265544276496815
149301,9.108124481596821
149302,9.552852784936732
149303,8.796110454938491
149304,8.347938249469099
149305,9.18192555180116
149306,5.74523221671168
149307,9.783958042142059
149308,11.26485848747088
149309,8.434601080144523
149310,8.023066229262898
149311,13.892779070485554
149312,10.282340860601693
149313,7.964059047473808
149314,9.207378563792233
149315,10.204442571281877
149316,8.990949119784453
149317,10.446086813509703
149318,7.640849793385954
149319,9.580565822890993
149320,7.362152732419285
149321,9.70393478650719
149322,4.53538458395872
149323,6.873487436187093
149324,6.420271996963967
149325,9.561469171129243
149326,4.986718371952612
149327,7.239977038552977
149328,9.285050993074552
149329,9.855319899203304
149330,11.468123989436133
149331,13.50181179448469
149332,14.131755038261565
149333,4.711336419136529
149334,14.334150196571352
149335,10.310048361007011
149336,8.458411597441128
149337,11.16885369438754
149338,11.596085327241958
149339,5.801959980220564
149340,10.578689042822958
149341,7.161565319209588
149342,8.01820417199394
149343,12.993583664700921
149344,14.40749363943095
149345,13.441565963532872
149346,9.584653474799838
149347,11.234365441306386
149348,8.854510382613578
149349,10.021275394486294
149350,9.224761251276577
149351,9.814778074941513
149352,5.4729774786399386
149353,10.187411074667525
149354,13.599280126798607
149355,15.832157710078025
149356,10.547868669513011
149357,9.803574659701177
149358,8.905656097011466
149359,13.746728189165415
149360,10.155931467392481
149361,11.021657495201092
149362,11.664370042487743
149363,10.814635241861456
149364,12.623547738630679
149365,11.148726227469268
149366,9.89690861952823
149367,8.444572343735434
149368,9.106635552770229
149369,8.975894047190256
149370,11.68925573678662
149371,8.761910004891163
149372,9.376594098268349
149373,8.585762621808778
149374,12.016381468688447
149375,9.539662022495714
149376,10.747347998846012
149377,7.481054575917186
149378,9.150399105071894
149379,4.964968325937002
149380,12.615092593463222
149381,9.750166430519425
149382,13.148030648645678
149383,9.461046307981299
149384,11.504006687358817
149385,7.600873403193847
149386,12.33196946523447
149387,14.63081463136918
149388,9.107847551948385
149389,10.526388392828428
149390,7.634693658339425
149391,13.566598812241441
149392,9.654736727251112
149393,7.630492481260629
149394,10.875894663184761
149395,10.25189664010925
149396,10.609673397681279
149397,14.242967156246248
149398,8.391090439651906
149399,11.029209304998854
149400,13.23081325880899
149401,10.653043492751527
149402,9.374033134209316
149403,9.460079160677456
149404,9.241869646134775
149405,17.49755059087699
149406,7.371828005112258
149407,9.185496757229501
149408,12.412239014078107
149409,16.042305514717178
149410,10.72525342712007
149411,15.273420309015407
149412,10.958619784001336
149413,12.337363943233253
149414,10.186890872612937
149415,10.34477763060888
149416,7.165112932218508
149417,9.269034945012956
149418,12.622737948142197
149419,11.60354460102346
149420,8.776428248959117
149421,11.614193437320342
149422,12.898320221431394
149423,7.55793077110462
149424,7.553722343060807
149425,9.473137367815095
149426,9.013582161956451
149427,10.936314364394544
149428,6.706161689294177
149429,7.065900790738108
149430,9.203349028282156
149431,10.42960666853242
149432,9.609050247647483
149433,7.2798806481452285
149434,8.09627240123275
149435,7.184321626522674
149436,5.008231229137577
149437,10.172338767303241
149438,6.698225415620679
149439,10.937948201608489
149440,9.221153297318606
149441,10.272503705039417
149442,10.056271382611703
149443,13.2865792288893
149444,8.294711371305622
149445,12.17524815740023
149446,6.887871350127062
149447,7.734353955476671
149448,17.089705631889366
149449,9.064997521725896
149450,9.37595095246021
149451,8.727568147281263
149452,9.070880634751408
149453,9.65631035878186
149454,12.23328726746482
149455,12.579079410534419
149456,13.292924131675477
149457,13.781356844816008
149458,7.205086759290779
149459,8.034871538798257
149460,7.485648211610732
149461,11.534820926029436
149462,7.073206026893151
149463,8.090898312511701
149464,8.869204930151662
149465,10.960119390890712
149466,7.39135681640749
149467,9.131216114551751
149468,10.79757231983466
149469,13.838272420425819
149470,10.204436841227428
149471,7.216813402625066
149472,12.253184418453632
149473,9.933666007079525
149474,13.435451728630705
149475,8.02941947963932
149476,11.133457633529833
149477,8.93725072246166
149478,11.667594897440761
149479,10.33709917702669
149480,12.392973636419558
149481,4.3074422664008
149482,10.064779257185524
149483,13.097072742237652
149484,10.050068529138986
149485,8.678114252686322
149486,7.363338106235046
149487,12.241238655285622
149488,9.64444741970984
149489,10.19501569209847
149490,8.306724151026236
149491,4.199685724248238
149492,10.346869072052218
149493,8.823092491026001
149494,10.300836486896433
149495,9.850225054817857
149496,9.328938599863454
149497,11.46325785550711
149498,11.228986517993919
149499,16.087026873650935
149500,14.095320221570352
149501,12.92240215062244
149502,8.839232852051934
149503,9.102222433347185
149504,9.288566080222562
149505,9.510317208966196
149506,8.870090899531958
149507,11.043312266725618
149508,13.44128360718392
149509,10.984662930276212
149510,8.325394074340707
149511,11.255802531017528
149512,9.511816356175027
149513,11.977619170163694
149514,5.137552654238688
149515,4.677416394503826
149516,9.67561496283942
149517,7.19361067018084
149518,11.444596519815365
149519,9.059418815229808
149520,10.799279331254791
149521,9.378570642000641
149522,8.654287825775091
149523,8.64912010719984
149524,8.867611434504607
149525,9.133109555911917
149526,8.098364958466298
149527,15.887041546532618
149528,6.050532582557565
149529,12.762188169815735
149530,10.381599994227708
149531,8.289513394506212
149532,9.458036354714498
149533,10.221155367043272
149534,11.437974802237397
149535,8.205565210096559
149536,16.321603132698016
149537,7.215609186274499
149538,6.974612749400703
149539,8.27395475040563
149540,8.364323792828339
149541,10.277792391316659
149542,9.531088609855574
149543,8.848199530893103
149544,11.532019945856291
149545,13.228073946702233
149546,7.572204487172373
149547,5.717365973695513
149548,9.242319804043111
149549,10.03533619013013
149550,15.719300812353785
149551,17.1187155221748
149552,10.624503506967589
149553,8.460535764600237
149554,8.188874496322889
149555,8.712921748898355
149556,8.658286631488835
149557,9.254134721848919
149558,8.940256975002834
149559,12.362402660460756
149560,8.287295768752807
149561,8.459181756786345
149562,9.276257796735056
149563,8.812054026457929
149564,11.094926250270417
149565,11.423865803784548
149566,9.15842491687291
149567,10.100427963419325
149568,9.111694189392937
149569,6.064333931620601
149570,5.081535309550629
149571,10.027277028668479
149572,9.586713819716149
149573,14.757060761393495
149574,7.186145215291961
149575,10.20290035022703
149576,10.398135832512995
149577,14.094878897515361
149578,9.26882238752302
149579,9.664176775635505
149580,9.488961603006938
149581,9.779731093571689
149582,10.034938607285179
149583,9.959748586200107
149584,11.068894480099024
149585,11.50235966216432
149586,13.701744079506389
149587,6.831338466816869
149588,4.493943109962155
149589,11.05814093244904
149590,10.891588757075178
149591,7.492933761725126
149592,11.572400070783653
149593,10.944874511389212
149594,9.459468649830704
149595,9.586033244650134
149596,10.486329355978633
149597,16.30928772897472
149598,9.07587071980776
149599,9.904558769063593
149600,11.099273397769299
149601,10.369984203416612
149602,8.300615407894494
149603,7.187077230614743
149604,10.269559964841426
149605,13.458815546019332
149606,9.245641467500679
149607,10.200488562096703
149608,9.346215903524348
149609,6.204731625441118
149610,12.44540271810134
149611,9.559921497365831
149612,11.439234565755228
149613,15.328943929815491
149614,9.242761289948842
149615,10.419814583672354
149616,9.39682629309544
149617,10.300416178112538
149618,11.510835325397164
149619,7.440955450470163
149620,9.615306196276139
149621,8.60092571506697
149622,8.323872870140736
149623,9.65741992667569
149624,9.902108054653178
149625,12.299869894946886
149626,11.587075685450746
149627,12.226417836555552
149628,8.507243150240956
149629,7.993755812394406
149630,4.711874997921314
149631,17.097304990143815
149632,7.62369234096772
149633,8.068540446082604
149634,8.675524978653124
149635,9.319044569273458
149636,9.800062470763947
149637,4.729184458459582
149638,16.671557208158568
149639,15.40628711806514
149640,11.210822587316901
149641,6.615236402586095
149642,12.619666402726867
149643,14.172232630199805
149644,11.070131650146923
149645,10.361646683839155
149646,4.083166102299407
149647,10.41320744449873
149648,12.364404316602974
149649,7.390985958837168
149650,13.326163895397134
149651,8.382622752808686
149652,6.476815511876301
149653,4.329886132949797
149654,10.057838134690495
149655,4.62497382213335
149656,5.1966462706501675
149657,9.454296091558295
149658,8.691077220707406
149659,5.743848589458793
149660,10.072593064426817
149661,10.445789562662139
149662,10.491764786676503
149663,8.580717534287166
149664,6.284106318718742
149665,7.025456876838469
149666,11.473896722037908
149667,10.735530069094215
149668,10.880155687898483
149669,9.205921764089895
149670,15.33685854797604
149671,10.531248086237754
149672,11.147294706574007
149673,18.081158790699394
149674,10.07226397212123
149675,12.856599197662913
149676,4.472426447079822
149677,9.882142600708162
149678,10.010041729103094
149679,10.60414867279108
149680,11.826937598266841
149681,11.317889925127737
149682,9.609663414221354
149683,7.406794949915826
149684,12.024112875243947
149685,8.288431918442743
149686,6.46069421176974
149687,7.68379888521356
149688,7.578259110035548
149689,7.195600732625271
149690,13.83955775510143
149691,6.572069871258525
149692,12.306874353137534
149693,11.497140050625589
149694,10.294400410063123
149695,7.139922313696464
149696,6.490772195898034
149697,6.814553115166788
149698,5.110478435452601
149699,14.399373103994057
149700,7.034750761984505
149701,14.190754226003154
149702,10.048771325160114
149703,11.876522725638015
149704,12.434467001124707
149705,6.5111266472355895
149706,10.973820354657786
149707,13.82171255145028
149708,11.625124041726284
149709,6.957369531230361
149710,8.03056052645837
149711,9.118661556498878
149712,12.167715442893845
149713,6.429222438834908
149714,11.779643700304334
149715,5.005508496371033
149716,5.658057106719147
149717,9.321995768709371
149718,7.3442416156943775
149719,9.937349064334253
149720,7.689155079398978
149721,13.994803820246949
149722,10.082256964215839
149723,8.734897851860438
149724,6.893659794607139
149725,9.630834945041505
149726,9.653604828985557
149727,7.543041864161469
149728,9.876175347770086
149729,9.603838468459404
149730,6.525083608402596
149731,15.161991738866272
149732,11.625890058211743
149733,12.799429920278367
149734,6.469085165708513
149735,12.856091437215863
149736,9.288670157262557
149737,9.447550795009343
149738,11.831962471955364
149739,7.406708230214797
149740,7.735989127832281
149741,10.345647785644895
149742,7.9528010019190365
149743,13.3181768143745
149744,8.051464582986362
149745,8.491846177916624
149746,8.263416340467677
149747,6.871439255223523
149748,13.767979568433708
149749,8.073807317440819
149750,11.280293704168592
149751,9.045971651604662
149752,6.930281798152751
149753,16.627174350253693
149754,13.199443102206729
149755,9.274229192504578
149756,8.323189901757678
149757,9.234896369228823
149758,7.270557468167915
149759,6.407262492774765
149760,9.904813693954788
149761,6.207460652063325
149762,7.037139176377423
149763,13.03195071338295
149764,9.478941880728144
149765,12.982072167712598
149766,10.508132211555425
149767,7.363871022422861
149768,8.136105245452692
149769,11.264033823131621
149770,9.95893550585007
149771,7.010534129502281
149772,18.61627379992916
149773,12.527045235635239
149774,9.233008681847675
149775,8.026324193149621
149776,9.816690229027415
149777,7.0393031667356425
149778,10.568996918775388
149779,10.967404083651287
149780,10.379131363980104
149781,12.745616520743553
149782,12.943103706352497
149783,13.359125090031796
149784,9.953657268611504
149785,13.410685343617995
149786,8.369235730446258
149787,10.439519162406006
149788,7.5379194342297255
149789,5.9871181049697455
149790,10.049563748177798
149791,7.494732751864282
149792,8.2965148057217
149793,5.800402799512565
149794,9.184871910209555
149795,4.930175628851009
149796,6.345347826936841
149797,11.103255369079747
149798,13.318524321497483
149799,9.557690241784881
149800,10.500857891067692
149801,9.678461366389769
149802,11.04939331971805
149803,6.899601593330921
149804,8.236045112207382
149805,9.85198314654832
149806,8.51702887393329
149807,9.974935728079965
149808,8.936256648913272
149809,11.632541328084809
149810,10.904221609450547
149811,10.71518254528039
149812,8.581085457820905
149813,10.326537045061482
149814,11.054974892346129
149815,10.209474339745324
149816,7.078817573550626
149817,10.960453585377369
149818,9.926380239891909
149819,7.862931694313801
149820,8.715770190602974
149821,6.10041689953675
149822,9.058573956467438
149823,7.281527420354635
149824,10.043288875251925
149825,13.660448753045774
149826,7.511243793567954
149827,9.509918147391803
149828,7.06020869474969
149829,7.49439737176502
149830,11.025124540202189
149831,8.525373978878523
149832,4.83576291070476
149833,11.459405972618818
149834,6.236111600847368
149835,11.880193240147639
149836,10.162558353165434
149837,11.520654967736501
149838,9.383063586298983
149839,7.448588569133311
149840,6.954583105327011
149841,11.40089501062046
149842,15.400327843804657
149843,9.604388272992216
149844,8.66057155720841
149845,4.430785261897766
149846,9.798314939021406
149847,11.198631797225584
149848,7.693216775274472
149849,9.584882816593652
149850,9.577249533745604
149851,9.059252379026844
149852,8.152931013559975
149853,10.327655223493213
149854,4.392283839390215
149855,9.314297993623502
149856,8.315835833268627
149857,10.254811791162991
149858,8.017603433281446
149859,8.709435286993635
149860,11.256770624284124
149861,7.300540699601401
149862,5.525966444103907
149863,8.233080948477802
149864,14.989308020590181
149865,8.194263797196987
149866,9.632693386769438
149867,6.8478302276897125
149868,8.479351989796777
149869,10.369286229479762
149870,8.795242677997356
149871,10.177662460344614
149872,8.563628648577852
149873,10.560873955646711
149874,9.514637152991133
149875,5.563552301011128
149876,11.986969189669006
149877,10.928415169423433
149878,9.860406560639165
149879,9.403191764176858
149880,9.603324244565087
149881,10.633807034738622
149882,10.574903241158644
149883,11.513293432842323
149884,9.47405493693925
149885,9.106647780065764
149886,8.018475449617936
149887,11.806448691707075
149888,10.036283274364058
149889,10.242578318359403
149890,8.905749975746337
149891,7.792678472468724
149892,5.050533181696712
149893,8.131610649375501
149894,10.0096738526839
149895,11.568443776703925
149896,7.145236293924152
149897,8.70276839213616
149898,13.171013571260692
149899,11.164506193503295
149900,12.640499994153908
149901,10.139933395549969
149902,9.651258299684894
149903,7.490411835602096
149904,11.460141559724711
149905,4.403487891112077
149906,10.077140307751174
149907,7.3922274731217
149908,9.827802296495557
149909,4.222890378004633
149910,11.242439325701499
149911,9.759923718091049
149912,8.868273612913868
149913,11.611492949653691
149914,11.398715893480155
149915,6.375398567018391
149916,6.4792676806225895
149917,18.239776450331153
149918,7.606129315651721
149919,8.434834205741259
149920,8.996816263716003
149921,7.19536071528739
149922,7.294333833560636
149923,9.847846059866177
149924,6.636671238326974
149925,5.284356623872222
149926,7.350126180971655
149927,13.160204090103374
149928,9.830658632002004
149929,9.843455962950486
149930,9.258467338230492
149931,9.66786220342809
149932,8.967647681948309
149933,8.223997007610032
149934,11.487699273279222
149935,8.555574187274441
149936,13.045528631850491
149937,5.807740002099218
149938,9.227259177736148
149939,11.20054976723166
149940,10.751605499285308
149941,10.617622840140992
149942,17.02381317500126
149943,10.658951770957922
149944,10.421605983545222
149945,9.859396316403798
149946,11.38949953961956
149947,7.60905216089664
149948,9.733353369206927
149949,4.869532121569181
149950,9.91938458419379
149951,8.144483497359449
149952,13.01496466734566
149953,9.657772230969167
149954,6.051717819939535
149955,9.076449528891363
149956,11.694384524781627
149957,9.8933624732318
149958,10.902367675460152
149959,10.113798237056335
149960,11.50336762383721
149961,8.273874231595915
149962,9.988468641712682
149963,9.668684370987705
149964,5.044483943256918
149965,12.269973593249725
149966,11.50829147614802
149967,8.842592943017177
149968,6.0717946612615075
149969,9.965796404640345
149970,9.56209972575152
149971,13.099282628812722
149972,8.933248282490187
149973,8.330032283235758
149974,12.667504740769683
149975,5.8515332274148575
149976,16.604962820450766
149977,5.445391415090361
149978,13.351918430817182
149979,7.168083214225929
149980,10.871664969439085
149981,15.081829369750887
149982,8.800637054447364
149983,9.74430307900192
149984,9.646276635661321
149985,11.258938662767305
149986,8.00563197617158
149987,5.497267264002914
149988,10.393649980131865
149989,11.607844704491136
149990,11.170215412749634
149991,8.195483380815386
149992,11.736704883291194
149993,9.77543434495856
149994,10.95520996628577
149995,9.782139565390484
149996,10.880476758403688
149997,8.227799171597024
149998,10.533423953881531
149999,10.012772687878197
150000,9.745013016948134
150001,8.858443680482162
150002,11.887526310244859
150003,9.659418802363497
150004,6.534511852031036
150005,6.691178549441098
150006,8.7085051819577
150007,6.902360089289576
150008,12.282272832670108
150009,12.971760598373416
150010,11.544911899524417
150011,12.960664079695206
150012,7.923808375164813
150013,11.199964788172652
150014,7.947068954171614
150015,9.873243200054432
150016,9.936301088058975
150017,7.388199274499411
150018,13.656218855301361
150019,7.535921354883044
150020,9.145146965602112
150021,5.091673093838478
150022,9.149112659561947
150023,8.686136566899917
150024,13.913150748124442
150025,9.274832141151515
150026,11.32548556561001
150027,11.35574232191567
150028,9.201117203934484
150029,10.92756722109632
150030,8.17683024426854
150031,4.504903142402186
150032,8.031446274325722
150033,7.471386345576479
150034,17.63523686358213
150035,7.808035156663138
150036,16.679200505870178
150037,12.327690483272026
150038,12.619410129976293
150039,11.753630238033839
150040,11.656175583895259
150041,11.358284612869435
150042,6.491731976689438
150043,11.100110333918291
150044,9.48307240500751
150045,16.391792525125815
150046,8.114141167865808
150047,13.406122706024934
150048,6.642814665392781
150049,9.090852648308722
150050,9.5008275189232
150051,12.952559663739638
150052,12.13327114003707
150053,6.864722351980541
150054,8.748941262689357
150055,7.952832703961694
150056,10.218089905660857
150057,13.036910683852039
150058,6.5671752215335015
150059,7.721681120925766
150060,10.759564766583967
150061,10.779278348442983
150062,9.607905365072414
150063,12.592995715169122
150064,9.093394649712428
150065,9.314608871445776
150066,7.184819861854342
150067,7.954228159351388
150068,7.177220295320696
150069,10.708354148472388
150070,11.980963707225015
150071,8.022734997445042
150072,8.801472359355554
150073,5.145420720074815
150074,9.15856589882013
150075,7.219264786136608
150076,4.439990578994014
150077,9.778635239238849
150078,9.419426590461592
150079,6.61019367305254
150080,12.830387724527872
150081,9.091951618225949
150082,6.1959862420121175
150083,14.357527545020554
150084,11.337096266982766
150085,10.756019377150395
150086,6.418776894132359
150087,10.55575410042569
150088,9.915518488736597
150089,13.479418566561367
150090,15.303914510325095
150091,9.704874342305775
150092,7.94777755941098
150093,13.05011742158302
150094,12.525967283458462
150095,7.3371690866844945
150096,12.04305234933943
150097,9.035679298343098
150098,8.70257640736552
150099,7.390885879678197
150100,10.568215744817504
150101,11.598522547075028
150102,7.591178109327356
150103,10.886589700114351
150104,7.561479756722659
150105,9.537516474258515
150106,4.786190655017679
150107,9.47873020964569
150108,12.62514993888373
150109,12.038922110604702
150110,6.592188939569278
150111,8.740369832304935
150112,10.048451140233663
150113,4.690743539913384
150114,9.889001130263853
150115,8.147845881695039
150116,10.609802819643866
150117,6.591183161605417
150118,11.57700601861264
150119,7.496536217295838
150120,9.661105026883977
150121,10.234640310793031
150122,7.791533257714986
150123,7.070136754479146
150124,10.682408498852695
150125,10.76852797283049
150126,10.791297433462494
150127,15.755355869194592
150128,5.653487460440116
150129,10.590357575332623
150130,13.306775551801655
150131,5.963595990579668
150132,7.4928495974263125
150133,12.777469301625036
150134,11.760762789499315
150135,12.771668086126848
150136,11.15263881000332
150137,10.400319724987598
150138,7.563003813465772
150139,9.23839439901845
150140,11.360630830085096
150141,10.55596297207022
150142,6.062032630662934
150143,8.890993018632901
150144,14.929200405994106
150145,8.184965621068113
150146,10.29723679988739
150147,6.712265044248642
150148,11.866074097194916
150149,9.845435324681123
150150,6.883439979807773
150151,9.315654860052451
150152,9.524108123279447
150153,9.038246213569145
150154,10.543817712279331
150155,9.779408418738154
150156,7.0610448025517325
150157,8.511627571185574
150158,9.460461490140258
150159,15.783045391689338
150160,10.13830965158248
150161,4.5834947821434415
150162,8.045139031249082
150163,15.264464115669238
150164,9.383533581763166
150165,12.927746217224874
150166,10.14561464575322
150167,4.6999438602437
150168,10.630673903744817
150169,9.146508444731214
150170,8.26866313357481
150171,11.805523754914791
150172,15.270237098763465
150173,12.318324695397145
150174,11.979928002552942
150175,9.550701869554114
150176,9.417260211562992
150177,7.177869622397806
150178,11.519478320011027
150179,12.458592653307926
150180,7.904239147050243
150181,6.3895904913554915
150182,9.164629260960897
150183,14.633729522778392
150184,8.94643976963577
150185,6.165512339707927
150186,9.49290749600592
150187,8.00916419673845
150188,5.73396839954373
150189,9.445763787357848
150190,11.495453936898675
150191,14.775006508218116
150192,10.519847724951271
150193,12.273310237270955
150194,9.096207245720375
150195,6.98367548828111
150196,11.260826350648156
150197,12.63655844417696
150198,11.514097028933929
150199,9.337784569937014
150200,10.901252480348754
150201,9.300143700711216
150202,12.157802686335277
150203,3.958299194857451
150204,12.685880947982271
150205,11.07007320834336
150206,6.134293978544194
150207,13.10695477237183
150208,8.470987608856396
150209,5.55762301491364
150210,12.541506775047118
150211,8.902565820373827
150212,7.408474470769839
150213,9.577865610088855
150214,8.0678807901202
150215,11.279499247829593
150216,9.713269912563154
150217,11.845316375344208
150218,8.298711146786168
150219,8.93918068779627
150220,11.335970000537134
150221,7.269117120233304
150222,8.485641867065453
150223,12.075950338837213
150224,9.201685691382453
150225,10.970947120359208
150226,10.41335613407439
150227,9.254707693098528
150228,11.034204401953778
150229,13.500306425000137
150230,8.406780620536543
150231,8.746246686180124
150232,11.236207295894571
150233,5.237538763103622
150234,8.52834066854599
150235,12.31286666619624
150236,9.909747024219344
150237,8.087794406003436
150238,7.910703817200675
150239,11.046766974137297
150240,11.257328842579692
150241,4.884357873986881
150242,4.81315559442187
150243,13.452200720012375
150244,10.015602646311132
150245,11.700402604727804
150246,8.287821494390133
150247,7.535332625985044
150248,7.045007993208792
150249,10.024713876964597
150250,9.264380142987273
150251,9.878921933708371
150252,7.26132086359779
150253,14.947696846726917
150254,10.861499268191748
150255,9.072201564476421
150256,6.731596975727685
150257,10.968022131941117
150258,6.372318855588638
150259,9.087209149077703
150260,9.328859469149311
150261,11.42978417241974
150262,8.980066511497828
150263,7.825299149027795
150264,12.807751185137985
150265,8.992717344661305
150266,8.788183707853658
150267,11.382240993747514
150268,7.2491975116499905
150269,8.900407066768427
150270,10.131090039916378
150271,7.591267711224529
150272,8.826197508214912
150273,6.920854131843109
150274,8.95402494482341
150275,7.802734272437107
150276,6.176141417321415
150277,9.98055535161733
150278,10.946388070520063
150279,10.718203627269782
150280,7.565398948383549
150281,7.206698555357887
150282,11.282885405859314
150283,14.268554161965113
150284,8.33104603044666
150285,10.12219793806953
150286,9.25975165784316
150287,8.361704384984225
150288,7.464179722041978
150289,7.991511388580899
150290,7.270208876077409
150291,8.690009446175079
150292,7.095739493778521
150293,10.583626043407195
150294,6.7359682342755125
150295,9.534822573857214
150296,5.8059787074345
150297,7.564085969620845
150298,12.73930146536305
150299,6.5904637603816765
150300,8.215298785899495
150301,7.981932793747174
150302,13.699942283032295
150303,13.491332245935245
150304,9.52141153657197
150305,8.512456617776857
150306,8.347749997354043
150307,7.512498263611486
150308,9.375853124671725
150309,9.30435052503335
150310,9.640919093920036
150311,8.192597055568005
150312,10.676891450345469
150313,6.506715353545884
150314,10.007904175897753
150315,10.369473372859463
150316,6.894120664857264
150317,10.050703762614807
150318,14.143181807168862
150319,12.549014560051598
150320,10.238522918706508
150321,10.709141332589512
150322,12.304145286529925
150323,8.724082555442289
150324,8.394726170156513
150325,11.97112251948797
150326,5.988249975784363
150327,10.83626331152049
150328,7.106009040302716
150329,9.01307203568619
150330,8.777705824575634
150331,10.671410807726584
150332,9.582015557863803
150333,12.071203283169757
150334,5.638849961651571
150335,8.242908016887968
150336,9.0287830808064
150337,8.72593375776248
150338,12.934220201840535
150339,6.926407761325083
150340,10.07903076891558
150341,5.813553473237161
150342,10.065720063780816
150343,11.775871510898615
150344,8.924614327396256
150345,13.421598120945863
150346,5.5721072332392705
150347,11.366731554841456
150348,9.615575498380124
150349,8.695599795434264
150350,8.317580790084008
150351,4.955581825118669
150352,5.941696406951381
150353,8.983123360155052
150354,7.830361497905974
150355,5.659976344428836
150356,8.377142043676372
150357,9.230585041985696
150358,5.685264260000981
150359,11.882679724822646
150360,6.112701866045218
150361,10.316417305833966
150362,13.505369143044774
150363,10.57433113106422
150364,8.477997687497233
150365,8.010145872614862
150366,12.168901845677858
150367,6.599743526744004
150368,9.129827958674152
150369,14.868957403395044
150370,11.751616575805938
150371,9.084325223090662
150372,7.481482987145898
150373,8.018055197002443
150374,8.463334814049922
150375,15.016022458793747
150376,9.84964773454013
150377,12.415635373965742
150378,10.104090651533992
150379,10.679288285434989
150380,9.346740263373299
150381,5.470362969250369
150382,7.075853729877754
150383,8.149334402648293
150384,8.733207243152762
150385,6.070991281019562
150386,7.342431351147178
150387,12.404955308900279
150388,10.229133166279471
150389,10.954081497809065
150390,7.51313680359357
150391,13.095640919395162
150392,9.6854401151667
150393,6.794298073803406
150394,11.342570904164237
150395,12.840663349183803
150396,12.57403248596419
150397,10.568979841799107
150398,15.627806741502212
150399,10.34037993021508
150400,10.166548379893047
150401,9.672987352254845
150402,11.56774417999618
150403,10.052252108027856
150404,9.109194139681618
150405,11.311166588927799
150406,10.290683088342963
150407,11.219142619840078
150408,8.2652390101243
150409,7.967057685540544
150410,4.928141554256919
150411,9.552039588204618
150412,10.17056859435678
150413,11.54617159702066
150414,7.7952584957848385
150415,9.125490148118201
150416,9.804290590633329
150417,6.787713660850706
150418,9.408105936462714
150419,11.680517070941509
150420,10.247922724000963
150421,6.227144536834997
150422,9.974181299389556
150423,14.487946601400704
150424,10.384161402810188
150425,14.53343330766235
150426,10.642527144757674
150427,10.06483880285914
150428,10.659684996294722
150429,7.093948630357469
150430,7.990735918328459
150431,13.914476892803037
150432,5.431789517468312
150433,9.529129839946538
150434,10.720527238036416
150435,9.82764859704866
150436,7.424353935195998
150437,8.023124810456016
150438,6.989872229917674
150439,6.115684404642012
150440,7.95322345651104
150441,9.28199124006106
150442,8.859472721403485
150443,10.793655671696873
150444,9.829072534378401
150445,8.8987613295972
150446,9.64201799922834
150447,10.94139836492744
150448,6.486194266373734
150449,6.79960077129743
150450,12.364732075396764
150451,9.984705315065463
150452,4.33867768465568
150453,11.795778863065811
150454,12.032818767706653
150455,11.465707609899155
150456,6.030283196258364
150457,11.193673759426296
150458,6.783251732982583
150459,9.106250393048077
150460,10.114851110286136
150461,13.452105447202745
150462,12.385237212186741
150463,8.454710684758862
150464,9.866152744014414
150465,9.513975599322293
150466,12.876048065947913
150467,9.690526455467005
150468,12.501475606999342
150469,6.5051805896077415
150470,6.643135762070182
150471,10.975770522931095
150472,10.689083888850671
150473,14.842836610211766
150474,4.630060249764208
150475,11.068407934535347
150476,9.19382384051102
150477,11.437883556727636
150478,10.688955678181415
150479,9.745487673910098
150480,9.648566401575314
150481,9.010827550013344
150482,7.944327480705965
150483,7.675058158846736
150484,9.151246384239846
150485,12.449612402589176
150486,10.364560466082136
150487,5.8824076643433845
150488,9.99242114770063
150489,11.433098319834508
150490,12.528057712815109
150491,9.309676000078577
150492,15.00867549691207
150493,14.369733533808008
150494,8.427916053852526
150495,4.415296164710136
150496,17.437848985528515
150497,4.899254740447945
150498,9.654516044874192
150499,7.942027220710175
150500,9.574644110953324
150501,7.269516800274099
150502,11.092622804853239
150503,10.011716751720726
150504,9.52432785807959
150505,9.256760251286538
150506,11.117107425349223
150507,10.89320791525726
150508,9.333145003230218
150509,8.532173401920037
150510,11.656845701566512
150511,8.968338889550422
150512,7.00837936157866
150513,5.827806385957794
150514,9.853943341944596
150515,10.753499057058638
150516,8.578249060056311
150517,9.82407436700197
150518,10.429477889040664
150519,7.7726176322272575
150520,10.318541450854326
150521,7.062847777420295
150522,9.223703065474705
150523,14.575312311773192
150524,9.507645895245517
150525,7.408685296487077
150526,9.623749926934767
150527,10.733889582623519
150528,10.058471774190048
150529,10.085902959149191
150530,7.942999368832659
150531,10.818424362873271
150532,8.406263921114531
150533,13.058701536431792
150534,7.58795754559158
150535,14.46430321193127
150536,10.762611127632294
150537,12.343119610576839
150538,13.067711413721304
150539,10.088066828963978
150540,11.741073670888472
150541,6.537406190447145
150542,9.16847914095662
150543,9.09670654804711
150544,12.641337624174778
150545,5.50355866746237
150546,5.72497833984418
150547,6.2971267556691055
150548,7.131830475185022
150549,11.711836242349099
150550,13.398748108275313
150551,11.006144889078104
150552,10.240131948108985
150553,11.966999888348756
150554,6.5803278736155
150555,13.72340135371879
150556,10.744071275153136
150557,11.82652574943292
150558,11.028251170313693
150559,5.515647652523905
150560,6.961803315389362
150561,8.027711406774978
150562,8.974705428573497
150563,11.05188212953146
150564,9.236753712785088
150565,7.7991172473916235
150566,9.088902063703932
150567,7.260561631268591
150568,11.799837825385929
150569,6.206806094536755
150570,8.43009391682337
150571,7.585806981414962
150572,11.588017328303128
150573,9.643824046191906
150574,10.769403576104756
150575,8.806095988009147
150576,9.744680293232737
150577,9.876870745223034
150578,9.064972965435388
150579,8.523194980473956
150580,5.867347803651078
150581,9.15020076796805
150582,9.302855059081674
150583,9.054577955201985
150584,4.289948213407483
150585,9.162916775819971
150586,9.824983702056866
150587,5.935404423352134
150588,7.101456233824758
150589,11.5863402755752
150590,9.803284444672235
150591,10.149894594583241
150592,11.57826565349215
150593,11.756774967771443
150594,11.447027722490692
150595,9.964426090942725
150596,9.726209656218158
150597,5.164614672555141
150598,7.540055455284666
150599,7.398843120363866
150600,6.63106337682582
150601,10.663262346646112
150602,10.116031197470118
150603,10.054481351454859
150604,10.735353970134387
150605,7.423401967512571
150606,14.490738121647192
150607,9.799225290264475
150608,10.612076580475078
150609,16.76914605740503
150610,6.998777346996988
150611,9.224002904925687
150612,14.034808901759002
150613,10.37150447375118
150614,13.34908225570732
150615,9.327208316304377
150616,9.640686573925542
150617,11.008093708371653
150618,8.600959917752617
150619,4.377374657488939
150620,10.077103939601091
150621,12.924552779525502
150622,7.944934756768191
150623,6.505181285723481
150624,11.581459254171412
150625,11.181623638977502
150626,12.622639620407178
150627,9.122588551849676
150628,7.980783612051797
150629,11.4366197478784
150630,9.334134262277878
150631,13.494299649018476
150632,10.865208398607969
150633,10.375980444331509
150634,7.8003675207701
150635,12.875448255828152
150636,14.194814832271524
150637,10.771325152728423
150638,8.055274127298684
150639,9.732253543686447
150640,11.469194593234175
150641,11.514055740265789
150642,10.453728462289424
150643,8.309670650038635
150644,9.163190340454854
150645,13.33253731598337
150646,9.872396796609307
150647,9.249096585998654
150648,11.415627826241838
150649,7.556875452940228
150650,11.475093582329444
150651,10.181031201947636
150652,6.268143817054125
150653,7.851227409333992
150654,9.068164240123718
150655,7.462773661653688
150656,9.601609849280173
150657,9.581593686172088
150658,9.724206405587056
150659,4.622607317024523
150660,7.171832127712875
150661,8.47271557124421
150662,11.877372231457558
150663,9.744446496515454
150664,9.18417091545229
150665,10.347711227224423
150666,14.4635797792262
150667,9.022119953139434
150668,10.15524859370717
150669,14.8418570077276
150670,7.175626611879963
150671,8.46235463141112
150672,8.818674907957718
150673,8.012669878981516
150674,7.975569926282638
150675,11.509979195022163
150676,12.076077270109693
150677,9.764588112938243
150678,13.896238332780621
150679,13.241512233545773
150680,10.362303481583293
150681,10.878903117049854
150682,9.90116536533986
150683,10.919212062808763
150684,7.867511909427018
150685,6.71124136972188
150686,10.502537009481403
150687,8.384934939245996
150688,10.826354893191953
150689,9.918903181151704
150690,9.674665620319704
150691,14.568234619783505
150692,4.349224410769823
150693,7.064097186290672
150694,10.70713067317607
150695,4.710107834178304
150696,12.826789150240444
150697,8.293407330809917
150698,7.491432749048089
150699,9.681712325457179
150700,5.134106872563721
150701,8.272558580999895
150702,10.1590742244566
150703,15.718049129315332
150704,9.729245273981903
150705,7.198178774912533
150706,13.447167691618665
150707,13.559990025123005
150708,8.011229107857556
150709,14.698247945833995
150710,11.006863094038113
150711,9.50939454163911
150712,15.925946851604644
150713,6.417312425745808
150714,9.123742678192636
150715,7.145138637687428
150716,11.545166469583913
150717,11.242221530764976
150718,16.853653336854087
150719,11.387697926585776
150720,10.91579733399546
150721,10.263370840956622
150722,11.477319830012316
150723,8.318027008580964
150724,10.284003094911988
150725,12.159670238939587
150726,10.022345088130416
150727,8.157138611230792
150728,9.030336507974633
150729,9.68264318276444
150730,9.600115126812858
150731,9.932483100094178
150732,8.208314647648816
150733,14.03252019554771
150734,13.232849317515576
150735,11.261873645800748
150736,9.638483323414622
150737,8.199390437489331
150738,10.41395344108481
150739,5.920152961737424
150740,13.567025404511648
150741,7.328886880935253
150742,4.569753876947441
150743,12.16104014462424
150744,6.95119577907808
150745,7.181244922622186
150746,10.3050501156779
150747,7.405415003573455
150748,13.598701778205305
150749,9.219235536475407
150750,8.946197781014822
150751,10.839766201821268
150752,5.44078559195042
150753,12.197439580538278
150754,6.814868082162969
150755,10.050155309924547
150756,13.803464991737219
150757,13.860258167797273
150758,9.72625649820937
150759,8.573078314825327
150760,10.615574930681845
150761,6.534497517318675
150762,7.4888956610699795
150763,9.593628496512306
150764,9.57254303397419
150765,10.203765820873643
150766,9.994859759883273
150767,13.225480750949107
150768,10.859675578527833
150769,6.111560025476896
150770,8.92062122261467
150771,14.68211497712567
150772,9.012710041478002
150773,14.631528213066392
150774,10.1615166690785
150775,5.744605014175531
150776,9.741592879761441
150777,6.796452758206767
150778,10.553697381455105
150779,9.22864017652481
150780,9.717364997734915
150781,6.646725996761594
150782,9.197614217720616
150783,9.391390046577031
150784,11.096429104333444
150785,9.512497308209026
150786,7.522651325759242
150787,14.960753417021104
150788,7.035421177655737
150789,7.131947817575896
150790,7.776356169854116
150791,8.053291718130037
150792,11.295844142999282
150793,7.292754322520717
150794,10.500062307819924
150795,9.772426330606445
150796,14.541655964114756
150797,8.606690099659431
150798,5.356761477333705
150799,7.327247373238535
150800,9.980973879447141
150801,9.235784453016755
150802,8.802358736678803
150803,8.11600137217922
150804,14.645171607683855
150805,10.629494786878931
150806,10.698101422416169
150807,9.944645657177057
150808,14.546093706878034
150809,8.158114103638109
150810,10.040843985919722
150811,12.079535360944838
150812,10.398859555182737
150813,11.492656997562827
150814,7.874108403905959
150815,8.661128917765618
150816,13.51740597301939
150817,8.494509824839357
150818,8.429337910317228
150819,6.734729463647547
150820,11.303985818868053
150821,8.332392125593298
150822,9.267930216132587
150823,12.401974059270268
150824,7.674723636951626
150825,9.757161628927532
150826,9.96608704687522
150827,7.399047445974839
150828,11.066796451807805
150829,10.361399944446509
150830,8.203447613936197
150831,15.085449678478682
150832,8.173851516530931
150833,7.035911124514203
150834,8.640142067919882
150835,9.958212042228755
150836,8.283525975614637
150837,9.357774758188715
150838,12.047008778108752
150839,10.051991532271026
150840,7.69527561312742
150841,9.223093137893553
150842,12.38506215634058
150843,8.763157943355385
150844,8.860752258210123
150845,7.552343372850077
150846,8.46550714060217
150847,10.138397789945403
150848,9.07469396603022
150849,9.12073902591899
150850,11.677496363775354
150851,9.342804455279644
150852,10.943284680562844
150853,6.838987596913467
150854,10.231413508925863
150855,9.957069181720898
150856,9.851512944940684
150857,11.319618817979649
150858,7.227523432248207
150859,7.006992299916687
150860,16.809495420168595
150861,6.44255701412906
150862,11.040078640104547
150863,7.653105485145986
150864,15.408206354406579
150865,13.884379485713415
150866,10.080350109750706
150867,7.042394261872874
150868,13.518181476348914
150869,11.33142013375387
150870,10.195619358162308
150871,10.370595077511615
150872,9.215292696768424
150873,12.331088109832335
150874,11.415098695250148
150875,6.104840195653066
150876,7.237514467221341
150877,12.139312608124094
150878,13.055865790293627
150879,13.259294842416159
150880,12.018306262324122
150881,11.811584334103584
150882,8.143570617847887
150883,16.132022344127854
150884,9.47045444639122
150885,7.952151527372552
150886,7.0886615054765745
150887,12.132323851111817
150888,3.979570406156042
150889,10.081989977254432
150890,10.259760167699898
150891,7.30651664632759
150892,15.233708173966198
150893,16.230074810615584
150894,6.8108947946694425
150895,9.69465352117554
150896,8.825805583509801
150897,9.483721566764558
150898,13.026965723283137
150899,10.97697824682658
150900,13.053869872503043
150901,9.433326412426215
150902,10.128359376092943
150903,8.460941846451714
150904,11.051796843612536
150905,7.142426109311508
150906,13.504267028928862
150907,9.956153242888245
150908,13.88767444625799
150909,4.76761448371119
150910,15.91903364914188
150911,10.880084091747614
150912,4.27728150778617
150913,9.55062610832142
150914,8.203899342904517
150915,11.694826823659067
150916,7.901191368829115
150917,11.350659913115297
150918,11.119751791249419
150919,7.373324074354518
150920,7.603176751564862
150921,7.0172125640783864
150922,9.289151896620783
150923,9.805066552679813
150924,8.938326017868214
150925,12.088933565817586
150926,7.592305875175816
150927,10.365879323361014
150928,8.383203028869607
150929,11.90582637983984
150930,7.5269989798041035
150931,8.466268477030628
150932,4.965404778948141
150933,13.294422176051034
150934,6.8148168850130615
150935,8.487760095546655
150936,9.609563214189949
150937,10.745835596871101
150938,15.561081930795712
150939,12.255926963833367
150940,9.393664640826367
150941,9.776793324496435
150942,8.974869768721948
150943,12.200656957905773
150944,7.579832065019943
150945,6.846549011393497
150946,9.847308837222343
150947,9.845212058819353
150948,9.56773333815259
150949,8.256328284061183
150950,8.747820213222198
150951,5.983491410550699
150952,13.070216084266386
150953,9.551130882828877
150954,8.317423412581677
150955,6.82426375431683
150956,12.2106111863731
150957,9.350787028500354
150958,11.869509506658279
150959,9.216908152758277
150960,9.44959228130405
150961,6.633645031176867
150962,14.096965568685544
150963,10.519226162453228
150964,8.592273182380195
150965,7.507994915297711
150966,6.054389799131609
150967,8.672638542680415
150968,7.21969179016538
150969,9.089588748291025
150970,11.256004404734876
150971,9.396612403690117
150972,7.586676972490063
150973,10.00211590551738
150974,9.291188816056941
150975,7.472356745783012
150976,9.403052324622465
150977,7.890607844244047
150978,16.00991153238496
150979,11.717372647935266
150980,10.402926542885558
150981,8.607660039421233
150982,11.399081290394589
150983,14.068192264421203
150984,10.633533258210624
150985,9.037075551124442
150986,9.661884324704426
150987,5.56617053491099
150988,10.299002440484868
150989,11.30817014394512
150990,6.9840784314817785
150991,10.05121177854404
150992,6.8487527204514915
150993,10.148917579314995
150994,9.707640632061551
150995,8.97269516348794
150996,9.73310088203202
150997,9.251436782549586
150998,7.244779253128241
150999,7.786122103924926
151000,9.725244888397878
151001,7.828066487486974
151002,13.100542796534532
151003,11.316503188908221
151004,10.651150142805212
151005,9.33697032827077
151006,10.000753387895022
151007,7.055499871772982
151008,5.524592822598835
151009,7.871474987132872
151010,15.414709527227856
151011,7.059299524766649
151012,8.032274722763182
151013,10.70332425765184
151014,9.175018457696464
151015,8.515093235411223
151016,13.66312971392722
151017,6.949322563700056
151018,11.398246628604362
151019,10.489368861658722
151020,12.521588709506956
151021,6.364621940299696
151022,9.219014828830922
151023,11.426125963856851
151024,13.69157331989029
151025,8.334480218610201
